294.0	225.0
292.0	230.0
289.0	235.0
286.0	233.0
285.0	226.0
288.0	218.0
294.0	216.0
297.0	212.0
289.0	215.0
295.0	218.0
293.0	213.0
286.0	215.0
294.0	223.0
288.0	225.0
295.0	222.0
292.0	215.0
295.0	224.0
298.0	216.0
289.0	220.0
298.0	211.0
308.0	216.0
312.0	212.0
312.0	207.0
310.0	212.0
310.0	206.0
318.0	199.0
325.0	197.0
325.0	204.0
331.0	203.0
334.0	206.0
330.0	204.0
329.0	198.0
335.0	203.0
335.0	208.0
340.0	210.0
344.0	208.0
348.0	210.0
346.0	215.0
343.0	213.0
341.0	217.0
345.0	220.0
349.0	216.0
345.0	212.0
348.0	208.0
341.0	213.0
346.0	210.0
351.0	217.0
347.0	224.0
346.0	218.0
339.0	216.0
332.0	218.0
331.0	223.0
329.0	214.0
337.0	210.0
338.0	204.0
332.0	201.0
336.0	208.0
329.0	207.0
336.0	202.0
332.0	213.0
333.0	223.0
343.0	221.0
344.0	229.0
351.0	232.0
346.0	233.0
348.0	226.0
350.0	234.0
350.0	242.0
351.0	234.0
344.0	224.0
353.0	221.0
353.0	235.0
351.0	249.0
365.0	261.0
372.0	263.0
376.0	258.0
374.0	253.0
372.0	258.0
367.0	260.0
372.0	254.0
373.0	260.0
365.0	263.0
372.0	269.0
363.0	272.0
358.0	275.0
361.0	278.0
366.0	276.0
359.0	277.0
361.0	282.0
369.0	274.0
376.0	267.0
385.0	260.0
387.0	255.0
394.0	255.0
398.0	247.0
390.0	250.0
397.0	252.0
388.0	257.0
380.0	255.0
374.0	255.0
368.0	258.0
378.0	252.0
374.0	247.0
379.0	250.0
373.0	247.0
376.0	241.0
379.0	245.0
378.0	239.0
373.0	238.0
381.0	242.0
387.0	244.0
388.0	238.0
394.0	238.0
391.0	244.0
393.0	248.0
387.0	254.0
379.0	257.0
373.0	250.0
382.0	243.0
388.0	241.0
394.0	243.0
388.0	235.0
392.0	229.0
387.0	227.0
385.0	220.0
384.0	213.0
378.0	213.0
380.0	210.0
380.0	215.0
384.0	211.0
376.0	211.0
374.0	207.0
378.0	210.0
380.0	204.0
375.0	199.0
375.0	193.0
376.0	188.0
370.0	191.0
371.0	186.0
366.0	187.0
371.0	184.0
367.0	189.0
361.0	193.0
359.0	198.0
365.0	196.0
372.0	195.0
369.0	189.0
361.0	185.0
363.0	190.0
361.0	182.0
356.0	180.0
351.0	179.0
351.0	174.0
356.0	171.0
353.0	172.0
358.0	170.0
354.0	169.0
349.0	172.0
344.0	169.0
338.0	168.0
344.0	174.0
351.0	176.0
358.0	173.0
359.0	168.0
364.0	167.0
361.0	170.0
363.0	175.0
359.0	171.0
361.0	178.0
366.0	178.0
363.0	173.0
368.0	167.0
364.0	163.0
367.0	159.0
366.0	165.0
361.0	161.0
361.0	156.0
358.0	152.0
352.0	149.0
346.0	150.0
350.0	149.0
346.0	154.0
345.0	158.0
341.0	160.0
348.0	159.0
349.0	164.0
345.0	170.0
353.0	166.0
349.0	159.0
343.0	156.0
338.0	158.0
339.0	152.0
337.0	155.0
342.0	152.0
338.0	150.0
335.0	147.0
335.0	152.0
331.0	149.0
325.0	149.0
331.0	146.0
334.0	141.0
337.0	144.0
342.0	142.0
338.0	139.0
333.0	140.0
334.0	145.0
328.0	148.0
322.0	146.0
330.0	140.0
324.0	141.0
329.0	134.0
329.0	127.0
326.0	121.0
334.0	120.0
331.0	126.0
338.0	127.0
333.0	131.0
331.0	138.0
336.0	131.0
340.0	136.0
333.0	136.0
327.0	142.0
332.0	151.0
324.0	148.0
339.0	149.0
340.0	143.0
345.0	147.0
344.0	153.0
338.0	154.0
347.0	156.0
343.0	162.0
348.0	154.0
343.0	149.0
351.0	154.0
357.0	151.0
356.0	159.0
362.0	159.0
363.0	165.0
357.0	169.0
357.0	179.0
364.0	181.0
370.0	180.0
372.0	172.0
366.0	168.0
368.0	160.0
358.0	160.0
364.0	157.0
355.0	154.0
347.0	152.0
337.0	152.0
345.0	145.0
345.0	134.0
337.0	129.0
330.0	123.0
338.0	125.0
336.0	137.0
342.0	129.0
330.0	119.0
329.0	111.0
327.0	106.0
326.0	111.0
326.0	105.0
321.0	103.0
325.0	108.0
332.0	111.0
326.0	116.0
322.0	105.0
318.0	97.0
319.0	92.0
316.0	95.0
322.0	97.0
317.0	92.0
321.0	89.0
317.0	87.0
318.0	82.0
314.0	79.0
310.0	75.0
306.0	72.0
311.0	72.0
316.0	73.0
317.0	68.0
319.0	62.0
314.0	55.0
313.0	62.0
308.0	57.0
304.0	61.0
302.0	65.0
303.0	70.0
305.0	74.0
301.0	69.0
298.0	74.0
299.0	67.0
301.0	61.0
295.0	59.0
301.0	58.0
298.0	63.0
291.0	67.0
290.0	60.0
287.0	54.0
293.0	57.0
294.0	50.0
294.0	45.0
288.0	42.0
281.0	44.0
277.0	42.0
274.0	39.0
278.0	43.0
274.0	40.0
272.0	34.0
272.0	26.0
274.0	19.0
272.0	13.0
268.0	10.0
262.0	12.0
259.0	17.0
264.0	20.0
267.0	15.0
264.0	9.0
271.0	11.0
264.0	7.0
255.0	12.0
252.0	7.0
258.0	11.0
252.0	17.0
249.0	21.0
250.0	16.0
249.0	10.0
246.0	16.0
246.0	11.0
241.0	13.0
240.0	9.0
242.0	4.0
236.0	4.0
231.0	3.0
233.0	6.0
238.0	7.0
234.0	12.0
238.0	15.0
238.0	10.0
240.0	16.0
235.0	13.0
229.0	17.0
225.0	20.0
227.0	17.0
223.0	15.0
227.0	14.0
232.0	11.0
231.0	5.0
226.0	1.0
220.0	5.0
214.0	9.0
220.0	9.0
225.0	13.0
219.0	14.0
223.0	18.0
228.0	20.0
225.0	25.0
229.0	22.0
231.0	28.0
236.0	30.0
242.0	29.0
238.0	32.0
232.0	34.0
239.0	29.0
238.0	23.0
234.0	29.0
229.0	34.0
222.0	30.0
217.0	29.0
212.0	31.0
209.0	35.0
214.0	31.0
215.0	38.0
209.0	43.0
205.0	41.0
202.0	45.0
196.0	41.0
202.0	42.0
209.0	41.0
208.0	35.0
204.0	42.0
203.0	50.0
196.0	53.0
194.0	44.0
193.0	38.0
188.0	36.0
192.0	30.0
196.0	26.0
191.0	29.0
196.0	24.0
196.0	18.0
201.0	21.0
206.0	21.0
204.0	25.0
202.0	29.0
198.0	30.0
193.0	27.0
201.0	27.0
205.0	23.0
210.0	25.0
211.0	29.0
208.0	23.0
212.0	27.0
218.0	25.0
214.0	29.0
207.0	26.0
207.0	18.0
204.0	23.0
203.0	31.0
208.0	39.0
205.0	48.0
197.0	54.0
208.0	51.0
216.0	47.0
205.0	44.0
194.0	47.0
191.0	39.0
187.0	44.0
182.0	40.0
177.0	39.0
181.0	38.0
182.0	44.0
176.0	48.0
180.0	43.0
173.0	45.0
172.0	39.0
169.0	36.0
174.0	37.0
175.0	42.0
168.0	42.0
169.0	38.0
173.0	42.0
174.0	35.0
179.0	33.0
173.0	34.0
172.0	41.0
167.0	46.0
164.0	49.0
164.0	44.0
165.0	48.0
171.0	48.0
162.0	47.0
158.0	42.0
153.0	45.0
148.0	47.0
153.0	49.0
154.0	42.0
150.0	47.0
148.0	39.0
141.0	38.0
140.0	48.0
135.0	48.0
136.0	55.0
140.0	55.0
144.0	53.0
138.0	52.0
143.0	48.0
140.0	41.0
129.0	41.0
123.0	35.0
120.0	29.0
121.0	22.0
121.0	32.0
120.0	24.0
121.0	35.0
113.0	43.0
120.0	48.0
111.0	48.0
114.0	55.0
119.0	58.0
124.0	60.0
129.0	60.0
134.0	58.0
138.0	55.0
138.0	61.0
139.0	57.0
136.0	62.0
138.0	66.0
134.0	62.0
134.0	67.0
135.0	71.0
135.0	65.0
136.0	60.0
132.0	65.0
127.0	64.0
121.0	64.0
120.0	69.0
120.0	73.0
115.0	73.0
112.0	77.0
111.0	74.0
106.0	74.0
107.0	79.0
110.0	75.0
113.0	79.0
114.0	83.0
108.0	84.0
108.0	79.0
103.0	82.0
107.0	85.0
112.0	85.0
110.0	79.0
104.0	80.0
105.0	87.0
108.0	82.0
115.0	79.0
120.0	80.0
115.0	77.0
117.0	70.0
122.0	70.0
125.0	75.0
121.0	72.0
118.0	78.0
113.0	73.0
118.0	68.0
123.0	62.0
129.0	65.0
126.0	59.0
119.0	54.0
111.0	52.0
116.0	58.0
110.0	61.0
110.0	56.0
107.0	62.0
107.0	57.0
104.0	63.0
104.0	68.0
108.0	65.0
108.0	70.0
106.0	64.0
104.0	69.0
104.0	77.0
99.0	70.0
100.0	78.0
106.0	86.0
108.0	93.0
109.0	98.0
104.0	98.0
101.0	100.0
98.0	96.0
102.0	91.0
109.0	91.0
103.0	88.0
105.0	96.0
103.0	102.0
107.0	99.0
100.0	101.0
99.0	106.0
102.0	110.0
103.0	106.0
99.0	111.0
94.0	112.0
92.0	116.0
88.0	113.0
87.0	117.0
88.0	112.0
93.0	110.0
95.0	105.0
98.0	110.0
97.0	116.0
94.0	120.0
88.0	123.0
87.0	130.0
93.0	130.0
89.0	125.0
90.0	117.0
87.0	111.0
83.0	115.0
89.0	115.0
88.0	107.0
83.0	104.0
88.0	103.0
91.0	106.0
96.0	102.0
90.0	99.0
96.0	99.0
105.0	100.0
98.0	99.0
94.0	108.0
86.0	105.0
80.0	104.0
83.0	109.0
81.0	116.0
74.0	116.0
72.0	112.0
73.0	108.0
75.0	112.0
72.0	109.0
68.0	110.0
67.0	113.0
70.0	108.0
65.0	107.0
64.0	113.0
70.0	112.0
74.0	117.0
74.0	110.0
76.0	115.0
82.0	119.0
73.0	118.0
77.0	111.0
77.0	104.0
78.0	98.0
84.0	95.0
80.0	99.0
81.0	106.0
81.0	98.0
87.0	95.0
85.0	101.0
77.0	101.0
87.0	100.0
89.0	91.0
82.0	97.0
75.0	107.0
66.0	109.0
61.0	115.0
56.0	118.0
52.0	120.0
56.0	123.0
51.0	127.0
48.0	122.0
54.0	122.0
48.0	124.0
56.0	127.0
62.0	132.0
65.0	128.0
59.0	130.0
56.0	136.0
58.0	132.0
58.0	139.0
54.0	136.0
54.0	144.0
56.0	140.0
53.0	146.0
58.0	145.0
62.0	149.0
64.0	153.0
61.0	157.0
57.0	159.0
56.0	155.0
53.0	159.0
58.0	160.0
55.0	165.0
52.0	169.0
57.0	174.0
61.0	170.0
68.0	168.0
75.0	167.0
80.0	169.0
80.0	173.0
82.0	179.0
76.0	182.0
69.0	183.0
62.0	182.0
58.0	188.0
55.0	193.0
59.0	196.0
59.0	203.0
51.0	204.0
51.0	198.0
57.0	199.0
52.0	195.0
55.0	189.0
57.0	184.0
58.0	177.0
57.0	170.0
57.0	162.0
59.0	156.0
65.0	159.0
71.0	162.0
66.0	161.0
68.0	154.0
72.0	158.0
66.0	156.0
69.0	149.0
65.0	152.0
65.0	145.0
65.0	140.0
68.0	144.0
73.0	147.0
75.0	151.0
79.0	149.0
76.0	154.0
79.0	160.0
77.0	155.0
72.0	160.0
78.0	167.0
74.0	171.0
82.0	172.0
85.0	177.0
90.0	182.0
87.0	179.0
89.0	185.0
85.0	189.0
82.0	184.0
88.0	183.0
91.0	177.0
94.0	183.0
95.0	191.0
91.0	194.0
88.0	197.0
94.0	198.0
94.0	193.0
100.0	193.0
93.0	192.0
88.0	196.0
88.0	203.0
93.0	201.0
87.0	201.0
89.0	194.0
97.0	197.0
92.0	202.0
92.0	209.0
86.0	211.0
88.0	217.0
88.0	209.0
94.0	203.0
101.0	197.0
109.0	192.0
113.0	189.0
114.0	193.0
118.0	189.0
113.0	191.0
118.0	191.0
125.0	192.0
126.0	201.0
117.0	194.0
108.0	195.0
100.0	199.0
90.0	191.0
92.0	183.0
93.0	175.0
84.0	172.0
92.0	173.0
85.0	167.0
80.0	172.0
72.0	172.0
63.0	168.0
73.0	162.0
81.0	164.0
75.0	161.0
82.0	166.0
86.0	158.0
79.0	157.0
86.0	162.0
77.0	162.0
76.0	150.0
75.0	143.0
81.0	141.0
78.0	135.0
75.0	141.0
70.0	136.0
65.0	138.0
61.0	134.0
57.0	140.0
61.0	145.0
59.0	151.0
57.0	157.0
51.0	154.0
51.0	162.0
57.0	154.0
53.0	162.0
55.0	150.0
62.0	153.0
69.0	146.0
67.0	152.0
57.0	147.0
54.0	154.0
43.0	152.0
40.0	157.0
32.0	152.0
38.0	143.0
42.0	146.0
40.0	143.0
43.0	139.0
41.0	145.0
41.0	140.0
44.0	146.0
42.0	151.0
42.0	144.0
50.0	146.0
41.0	148.0
51.0	145.0
60.0	142.0
55.0	138.0
64.0	143.0
69.0	150.0
79.0	146.0
79.0	137.0
88.0	139.0
94.0	145.0
88.0	146.0
86.0	153.0
95.0	153.0
94.0	160.0
97.0	150.0
101.0	142.0
105.0	142.0
103.0	137.0
107.0	139.0
101.0	139.0
102.0	144.0
95.0	148.0
98.0	140.0
100.0	135.0
96.0	138.0
103.0	139.0
98.0	133.0
103.0	134.0
96.0	136.0
99.0	128.0
97.0	120.0
103.0	125.0
110.0	128.0
113.0	136.0
112.0	129.0
103.0	130.0
111.0	137.0
113.0	128.0
112.0	138.0
122.0	131.0
126.0	127.0
129.0	131.0
121.0	126.0
130.0	129.0
117.0	125.0
128.0	129.0
110.0	139.0
98.0	148.0
89.0	156.0
79.0	152.0
89.0	148.0
76.0	148.0
87.0	143.0
93.0	156.0
95.0	141.0
88.0	152.0
92.0	169.0
82.0	162.0
76.0	177.0
69.0	185.0
76.0	189.0
68.0	187.0
58.0	179.0
54.0	186.0
54.0	179.0
46.0	186.0
53.0	181.0
46.0	189.0
53.0	194.0
56.0	201.0
56.0	192.0
49.0	200.0
59.0	201.0
46.0	207.0
42.0	198.0
52.0	190.0
53.0	176.0
59.0	164.0
64.0	147.0
67.0	134.0
63.0	139.0
72.0	134.0
76.0	127.0
69.0	129.0
67.0	121.0
61.0	125.0
69.0	125.0
62.0	118.0
59.0	111.0
58.0	119.0
50.0	120.0
43.0	116.0
56.0	121.0
61.0	131.0
72.0	124.0
81.0	130.0
73.0	137.0
72.0	148.0
71.0	131.0
84.0	127.0
86.0	115.0
95.0	120.0
91.0	112.0
102.0	113.0
105.0	109.0
107.0	104.0
106.0	97.0
113.0	105.0
106.0	112.0
103.0	118.0
104.0	111.0
96.0	111.0
92.0	102.0
104.0	95.0
115.0	97.0
109.0	89.0
99.0	85.0
93.0	86.0
97.0	83.0
89.0	89.0
96.0	80.0
106.0	69.0
111.0	76.0
115.0	66.0
109.0	72.0
115.0	81.0
119.0	90.0
123.0	81.0
129.0	78.0
126.0	82.0
133.0	78.0
137.0	71.0
131.0	67.0
129.0	73.0
126.0	79.0
129.0	71.0
127.0	80.0
126.0	70.0
122.0	61.0
133.0	61.0
141.0	56.0
136.0	64.0
144.0	55.0
138.0	45.0
144.0	35.0
147.0	50.0
141.0	61.0
132.0	73.0
119.0	66.0
112.0	60.0
105.0	54.0
107.0	48.0
107.0	59.0
109.0	67.0
98.0	63.0
94.0	59.0
94.0	64.0
93.0	57.0
99.0	55.0
92.0	56.0
96.0	62.0
100.0	57.0
106.0	51.0
111.0	63.0
116.0	75.0
113.0	89.0
97.0	88.0
99.0	103.0
110.0	110.0
98.0	114.0
88.0	120.0
101.0	116.0
102.0	132.0
100.0	119.0
85.0	125.0
99.0	132.0
105.0	114.0
89.0	101.0
94.0	83.0
95.0	64.0
98.0	57.0
89.0	62.0
95.0	58.0
103.0	51.0
108.0	37.0
122.0	38.0
110.0	42.0
123.0	33.0
118.0	17.0
118.0	25.0
122.0	11.0
126.0	8.0
121.0	9.0
123.0	16.0
133.0	11.0
128.0	5.0
125.0	10.0
132.0	10.0
131.0	2.0
135.0	10.0
128.0	4.0
120.0	11.0
133.0	2.0
144.0	6.0
125.0	4.0
141.0	6.0
122.0	15.0
144.0	8.0
152.0	37.0
162.0	34.0
166.0	42.0
161.0	38.0
165.0	46.0
168.0	39.0
177.0	36.0
170.0	32.0
166.0	40.0
175.0	33.0
171.0	26.0
183.0	27.0
187.0	21.0
189.0	15.0
191.0	11.0
186.0	12.0
182.0	15.0
186.0	14.0
191.0	15.0
193.0	9.0
189.0	13.0
196.0	16.0
202.0	18.0
196.0	17.0
202.0	13.0
199.0	18.0
208.0	16.0
202.0	15.0
198.0	8.0
195.0	4.0
202.0	5.0
201.0	10.0
198.0	15.0
189.0	18.0
185.0	26.0
183.0	17.0
182.0	24.0
174.0	26.0
182.0	16.0
190.0	9.0
181.0	13.0
195.0	7.0
204.0	5.0
209.0	8.0
216.0	8.0
213.0	1.0
211.0	12.0
213.0	19.0
217.0	15.0
210.0	16.0
212.0	8.0
219.0	1.0
231.0	1.0
224.0	6.0
214.0	6.0
205.0	14.0
195.0	20.0
202.0	9.0
209.0	22.0
218.0	15.0
216.0	23.0
219.0	31.0
210.0	35.0
213.0	23.0
204.0	29.0
190.0	33.0
182.0	30.0
172.0	29.0
180.0	16.0
193.0	4.0
208.0	3.0
221.0	16.0
222.0	24.0
225.0	29.0
226.0	23.0
227.0	30.0
226.0	20.0
233.0	24.0
225.0	27.0
232.0	17.0
241.0	19.0
246.0	25.0
252.0	28.0
260.0	29.0
259.0	36.0
252.0	37.0
255.0	29.0
248.0	26.0
243.0	20.0
239.0	26.0
230.0	31.0
229.0	45.0
236.0	50.0
242.0	53.0
234.0	54.0
227.0	53.0
235.0	58.0
242.0	55.0
246.0	61.0
245.0	54.0
241.0	62.0
251.0	61.0
240.0	58.0
229.0	55.0
239.0	60.0
234.0	48.0
242.0	63.0
230.0	51.0
211.0	46.0
200.0	33.0
192.0	41.0
182.0	48.0
190.0	46.0
190.0	36.0
199.0	29.0
211.0	43.0
220.0	27.0
228.0	11.0
229.0	1.0
242.0	7.0
234.0	2.0
234.0	15.0
224.0	17.0
229.0	6.0
243.0	14.0
248.0	7.0
254.0	15.0
253.0	22.0
261.0	24.0
255.0	24.0
262.0	27.0
257.0	20.0
266.0	24.0
263.0	18.0
269.0	24.0
262.0	22.0
270.0	15.0
276.0	22.0
277.0	15.0
282.0	23.0
288.0	27.0
283.0	32.0
282.0	39.0
278.0	45.0
284.0	44.0
291.0	47.0
294.0	54.0
298.0	48.0
303.0	45.0
305.0	40.0
297.0	39.0
305.0	42.0
297.0	36.0
301.0	46.0
303.0	53.0
304.0	47.0
303.0	56.0
310.0	57.0
318.0	59.0
308.0	60.0
313.0	67.0
307.0	71.0
313.0	72.0
311.0	78.0
317.0	74.0
310.0	69.0
302.0	73.0
306.0	80.0
317.0	77.0
323.0	81.0
324.0	86.0
327.0	90.0
321.0	93.0
314.0	93.0
315.0	83.0
320.0	81.0
323.0	87.0
325.0	92.0
326.0	100.0
329.0	95.0
331.0	102.0
335.0	102.0
332.0	99.0
327.0	103.0
330.0	97.0
324.0	90.0
316.0	88.0
320.0	95.0
330.0	100.0
321.0	101.0
327.0	113.0
333.0	101.0
340.0	106.0
337.0	101.0
342.0	109.0
333.0	104.0
333.0	115.0
344.0	110.0
330.0	110.0
336.0	123.0
327.0	137.0
340.0	139.0
328.0	150.0
338.0	140.0
326.0	130.0
348.0	135.0
352.0	116.0
343.0	134.0
326.0	119.0
348.0	108.0
326.0	88.0
320.0	76.0
310.0	83.0
315.0	92.0
329.0	105.0
319.0	84.0
308.0	73.0
313.0	65.0
305.0	57.0
313.0	51.0
302.0	44.0
292.0	50.0
287.0	58.0
296.0	65.0
305.0	67.0
294.0	72.0
283.0	69.0
272.0	67.0
276.0	72.0
271.0	68.0
265.0	66.0
259.0	66.0
260.0	73.0
262.0	68.0
262.0	74.0
264.0	69.0
263.0	76.0
270.0	73.0
272.0	80.0
279.0	78.0
274.0	77.0
267.0	72.0
259.0	71.0
272.0	73.0
278.0	81.0
280.0	90.0
276.0	78.0
267.0	70.0
277.0	79.0
260.0	75.0
280.0	79.0
297.0	70.0
305.0	59.0
300.0	70.0
317.0	71.0
312.0	86.0
297.0	102.0
320.0	85.0
337.0	104.0
318.0	80.0
293.0	64.0
297.0	50.0
285.0	50.0
284.0	39.0
278.0	47.0
272.0	42.0
269.0	48.0
269.0	43.0
265.0	48.0
267.0	41.0
262.0	47.0
259.0	39.0
267.0	37.0
264.0	29.0
272.0	37.0
281.0	36.0
275.0	45.0
268.0	50.0
275.0	42.0
283.0	34.0
293.0	30.0
304.0	37.0
315.0	52.0
289.0	55.0
301.0	54.0
282.0	54.0
270.0	50.0
261.0	41.0
267.0	49.0
266.0	35.0
267.0	20.0
261.0	10.0
272.0	18.0
267.0	30.0
283.0	28.0
282.0	18.0
273.0	28.0
276.0	12.0
258.0	18.0
257.0	7.0
242.0	10.0
237.0	17.0
228.0	26.0
242.0	17.0
238.0	4.0
253.0	19.0
244.0	31.0
254.0	36.0
251.0	23.0
248.0	37.0
257.0	50.0
258.0	64.0
244.0	75.0
259.0	51.0
274.0	49.0
279.0	68.0
273.0	50.0
255.0	38.0
236.0	41.0
223.0	52.0
249.0	57.0
269.0	66.0
285.0	84.0
261.0	70.0
264.0	38.0
242.0	31.0
238.0	55.0
209.0	48.0
194.0	35.0
179.0	42.0
170.0	52.0
178.0	56.0
165.0	56.0
160.0	44.0
167.0	53.0
182.0	50.0
197.0	56.0
173.0	58.0
190.0	49.0
187.0	28.0
183.0	13.0
199.0	31.0
201.0	7.0
184.0	21.0
206.0	2.0
231.0	9.0
249.0	14.0
275.0	15.0
293.0	33.0
302.0	48.0
287.0	64.0
309.0	68.0
287.0	46.0
282.0	20.0
248.0	15.0
219.0	21.0
196.0	39.0
217.0	17.0
231.0	46.0
246.0	4.0
284.0	28.0
247.0	36.0
215.0	52.0
222.0	13.0
250.0	55.0
286.0	24.0
321.0	62.0
290.0	30.0
282.0	81.0
323.0	84.0
300.0	51.0
244.0	27.0
184.0	53.0
159.0	48.0
143.0	45.0
134.0	55.0
140.0	67.0
132.0	49.0
126.0	37.0
107.0	45.0
95.0	32.0
85.0	50.0
89.0	64.0
88.0	76.0
75.0	72.0
86.0	57.0
101.0	60.0
84.0	67.0
102.0	64.0
92.0	82.0
74.0	68.0
67.0	93.0
60.0	108.0
53.0	116.0
46.0	127.0
46.0	135.0
39.0	134.0
45.0	142.0
42.0	132.0
46.0	125.0
37.0	135.0
38.0	151.0
43.0	135.0
56.0	145.0
46.0	133.0
37.0	117.0
63.0	121.0
69.0	109.0
57.0	114.0
45.0	126.0
70.0	123.0
62.0	136.0
52.0	157.0
68.0	165.0
66.0	182.0
55.0	172.0
43.0	190.0
58.0	203.0
53.0	188.0
47.0	205.0
39.0	191.0
58.0	208.0
44.0	210.0
36.0	229.0
52.0	253.0
61.0	252.0
66.0	250.0
62.0	254.0
56.0	256.0
64.0	251.0
59.0	256.0
69.0	256.0
69.0	249.0
75.0	245.0
87.0	252.0
89.0	264.0
88.0	255.0
89.0	243.0
88.0	230.0
88.0	238.0
86.0	223.0
89.0	233.0
72.0	225.0
71.0	217.0
66.0	217.0
72.0	220.0
72.0	213.0
73.0	222.0
65.0	217.0
72.0	211.0
79.0	199.0
89.0	202.0
86.0	213.0
73.0	219.0
89.0	223.0
88.0	207.0
79.0	195.0
70.0	189.0
73.0	175.0
85.0	185.0
92.0	180.0
86.0	169.0
104.0	171.0
111.0	173.0
115.0	169.0
110.0	168.0
115.0	163.0
119.0	168.0
124.0	166.0
127.0	172.0
125.0	177.0
129.0	172.0
134.0	174.0
138.0	172.0
136.0	175.0
141.0	175.0
137.0	170.0
131.0	169.0
128.0	163.0
121.0	156.0
115.0	166.0
121.0	166.0
128.0	168.0
120.0	172.0
118.0	179.0
124.0	185.0
120.0	192.0
110.0	189.0
116.0	188.0
123.0	186.0
131.0	179.0
138.0	181.0
141.0	173.0
146.0	169.0
145.0	164.0
150.0	168.0
148.0	172.0
148.0	166.0
146.0	162.0
149.0	170.0
152.0	165.0
149.0	175.0
154.0	171.0
145.0	166.0
140.0	174.0
133.0	178.0
140.0	179.0
147.0	183.0
150.0	186.0
147.0	181.0
140.0	184.0
147.0	179.0
145.0	186.0
151.0	189.0
148.0	197.0
147.0	204.0
138.0	205.0
145.0	203.0
139.0	197.0
146.0	201.0
150.0	192.0
140.0	193.0
137.0	203.0
128.0	203.0
135.0	214.0
141.0	212.0
137.0	220.0
132.0	221.0
134.0	226.0
129.0	231.0
126.0	236.0
125.0	243.0
130.0	241.0
132.0	246.0
132.0	240.0
130.0	235.0
136.0	235.0
129.0	233.0
133.0	240.0
133.0	232.0
125.0	238.0
128.0	247.0
136.0	250.0
144.0	253.0
142.0	246.0
136.0	254.0
140.0	242.0
138.0	254.0
137.0	241.0
126.0	246.0
135.0	237.0
124.0	241.0
131.0	226.0
137.0	215.0
133.0	223.0
137.0	208.0
134.0	218.0
126.0	205.0
143.0	208.0
143.0	192.0
150.0	182.0
148.0	191.0
144.0	205.0
125.0	203.0
111.0	191.0
104.0	184.0
95.0	186.0
85.0	191.0
82.0	180.0
66.0	179.0
77.0	196.0
70.0	214.0
89.0	208.0
82.0	190.0
96.0	200.0
87.0	187.0
105.0	189.0
103.0	178.0
111.0	183.0
121.0	185.0
128.0	178.0
119.0	176.0
117.0	167.0
117.0	176.0
113.0	186.0
112.0	171.0
117.0	164.0
125.0	172.0
126.0	161.0
119.0	174.0
129.0	183.0
143.0	188.0
154.0	177.0
140.0	177.0
148.0	185.0
135.0	171.0
148.0	178.0
131.0	174.0
113.0	169.0
109.0	187.0
94.0	180.0
109.0	175.0
128.0	182.0
104.0	187.0
112.0	162.0
133.0	172.0
150.0	164.0
138.0	195.0
134.0	222.0
131.0	244.0
122.0	259.0
107.0	273.0
100.0	266.0
91.0	274.0
88.0	268.0
87.0	256.0
87.0	270.0
90.0	282.0
90.0	287.0
93.0	293.0
101.0	289.0
105.0	296.0
96.0	300.0
99.0	310.0
108.0	306.0
100.0	308.0
103.0	298.0
102.0	311.0
106.0	319.0
110.0	312.0
101.0	314.0
109.0	324.0
115.0	328.0
113.0	332.0
120.0	333.0
120.0	340.0
119.0	346.0
117.0	339.0
111.0	333.0
118.0	328.0
117.0	322.0
112.0	317.0
115.0	325.0
108.0	325.0
117.0	330.0
115.0	322.0
119.0	334.0
110.0	330.0
117.0	343.0
126.0	348.0
128.0	353.0
121.0	349.0
115.0	339.0
131.0	337.0
138.0	336.0
141.0	340.0
137.0	346.0
139.0	340.0
135.0	345.0
132.0	338.0
137.0	332.0
130.0	331.0
121.0	334.0
133.0	337.0
136.0	329.0
136.0	319.0
130.0	329.0
138.0	338.0
144.0	348.0
137.0	350.0
129.0	352.0
134.0	344.0
127.0	352.0
136.0	360.0
141.0	357.0
145.0	352.0
151.0	358.0
148.0	365.0
143.0	359.0
147.0	353.0
145.0	363.0
137.0	364.0
133.0	358.0
139.0	365.0
144.0	372.0
138.0	364.0
146.0	372.0
146.0	361.0
140.0	352.0
153.0	358.0
163.0	360.0
157.0	361.0
166.0	358.0
158.0	359.0
169.0	352.0
175.0	347.0
174.0	341.0
180.0	338.0
179.0	332.0
176.0	337.0
182.0	333.0
181.0	327.0
180.0	323.0
184.0	326.0
186.0	322.0
189.0	327.0
194.0	322.0
198.0	316.0
190.0	309.0
185.0	309.0
187.0	305.0
189.0	301.0
186.0	307.0
184.0	313.0
184.0	306.0
193.0	304.0
191.0	299.0
191.0	292.0
194.0	287.0
189.0	289.0
187.0	284.0
192.0	285.0
199.0	285.0
206.0	288.0
209.0	293.0
207.0	298.0
201.0	301.0
193.0	298.0
190.0	304.0
190.0	312.0
192.0	319.0
187.0	326.0
186.0	332.0
190.0	324.0
181.0	326.0
185.0	330.0
178.0	325.0
184.0	321.0
182.0	330.0
179.0	321.0
188.0	318.0
180.0	325.0
170.0	326.0
164.0	330.0
167.0	323.0
164.0	315.0
171.0	311.0
169.0	322.0
162.0	315.0
160.0	307.0
156.0	301.0
158.0	294.0
156.0	289.0
159.0	292.0
159.0	298.0
161.0	291.0
158.0	286.0
153.0	285.0
152.0	290.0
150.0	285.0
147.0	291.0
143.0	291.0
138.0	289.0
133.0	287.0
139.0	285.0
138.0	279.0
133.0	285.0
139.0	281.0
147.0	287.0
151.0	281.0
159.0	279.0
161.0	285.0
155.0	287.0
150.0	292.0
144.0	294.0
139.0	296.0
133.0	297.0
129.0	296.0
134.0	295.0
132.0	301.0
127.0	298.0
122.0	294.0
121.0	288.0
117.0	291.0
113.0	285.0
119.0	288.0
122.0	283.0
123.0	289.0
126.0	283.0
127.0	292.0
131.0	297.0
137.0	291.0
145.0	291.0
145.0	298.0
144.0	289.0
153.0	292.0
162.0	293.0
169.0	292.0
166.0	289.0
166.0	284.0
171.0	287.0
174.0	289.0
169.0	287.0
172.0	282.0
178.0	285.0
174.0	282.0
178.0	288.0
182.0	293.0
181.0	287.0
178.0	292.0
170.0	288.0
174.0	293.0
170.0	284.0
179.0	283.0
186.0	286.0
184.0	291.0
193.0	295.0
200.0	299.0
194.0	296.0
187.0	291.0
190.0	282.0
182.0	289.0
175.0	282.0
168.0	290.0
161.0	281.0
168.0	288.0
157.0	285.0
165.0	292.0
158.0	283.0
171.0	289.0
184.0	282.0
197.0	288.0
190.0	286.0
198.0	277.0
203.0	291.0
208.0	287.0
211.0	293.0
205.0	296.0
211.0	290.0
210.0	299.0
198.0	302.0
195.0	293.0
204.0	300.0
199.0	289.0
213.0	291.0
204.0	285.0
196.0	302.0
184.0	295.0
189.0	310.0
187.0	322.0
180.0	336.0
171.0	328.0
165.0	334.0
154.0	338.0
138.0	333.0
128.0	318.0
133.0	306.0
129.0	313.0
134.0	302.0
134.0	313.0
131.0	295.0
135.0	286.0
141.0	292.0
136.0	283.0
125.0	281.0
115.0	283.0
115.0	276.0
117.0	288.0
117.0	277.0
124.0	288.0
113.0	286.0
101.0	284.0
92.0	282.0
89.0	276.0
88.0	266.0
90.0	253.0
100.0	269.0
90.0	277.0
101.0	281.0
91.0	284.0
101.0	293.0
106.0	304.0
115.0	319.0
134.0	319.0
116.0	324.0
128.0	308.0
111.0	315.0
125.0	297.0
139.0	292.0
141.0	279.0
129.0	288.0
129.0	303.0
109.0	310.0
91.0	292.0
107.0	300.0
93.0	285.0
100.0	267.0
89.0	249.0
90.0	269.0
71.0	254.0
54.0	254.0
70.0	252.0
48.0	253.0
37.0	221.0
66.0	220.0
44.0	211.0
48.0	185.0
45.0	152.0
68.0	140.0
73.0	114.0
74.0	132.0
79.0	109.0
86.0	92.0
79.0	113.0
89.0	133.0
108.0	110.0
124.0	126.0
112.0	108.0
124.0	130.0
124.0	157.0
104.0	174.0
103.0	141.0
126.0	129.0
119.0	95.0
127.0	75.0
121.0	60.0
126.0	46.0
147.0	37.0
163.0	55.0
179.0	38.0
151.0	45.0
174.0	31.0
199.0	5.0
139.0	8.0
156.0	45.0
124.0	46.0
133.0	69.0
140.0	50.0
141.0	75.0
112.0	66.0
122.0	44.0
94.0	30.0
124.0	12.0
126.0	51.0
97.0	33.0
82.0	64.0
100.0	39.0
122.0	74.0
94.0	88.0
84.0	64.0
122.0	58.0
155.0	38.0
121.0	84.0
88.0	55.0
68.0	95.0
108.0	101.0
117.0	135.0
107.0	171.0
142.0	160.0
93.0	165.0
81.0	198.0
65.0	222.0
51.0	201.0
86.0	220.0
98.0	193.0
67.0	218.0
65.0	249.0
87.0	228.0
98.0	259.0
88.0	233.0
126.0	244.0
150.0	253.0
161.0	248.0
162.0	257.0
151.0	252.0
164.0	248.0
175.0	243.0
163.0	246.0
178.0	243.0
165.0	246.0
147.0	252.0
169.0	244.0
188.0	247.0
175.0	226.0
180.0	244.0
172.0	223.0
158.0	247.0
143.0	271.0
149.0	291.0
157.0	280.0
176.0	279.0
159.0	260.0
161.0	289.0
146.0	296.0
161.0	300.0
158.0	311.0
159.0	301.0
171.0	307.0
186.0	308.0
198.0	293.0
187.0	281.0
162.0	295.0
172.0	313.0
158.0	319.0
155.0	305.0
155.0	281.0
159.0	310.0
181.0	316.0
167.0	327.0
178.0	330.0
174.0	343.0
169.0	350.0
177.0	342.0
168.0	335.0
171.0	348.0
170.0	335.0
162.0	317.0
135.0	322.0
122.0	342.0
142.0	345.0
124.0	346.0
137.0	362.0
124.0	353.0
117.0	325.0
139.0	354.0
146.0	375.0
157.0	378.0
160.0	387.0
160.0	379.0
169.0	383.0
174.0	387.0
176.0	383.0
181.0	381.0
188.0	379.0
199.0	373.0
210.0	364.0
216.0	360.0
206.0	366.0
213.0	362.0
223.0	355.0
210.0	363.0
225.0	352.0
237.0	344.0
241.0	337.0
235.0	345.0
245.0	334.0
240.0	341.0
247.0	330.0
244.0	337.0
253.0	327.0
254.0	321.0
256.0	316.0
252.0	322.0
256.0	317.0
260.0	310.0
264.0	316.0
260.0	308.0
269.0	312.0
260.0	319.0
251.0	325.0
260.0	321.0
249.0	327.0
265.0	314.0
261.0	303.0
263.0	292.0
268.0	287.0
265.0	282.0
271.0	279.0
272.0	271.0
265.0	270.0
262.0	275.0
265.0	267.0
270.0	274.0
267.0	268.0
266.0	278.0
265.0	287.0
267.0	277.0
266.0	289.0
260.0	301.0
273.0	308.0
264.0	298.0
265.0	285.0
280.0	293.0
281.0	299.0
286.0	293.0
282.0	297.0
286.0	290.0
284.0	296.0
276.0	303.0
262.0	296.0
278.0	300.0
286.0	285.0
292.0	282.0
285.0	283.0
283.0	290.0
287.0	277.0
292.0	284.0
298.0	276.0
292.0	269.0
296.0	277.0
288.0	283.0
294.0	274.0
289.0	262.0
292.0	253.0
290.0	260.0
294.0	247.0
292.0	254.0
291.0	244.0
297.0	240.0
293.0	236.0
293.0	241.0
292.0	234.0
286.0	235.0
294.0	239.0
294.0	232.0
300.0	239.0
288.0	244.0
300.0	242.0
294.0	256.0
291.0	238.0
302.0	241.0
286.0	229.0
292.0	244.0
292.0	264.0
301.0	278.0
288.0	274.0
307.0	277.0
320.0	274.0
326.0	274.0
322.0	273.0
327.0	272.0
331.0	274.0
324.0	273.0
324.0	267.0
319.0	268.0
314.0	266.0
318.0	261.0
317.0	264.0
321.0	261.0
321.0	266.0
325.0	270.0
319.0	271.0
327.0	271.0
320.0	267.0
314.0	272.0
325.0	274.0
333.0	266.0
328.0	275.0
330.0	264.0
343.0	264.0
349.0	277.0
352.0	270.0
359.0	272.0
354.0	273.0
361.0	276.0
369.0	271.0
355.0	271.0
346.0	276.0
336.0	278.0
345.0	279.0
335.0	277.0
350.0	271.0
339.0	280.0
357.0	270.0
368.0	256.0
384.0	259.0
388.0	248.0
380.0	241.0
382.0	249.0
374.0	241.0
387.0	243.0
393.0	233.0
387.0	229.0
393.0	222.0
383.0	220.0
392.0	223.0
384.0	216.0
381.0	207.0
377.0	215.0
372.0	222.0
380.0	217.0
374.0	209.0
370.0	204.0
375.0	204.0
368.0	205.0
361.0	207.0
369.0	207.0
371.0	216.0
367.0	206.0
362.0	197.0
359.0	190.0
355.0	183.0
350.0	189.0
352.0	194.0
345.0	189.0
348.0	195.0
358.0	192.0
358.0	181.0
349.0	183.0
347.0	186.0
347.0	192.0
356.0	196.0
357.0	184.0
347.0	183.0
342.0	181.0
348.0	175.0
339.0	178.0
342.0	167.0
351.0	156.0
348.0	168.0
352.0	182.0
361.0	176.0
359.0	164.0
359.0	151.0
341.0	145.0
322.0	149.0
350.0	157.0
335.0	155.0
363.0	156.0
369.0	173.0
369.0	179.0
373.0	189.0
368.0	199.0
359.0	205.0
353.0	191.0
357.0	203.0
370.0	194.0
379.0	200.0
370.0	209.0
358.0	201.0
367.0	184.0
380.0	177.0
371.0	170.0
364.0	159.0
379.0	175.0
365.0	177.0
376.0	190.0
379.0	202.0
388.0	189.0
378.0	208.0
373.0	224.0
386.0	223.0
376.0	232.0
376.0	245.0
377.0	228.0
392.0	226.0
393.0	242.0
385.0	257.0
392.0	240.0
374.0	250.0
388.0	264.0
360.0	273.0
383.0	265.0
393.0	237.0
387.0	262.0
361.0	279.0
350.0	247.0
328.0	244.0
319.0	256.0
319.0	262.0
325.0	267.0
316.0	261.0
319.0	252.0
328.0	261.0
317.0	272.0
325.0	260.0
311.0	272.0
290.0	278.0
290.0	259.0
270.0	249.0
267.0	256.0
269.0	264.0
267.0	253.0
268.0	239.0
266.0	249.0
252.0	248.0
271.0	257.0
266.0	273.0
267.0	251.0
269.0	268.0
267.0	244.0
251.0	246.0
268.0	271.0
289.0	288.0
308.0	274.0
293.0	251.0
288.0	276.0
275.0	305.0
264.0	289.0
264.0	318.0
246.0	330.0
230.0	348.0
206.0	368.0
187.0	381.0
176.0	388.0
170.0	386.0
172.0	392.0
173.0	383.0
176.0	390.0
166.0	396.0
165.0	385.0
163.0	395.0
152.0	395.0
150.0	390.0
148.0	397.0
146.0	390.0
142.0	397.0
139.0	388.0
134.0	397.0
124.0	395.0
140.0	386.0
144.0	398.0
137.0	389.0
150.0	394.0
162.0	394.0
166.0	383.0
154.0	378.0
151.0	392.0
137.0	392.0
156.0	398.0
155.0	379.0
165.0	390.0
179.0	387.0
161.0	381.0
146.0	388.0
142.0	368.0
162.0	358.0
172.0	345.0
171.0	324.0
173.0	350.0
152.0	366.0
170.0	382.0
160.0	363.0
179.0	382.0
164.0	361.0
142.0	343.0
149.0	375.0
130.0	395.0
176.0	386.0
168.0	356.0
200.0	370.0
178.0	338.0
204.0	369.0
235.0	346.0
255.0	319.0
267.0	285.0
256.0	325.0
224.0	296.0
221.0	270.0
223.0	292.0
195.0	308.0
221.0	297.0
215.0	261.0
190.0	244.0
215.0	258.0
213.0	295.0
212.0	258.0
179.0	281.0
175.0	244.0
132.0	244.0
110.0	220.0
123.0	257.0
134.0	229.0
173.0	225.0
132.0	217.0
139.0	170.0
192.0	172.0
201.0	168.0
199.0	173.0
205.0	172.0
200.0	169.0
194.0	174.0
195.0	184.0
203.0	188.0
198.0	185.0
206.0	190.0
212.0	189.0
213.0	185.0
218.0	186.0
222.0	190.0
230.0	191.0
221.0	185.0
228.0	183.0
227.0	191.0
234.0	181.0
226.0	173.0
227.0	178.0
221.0	175.0
215.0	172.0
213.0	178.0
211.0	186.0
213.0	190.0
214.0	184.0
206.0	183.0
206.0	175.0
212.0	171.0
207.0	165.0
203.0	160.0
214.0	156.0
217.0	168.0
223.0	161.0
216.0	157.0
225.0	164.0
222.0	158.0
220.0	169.0
225.0	162.0
226.0	171.0
228.0	165.0
224.0	174.0
229.0	180.0
229.0	168.0
227.0	160.0
214.0	169.0
211.0	159.0
202.0	172.0
195.0	176.0
207.0	169.0
197.0	169.0
191.0	183.0
209.0	184.0
208.0	193.0
214.0	187.0
220.0	192.0
208.0	186.0
218.0	191.0
207.0	179.0
213.0	167.0
230.0	170.0
222.0	181.0
237.0	174.0
208.0	171.0
201.0	189.0
204.0	169.0
212.0	192.0
228.0	176.0
205.0	165.0
210.0	139.0
210.0	135.0
207.0	138.0
208.0	132.0
206.0	127.0
199.0	128.0
204.0	128.0
197.0	132.0
193.0	128.0
204.0	133.0
208.0	139.0
213.0	131.0
208.0	129.0
212.0	136.0
218.0	131.0
211.0	132.0
221.0	134.0
227.0	133.0
222.0	130.0
231.0	133.0
215.0	133.0
227.0	135.0
210.0	127.0
195.0	127.0
212.0	138.0
231.0	135.0
233.0	165.0
209.0	190.0
231.0	163.0
208.0	136.0
225.0	131.0
193.0	132.0
197.0	183.0
151.0	173.0
203.0	192.0
151.0	167.0
200.0	131.0
220.0	190.0
172.0	220.0
234.0	204.0
271.0	235.0
269.0	254.0
293.0	227.0
305.0	218.0
310.0	208.0
310.0	219.0
314.0	208.0
320.0	196.0
329.0	203.0
341.0	206.0
349.0	213.0
335.0	219.0
344.0	210.0
329.0	216.0
344.0	215.0
349.0	230.0
338.0	215.0
346.0	231.0
326.0	236.0
322.0	259.0
335.0	280.0
321.0	254.0
350.0	245.0
366.0	266.0
350.0	238.0
371.0	223.0
366.0	203.0
387.0	186.0
371.0	168.0
352.0	185.0
337.0	204.0
340.0	186.0
332.0	205.0
312.0	209.0
324.0	199.0
307.0	208.0
294.0	220.0
310.0	216.0
316.0	193.0
344.0	186.0
334.0	161.0
323.0	130.0
357.0	155.0
346.0	182.0
374.0	170.0
342.0	169.0
323.0	201.0
303.0	221.0
326.0	238.0
351.0	221.0
382.0	239.0
358.0	273.0
316.0	259.0
336.0	226.0
375.0	236.0
332.0	244.0
290.0	234.0
265.0	237.0
305.0	216.0
270.0	232.0
327.0	216.0
375.0	214.0
381.0	179.0
341.0	148.0
322.0	194.0
374.0	173.0
394.0	229.0
343.0	279.0
381.0	321.0
381.0	327.0
380.0	330.0
380.0	326.0
382.0	330.0
378.0	333.0
380.0	328.0
382.0	323.0
376.0	323.0
372.0	331.0
378.0	327.0
381.0	334.0
377.0	330.0
382.0	336.0
377.0	340.0
372.0	339.0
377.0	341.0
377.0	347.0
382.0	347.0
385.0	343.0
390.0	345.0
384.0	344.0
387.0	349.0
393.0	347.0
398.0	349.0
398.0	342.0
392.0	342.0
395.0	337.0
389.0	338.0
387.0	344.0
393.0	338.0
388.0	331.0
385.0	327.0
385.0	333.0
389.0	327.0
393.0	329.0
397.0	333.0
392.0	328.0
394.0	323.0
398.0	324.0
392.0	323.0
389.0	320.0
388.0	315.0
395.0	314.0
391.0	312.0
396.0	311.0
390.0	310.0
395.0	316.0
393.0	322.0
391.0	317.0
391.0	324.0
395.0	329.0
396.0	338.0
385.0	335.0
383.0	326.0
391.0	322.0
387.0	330.0
389.0	322.0
392.0	313.0
392.0	325.0
398.0	314.0
397.0	329.0
384.0	336.0
374.0	337.0
367.0	337.0
366.0	344.0
361.0	344.0
362.0	349.0
358.0	347.0
353.0	348.0
359.0	350.0
364.0	351.0
368.0	347.0
371.0	352.0
368.0	348.0
365.0	353.0
366.0	360.0
362.0	360.0
366.0	358.0
369.0	353.0
372.0	359.0
377.0	361.0
381.0	361.0
385.0	363.0
383.0	358.0
378.0	359.0
378.0	364.0
376.0	359.0
382.0	356.0
376.0	355.0
383.0	353.0
378.0	348.0
374.0	352.0
366.0	350.0
364.0	342.0
359.0	348.0
355.0	354.0
357.0	349.0
350.0	352.0
353.0	360.0
348.0	361.0
343.0	361.0
343.0	367.0
340.0	370.0
344.0	372.0
340.0	375.0
336.0	373.0
342.0	372.0
338.0	376.0
343.0	374.0
349.0	375.0
346.0	378.0
350.0	381.0
350.0	378.0
354.0	375.0
358.0	373.0
356.0	377.0
359.0	381.0
358.0	376.0
363.0	373.0
366.0	369.0
371.0	367.0
372.0	371.0
369.0	374.0
368.0	369.0
367.0	375.0
369.0	370.0
368.0	364.0
374.0	366.0
379.0	368.0
374.0	369.0
372.0	375.0
374.0	380.0
375.0	384.0
378.0	390.0
369.0	392.0
367.0	387.0
374.0	387.0
375.0	394.0
364.0	391.0
366.0	385.0
370.0	379.0
376.0	381.0
378.0	375.0
379.0	370.0
375.0	367.0
381.0	371.0
385.0	367.0
391.0	367.0
396.0	358.0
389.0	365.0
380.0	359.0
382.0	367.0
374.0	371.0
368.0	377.0
376.0	378.0
376.0	370.0
369.0	362.0
372.0	356.0
364.0	361.0
358.0	359.0
353.0	363.0
347.0	363.0
345.0	367.0
348.0	372.0
348.0	379.0
343.0	377.0
338.0	381.0
333.0	381.0
330.0	378.0
326.0	383.0
324.0	387.0
320.0	390.0
316.0	390.0
321.0	393.0
316.0	393.0
316.0	398.0
318.0	390.0
313.0	395.0
322.0	389.0
317.0	391.0
323.0	385.0
326.0	390.0
331.0	388.0
331.0	383.0
326.0	382.0
325.0	389.0
331.0	386.0
336.0	383.0
342.0	383.0
340.0	388.0
340.0	384.0
334.0	383.0
333.0	376.0
338.0	368.0
344.0	359.0
353.0	355.0
346.0	360.0
344.0	369.0
351.0	369.0
356.0	369.0
356.0	364.0
361.0	360.0
366.0	366.0
359.0	369.0
360.0	363.0
356.0	357.0
352.0	366.0
350.0	360.0
355.0	350.0
370.0	349.0
370.0	340.0
375.0	347.0
368.0	345.0
361.0	353.0
363.0	341.0
374.0	331.0
386.0	325.0
378.0	337.0
380.0	346.0
372.0	349.0
370.0	337.0
382.0	345.0
389.0	353.0
395.0	352.0
389.0	347.0
398.0	345.0
391.0	335.0
396.0	319.0
397.0	339.0
380.0	344.0
392.0	354.0
385.0	361.0
393.0	353.0
384.0	340.0
385.0	324.0
398.0	302.0
372.0	341.0
384.0	356.0
370.0	360.0
376.0	373.0
366.0	375.0
363.0	383.0
362.0	376.0
355.0	381.0
358.0	384.0
364.0	385.0
372.0	382.0
366.0	392.0
374.0	391.0
360.0	390.0
364.0	396.0
358.0	387.0
352.0	390.0
353.0	385.0
357.0	382.0
352.0	387.0
351.0	381.0
353.0	376.0
346.0	380.0
350.0	373.0
346.0	381.0
346.0	389.0
348.0	394.0
346.0	397.0
346.0	392.0
349.0	388.0
343.0	389.0
339.0	386.0
339.0	393.0
341.0	396.0
344.0	393.0
343.0	398.0
337.0	396.0
336.0	391.0
341.0	393.0
348.0	392.0
342.0	394.0
350.0	393.0
341.0	391.0
348.0	397.0
340.0	390.0
333.0	385.0
342.0	385.0
352.0	379.0
363.0	381.0
355.0	371.0
349.0	365.0
340.0	373.0
329.0	380.0
331.0	391.0
333.0	397.0
327.0	392.0
321.0	397.0
327.0	387.0
327.0	377.0
327.0	395.0
316.0	395.0
332.0	389.0
323.0	382.0
337.0	398.0
355.0	397.0
355.0	385.0
359.0	396.0
352.0	383.0
350.0	398.0
333.0	395.0
350.0	396.0
337.0	379.0
319.0	387.0
344.0	365.0
357.0	354.0
360.0	370.0
346.0	366.0
348.0	383.0
358.0	368.0
340.0	368.0
339.0	396.0
370.0	396.0
379.0	376.0
374.0	394.0
383.0	372.0
365.0	363.0
359.0	344.0
384.0	353.0
380.0	377.0
362.0	394.0
374.0	362.0
375.0	382.0
377.0	352.0
355.0	366.0
396.0	353.0
360.0	375.0
398.0	347.0
362.0	368.0
388.0	313.0
388.0	231.0
396.0	308.0
354.0	391.0
337.0	279.0
288.0	232.0
282.0	291.0
269.0	233.0
287.0	294.0
213.0	289.0
259.0	306.0
196.0	317.0
234.0	345.0
190.0	307.0
211.0	256.0
152.0	298.0
118.0	283.0
134.0	299.0
103.0	288.0
97.0	306.0
128.0	283.0
92.0	280.0
67.0	254.0
43.0	215.0
90.0	213.0
40.0	220.0
77.0	169.0
39.0	147.0
;end of file
