610.8331	8.1258
-1.625	2.8146
-6.16196	10.8066
1.40246	7.0683
1.46394	7.542
-3.09684	5.188
5.3094	4.7279
-14.3586	12.0121
-2.56527	7.3354
4.61947	7.0346
1.82084	2.9954
8.3681	7.3569
3.03236	6.1716
1.7776	7.6659
-1.9426	-2.763
6.8999	3.0816
6.4659	6.7289
4.3996	7.0301
-0.99274	-11.1306
9.02784	-8.9927
2.61645	-5.2872
-9.04315	0.3624
-7.4552	-6.378
10.81695	3.0186
7.08275	-8.5146
0.2522	0.6393
-9.729	-3.714
-6.3884	3.7557
-7.45425	-8.1493
-7.42735	-8.1989
-7.1341	-1.1607
6.6243	-2.4111
6.40566	6.1783
3.55994	0.2011
8.00036	6.6902
8.55484	-7.5024
-0.48587	-30.71
0.75177	-2.5312
-10.11676	11.1967
-3.03808	-6.3269
-6.30626	-8.1751
-1.41036	-6.6103
-3.79968	-3.94
4.61844	4.3273
4.4745	-0.1952
7.1027	-0.7967
10.2384	-8.006
-9.2817	-1.3042
-9.02545	-5.9895
5.0661	1.9011
13.39832	-12.394
-4.34997	2.8618
-8.42914	-11.2418
-3.90406	10.5678
-3.81427	-3.2945
-7.75863	-0.5863
-7.5654	1.2403
-7.6371	2.4557
-7.95977	-7.8806
4.85527	-1.3534
-7.1347	-6.9499
-7.9945	-9.6142
-4.7803	-3.4427
6.1666	10.2329
6.442	2.7063
10.43605	5.8533
4.11835	-0.9682
7.5037	-5.0611
3.53023	-30.1659
-14.29133	-8.4538
4.70643	6.147
-12.24847	12.1011
-20.44976	0.6662
-11.7571	-0.5531
-11.79076	7.987
-3.62707	3.7257
7.78343	-3.3275
5.09144	-0.8444
7.94202	5.6628
3.45374	7.9677
2.0665	9.8313
0.15054	-0.6139
8.39956	7.8032
3.10306	9.7774
-1.20696	8.5096
2.26745	-4.3713
5.35275	-6.6099
0.55386	-2.6977
6.87814	-3.7952
6.70927	5.7397
4.33557	9.0223
-5.07044	-2.9434
-5.54584	8.5293
-3.40033	2.6162
11.74793	4.9941
-5.50012	8.5289
2.38096	4.9114
-6.0301	0.3934
-7.19034	6.9088
1.71558	5.8688
-4.64514	7.0293
2.7592	0.6693
-11.9051	-7.8897
-3.65043	-2.4448
5.37313	-5.1489
4.1566	-7.6792
-4.34345	0.1255
5.51115	-4.8753
5.2875	-6.2151
2.2544	-2.2818
-7.1479	5.9102
-6.2313	6.639
-8.5788	-6.6333
-3.3755	-8.3279
10.69756	-8.5706
-2.30056	5.0012
-5.12064	5.4762
-3.9082	-7.5559
-3.67499	7.477
-5.73371	6.4215
-6.52456	-11.2526
-2.9864	-6.3455
6.3588	-5.1289
6.06635	0.6946
8.24765	-6.172
6.6658	-3.4701
-10.2164	-4.3027
-8.50174	-7.7413
6.20024	-9.4029
-0.7823	1.7937
-9.67075	6.7414
-3.37695	7.9245
-2.49896	9.7193
4.01306	6.3927
-7.9676	-10.5559
-5.02245	-11.4745
-2.77161	-9.1961
5.8476	-10.044
-3.46494	0.2976
-9.2208	-5.3597
-10.86987	9.1935
-1.75341	-3.2712
-9.18802	8.5122
0.87765	8.207
4.76578	-5.5642
11.69967	12.1526
0.4159	6.5787
-5.97028	-1.6421
-7.43359	-4.568
-7.04645	-9.1352
-4.10913	-8.8572
-4.1561	-9.0458
1.66257	-6.8504
7.89075	-6.791
-9.95529	-9.031
5.1427	3.4243
6.2756	4.7748
6.26868	4.4106
9.26001	0.1256
9.97663	-3.342
7.9983	-1.6956
11.71354	-2.1521
9.20209	2.8859
7.63857	-15.3401
16.9675	-14.2228
-5.15215	5.8148
6.43125	9.7414
9.63503	-10.3055
2.63717	6.4036
13.0015	-7.5469
2.9403	-7.9311
-6.1487	-6.7058
4.8703	-7.44
-0.7741	5.348
11.5315	11.2585
-2.4215	-3.2921
10.46064	-13.4947
0.28296	-0.028
10.4634	-10.812
2.682	1.0735
10.0311	2.9466
12.47475	-14.6269
-17.96775	-8.2811
-7.1946	-10.2316
0.3705	4.2346
6.47104	5.1692
5.35846	0.5655
9.3768	11.3305
0.6672	-11.3405
10.5397	-13.9952
-8.75734	2.9342
-12.30306	-7.2433
-5.62614	-1.2098
8.17834	-5.7877
7.19947	1.2197
9.7287	7.3085
5.76049	7.9923
-0.49466	-4.5147
12.0337	-0.6057
10.0198	9.7103
-6.9177	10.0135
-5.23434	9.7442
-10.2727	6.8079
10.84711	-6.1832
12.69036	-10.8727
1.02817	-11.8794
2.6254	5.1767
6.33594	-7.9223
5.63166	0.7978
7.49126	6.9706
0.76148	1.4647
-6.35184	9.6668
-5.2449	-1.6249
9.7917	-4.2211
8.8678	-10.4369
-2.68953	1.0856
6.16373	-8.2721
7.2284	-1.1398
-8.5444	0.9666
-8.9197	-3.4243
-9.7911	0.3021
-7.72525	-4.6149
-8.48875	-6.7506
4.2131	2.4367
6.90376	-0.075
9.21454	5.9131
5.86475	-7.8744
3.79931	4.7453
8.25159	-0.2771
10.30511	-8.3446
-4.01566	-3.9735
-7.1427	-10.0625
1.6789	-0.2703
6.5163	1.3409
7.4378	6.7797
-0.3193	7.3729
2.63025	-15.4809
6.3045	-7.6117
-4.52375	-7.2211
1.39875	-7.2854
-1.14691	-5.8904
-5.28694	-9.13
8.58577	-6.7485
-6.69937	4.9431
-7.69034	5.8784
-6.36136	7.0056
-1.5647	5.7639
5.71494	4.9999
5.52582	8.328
0.60354	-3.4476
-7.6243	-6.9077
-7.7925	-1.5144
-8.0927	8.4549
-1.3954	6.9417
-4.9924	-3.1646
13.149	9.8137
-3.38826	6.2371
-5.71009	3.6182
-6.92175	-10.4531
-4.1428	7.8911
-2.5772	0.6368
-8.09494	-4.2942
-4.96556	-6.9718
-6.1633	-3.454
-8.16936	-6.438
-2.98344	-4.6436
-7.12526	-5.5791
-8.34444	10.462
-1.42485	-2.6356
-9.3335	8.9792
-5.11945	-6.5423
-5.37615	-8.5658
-1.38875	-6.4944
13.0058	-10.5548
-6.1409	7.9891
-6.2937	-5.4347
-8.67256	-10.5464
3.67106	2.0768
-10.3172	-9.8093
-3.52727	-10.4568
-1.75453	-4.2386
5.26046	-4.2405
2.49874	-5.7151
-1.205	-4.3422
6.7434	6.9197
1.97006	-7.8279
10.26239	-5.1157
-6.26815	2.4325
-12.41996	-6.1374
2.48956	-6.2773
-3.4127	-3.4524
-5.8733	-4.9432
1.6861	-3.3431
-1.7063	-3.2961
1.62316	4.7384
4.65754	1.5479
4.4408	4.8794
2.8203	5.7297
3.3355	0.8472
11.0774	-11.5936
-8.8701	-2.8455
6.6036	-5.7664
6.0691	6.108
2.78596	5.9416
-4.46973	0.4672
10.54627	-9.3233
0.1882	-4.9347
13.1322	-2.2577
-10.1126	-1.8938
-7.75425	-0.8771
-7.60835	6.14
-3.90325	-3.2957
-5.29665	5.2609
-4.37205	1.5016
-5.58775	-7.5679
1.4472	3.512
-5.4893	1.6585
-9.22024	9.3533
-4.35296	0.6329
-9.2011	7.672
-2.5557	5.0044
6.6593	-1.8822
8.5336	5.6496
4.48705	7.3969
-1.73765	7.7206
-1.2283	-10.3531
-9.82727	-6.3972
-14.61803	8.5169
-9.3645	10.3756
-6.1813	7.1072
-6.70323	13.5045
3.57103	-6.855
9.2538	-7.9657
1.8353	-7.8965
4.7715	-5.6352
6.3317	2.3679
7.1435	4.689
6.24203	4.7812
-8.89459	7.7249
-4.39539	-2.4032
15.38195	8.4447
-4.10094	11.2412
0.88824	1.5947
7.7149	4.835
-12.1373	-1.9937
-7.1248	3.7148
-6.16965	-3.787
-5.86121	-4.0315
5.68686	-5.8418
7.82974	-3.3395
-8.5581	4.4312
-6.48634	5.0217
-5.3542	6.6479
-0.23075	3.3529
5.31495	4.311
2.8736	6.8333
1.1396	-7.3489
-12.92514	-10.4057
-5.58186	14.9911
-3.2592	4.8077
12.61	7.0005
-6.1359	7.568
5.39705	8.776
0.008	-2.316
-10.6858	8.8587
0.9738	-0.7129
-10.0728	6.6272
2.8294	5.2864
6.554	-5.1761
7.5126	-6.9949
9.78847	11.6244
-1.17287	9.3775
2.7354	8.5087
-1.3983	-1.3776
-7.81194	-9.4902
-0.46856	0.6846
-10.8017	2.0523
-8.1963	-4.2251
-4.9401	-4.1337
5.6258	-3.7188
-7.58047	9.4402
-4.89443	5.4316
-7.64036	7.3977
4.49036	11.0259
-6.4772	-7.1067
-6.2802	14.3415
-9.3394	8.3593
11.81274	4.5077
11.48133	8.5479
7.77673	-7.9225
5.89124	-8.0188
-6.2511	-5.3908
-9.03874	-9.155
7.6825	10.8596
9.74503	-10.5974
1.8374	-7.3651
-5.05969	-6.2012
-5.40454	0.9189
10.3548	-0.3468
6.3923	-4.4101
4.1964	13.0125
-1.67726	12.4045
0.14656	0.8963
9.75895	-12.3777
-0.83775	0.4646
9.3646	-11.9905
6.65003	-9.2808
2.42407	11.7552
9.2597	8.0606
-9.0527	10.0841
0.7267	-3.9238
8.8706	-4.4629
6.52664	-4.7222
5.42696	-7.5213
0.60923	-8.7514
-5.94317	-7.2459
-8.40406	-2.6335
-11.987	-8.9985
0.1081	0.7027
8.76104	-7.962
1.73076	-7.6621
0.0172	5.5705
-12.21243	-9.7505
-3.33117	-3.2368
11.5121	-7.8705
-4.2279	-8.0777
0.99295	4.437
8.58085	-0.2116
8.85085	-6.0803
7.15725	6.9096
7.2047	8.5868
2.79876	7.6548
2.02684	4.6207
4.91975	5.4297
-1.46895	3.4866
-5.9392	3.874
-8.63024	-8.9087
0.11194	-6.6046
3.88293	-5.6747
-6.64223	-5.926
2.66286	2.852
-11.72426	8.5601
4.002	8.5884
-1.0547	9.0959
-1.82027	6.8201
7.15662	12.2112
7.62655	-7.6889
2.7481	-7.7135
1.1029	0.047
7.5684	-6.3711
3.4077	-5.134
4.4447	-2.4227
8.1902	-1.9464
8.4131	-6.7961
5.6942	3.0572
4.9825	7.7167
-0.2735	0.1832
8.3307	4.1609
5.9575	6.8295
1.5129	4.0715
5.0318	5.7102
-7.6056	-5.1069
-4.9979	-6.6826
-2.423	-0.7754
-6.83784	-1.8179
-5.75436	0.05
-6.6692	3.5291
-6.9572	2.595
-6.29013	5.8031
-4.97522	6.2064
-3.82165	8.9245
-3.4084	6.1498
-4.0073	8.2883
5.91087	-0.3465
-9.37512	5.1917
-7.318	3.5195
15.37175	3.8402
-9.00706	6.5829
-8.43158	-7.4597
-5.78786	4.4487
-9.6827	-6.5925
-12.39895	8.4231
-0.88019	6.1969
6.19397	3.3922
6.99762	8.6839
-5.38145	1.5291
-10.0027	-11.2787
-1.8574	5.17
-8.8501	6.8415
-4.9182	-17.013
0.20504	9.1473
-7.66919	6.9836
-1.74365	5.3836
3.9785	4.9437
7.3603	11.3721
-22.2438	4.2782
-8.1775	-6.905
-4.729	-6.8831
-0.27096	3.678
-12.72804	2.2712
4.33736	7.7671
2.35064	-2.2905
-6.621	6.791
-2.7836	-4.1666
-2.5955	-4.6591
-0.3218	2.1918
-5.66268	-4.2588
-6.72397	-3.745
7.77985	-6.4237
2.26678	3.9098
3.82932	-3.6116
6.4435	-5.1782
0.5834	-2.1792
-8.2549	-3.7887
-8.29947	-3.1831
-9.29093	0.018
-10.3675	-2.281
-10.89174	-5.7996
2.66372	-3.2937
-11.99646	7.3481
-6.4375	-10.2299
-4.65592	1.1761
-10.34475	8.1592
5.17438	8.6823
-3.04776	3.8405
8.40163	-3.0185
7.2085	-4.65
6.49537	7.3337
7.89973	4.6357
-10.5262	10.6835
-3.1615	-2.7633
-7.37426	-5.5191
-7.76594	-0.462
-7.88238	-6.6572
-2.00635	-6.4283
-0.74927	9.8162
-5.21282	-2.5848
-6.6955	-8.1649
-0.10284	-5.6686
3.75316	-1.4196
6.1575	-1.0573
5.2195	-5.5235
-11.7247	2.141
-9.62714	2.3511
-9.83994	5.7085
6.12631	8.0224
1.80713	-2.679
-9.31536	-4.2864
-10.64737	-10.8377
4.23489	5.1779
-12.47672	10.3734
-3.15707	6.4522
7.14837	-3.4423
7.2771	7.9359
2.5102	8.4843
-2.63257	12.0602
0.36212	-5.1194
-8.94195	-11.8372
-0.93158	-3.0251
-8.44678	8.1428
-6.802	2.1064
8.22442	8.072
-2.97412	5.3765
3.62096	3.4191
5.0947	7.9918
-8.45418	-3.464
-4.42105	-5.5819
-2.05619	1.2344
-8.10913	-5.1802
-3.76695	10.7339
-3.16335	-6.3377
-4.36822	-8.2656
-4.72003	-3.662
5.0946	0.6398
8.55384	2.6014
8.74963	-9.7345
-4.84407	-9.017
5.40016	-8.4592
3.46088	-9.0183
-1.54047	9.4638
-8.27627	-5.4544
-5.474	4.3393
-7.05765	7.379
1.71158	2.291
7.74647	7.2903
-4.33275	-1.9058
-7.6232	-4.0062
-7.12715	-5.5382
2.47005	-5.6216
-0.90598	6.8064
-10.64297	-5.3313
-15.2828	-2.52
-7.81608	1.7461
-7.80882	-9.9186
9.15788	-4.5076
-7.26162	5.8698
-4.35426	2.5115
-6.2614	0.6042
-9.3287	7.2549
-3.62516	0.1639
-7.87976	9.9312
0.31822	-4.4647
-6.47008	-0.9561
-5.48182	-8.7065
4.14243	-4.7854
7.79255	-4.816
6.21145	-4.7288
-7.39673	-8.4247
-4.12567	3.9224
10.02527	-1.2162
7.96353	8.91
2.27877	-5.9832
8.4882	-9.2176
-2.38144	-4.6277
-8.56656	2.9633
-8.97793	-12.0551
3.56921	-9.0454
-6.73948	13.9371
-2.27074	-1.3501
-6.80228	-6.3221
-4.91803	-3.551
5.19519	-7.6335
-0.69788	-8.2785
0.39618	-5.9534
-8.42984	1.1775
-10.04002	-9.6123
3.80492	-1.2697
-8.23941	-10.1908
-2.5356	-7.1322
3.74257	-4.8221
-4.55579	-7.1427
-4.69394	0.3037
6.72383	-1.6888
6.98561	-7.3373
-6.20364	3.2344
-8.51166	-6.1579
-3.04022	-5.6157
9.56235	-3.7156
-9.57589	3.556
-8.37049	8.9352
-1.06174	9.3571
-2.83048	-1.4433
8.18142	6.7773
5.20814	9.2685
0.17856	3.2069
-8.56937	8.2159
8.89625	9.8717
3.85723	7.7408
-0.82547	3.8836
6.62904	0.1175
7.16982	0.8944
7.82166	6.8523
-4.60041	7.8583
-0.14975	6.7312
4.88968	3.9731
-6.14284	-3.0297
-8.30165	-5.3466
-6.13235	-7.1226
7.69346	-4.8888
-8.63892	-7.8743
-10.0326	-9.5112
1.21982	-6.2297
-6.18666	-1.8412
-9.33577	-8.9446
2.31264	-11.1095
9.59155	2.0271
-10.04317	-6.9606
-4.92491	-7.9306
1.02516	4.1328
-10.85132	-8.2466
0.0264	-9.479
-6.05257	-9.9106
8.9786	5.938
3.36612	8.3513
-0.5214	1.588
9.07556	-8.2694
-0.16882	-7.0775
1.84013	0.059
8.01384	-2.3068
7.81852	-6.8215
3.34976	7.3158
6.14619	-10.7086
3.19969	-13.9434
-3.90768	9.578
-6.11147	5.2583
-8.01218	4.0288
-6.19566	-11.7944
0.0425	-5.7358
7.90147	-11.2066
-0.0751	-12.3359
-7.90742	-7.0445
-9.76879	0.4104
-9.02943	-8.5012
-2.00026	-3.5306
-10.12944	-2.7136
-9.67259	-1.2238
-10.00061	-0.4769
-9.79313	-0.9398
-12.53444	8.4112
-2.83448	3.5105
10.28134	-0.1423
9.28653	0.9383
8.44229	1.2425
8.77405	1.3753
9.39631	9.0048
5.2751	3.5431
-7.59335	-4.4259
-7.98979	3.0927
-9.11845	-3.5128
-10.47867	15.0042
11.67798	-1.5285
11.1044	11.7057
2.27958	11.3821
7.37395	-6.8429
7.18375	-9.2999
-1.00956	-8.8419
-0.59996	-7.1241
8.70845	7.2554
8.33515	9.1185
-1.77921	7.2704
-3.34793	6.3236
-1.80165	4.4195
5.59618	5.6738
-4.81491	-3.8295
-7.08676	7.0595
-10.2495	-0.2591
-9.91712	10.6393
-4.09318	3.75
-13.93387	9.5823
-1.26701	-0.095
12.4351	3.267
10.26489	-3.6419
6.70163	12.1841
4.48951	9.3943
-4.65851	-4.0595
-9.4971	14.3207
3.83809	2.9336
8.18318	-7.539
7.67711	-8.6382
1.11956	16.9637
-0.30872	5.9645
3.61408	7.1007
7.84949	10.9374
5.5368	-9.7957
-14.79155	-5.1325
-6.87149	10.1486
-3.84436	4.5464
7.95168	6.7242
9.51878	0.8507
16.28897	12.0396
-3.84022	7.9888
14.54502	5.4163
-9.65667	7.4185
-7.85776	-8.201
-5.64905	-9.2703
-4.3034	-6.875
-7.54532	-7.5465
-9.72363	-7.1794
-7.29003	-9.073
-1.16008	-5.902
5.86576	-3.8755
-8.38738	-9.581
-7.15092	-8.2519
-9.98618	-7.5777
6.81978	-7.2805
-7.85925	6.1295
-5.80673	-0.159
-7.07171	-12.5955
1.10041	2.4897
-8.41611	7.2832
1.97015	-2.0438
-8.90583	5.9142
-4.47588	5.2944
-4.46597	7.1277
3.64395	-0.7525
5.06921	-6.3438
4.26114	0.024
6.77036	1.2236
8.00177	3.7066
-5.39429	4.466
-2.23941	1.4623
-6.94635	4.6372
-6.14707	-7.5213
-8.77531	-1.7725
-6.66194	3.2937
-6.72694	7.0748
1.2117	10.1682
-4.7091	-5.1731
-4.5625	-7.6097
0.94481	-4.4061
-5.1916	-7.0904
1.07458	1.221
-9.57373	-8.9767
0.26752	-8.0871
-6.494545	-6.6996
-5.847785	-12.7847
-7.48871	-7.2466
-12.22547	12.2114
-9.112454	15.9815
2.697764	3.2439
9.80768	-11.6112
-0.32486	-8.2504
-1.225365	3.84
10.406135	8.5758
-0.807106	7.1623
2.697466	5.4698
8.18393	4.6207
-8.773684	1.3236
-12.415056	9.6709
-6.55686	3.5847
10.05948	5.9226
3.35816	6.0005
3.579674	-7.7639
3.508696	-8.6182
-3.52425	-1.3802
6.234816	8.6671
2.285974	-8.9321
4.684706	4.9238
8.699514	8.0061
3.281534	-0.4299
-11.314564	6.6399
4.60881	2.4641
9.81943	6.2263
-11.868825	-5.7588
-10.397445	7.5923
-0.59432	6.5762
3.42236	7.9523
3.59959	-6.7435
7.40925	10.3407
2.798266	6.7931
10.237744	-2.1688
10.19279	6.3233
1.5823	3.948
7.9564	-2.3226
7.89895	-7.1442
3.1165	-1.4972
-10.33415	-4.9948
-7.51166	-1.1624
-6.52869	-1.2712
-7.35324	-6.6954
7.51451	-8.0843
-1.12462	7.2801
-7.87514	-7.1531
-3.49194	-6.2691
11.54828	-5.113
8.14011	-5.989
-3.59488	-5.4223
8.58104	5.1368
6.28779	7.5943
-3.01256	8.6507
-3.32991	3.5728
-6.20166	6.3008
1.69043	5.017
3.30707	-5.5778
5.50104	8.3011
3.01547	-1.8051
6.43329	0.5596
7.03845	6.7115
-0.50467	6.5256
-1.62822	6.8826
0.18451	0.1485
10.70285	-0.1095
10.68311	8.1519
6.61394	-10.4885
0.89983	-8.467
-1.00115	-11.9956
-2.02795	9.4345
-5.94312	6.6693
-3.87746	-1.0985
-8.22359	-9.2653
2.02025	-2.7552
7.74431	-5.6543
-1.85248	-5.2597
3.77286	-0.3223
7.85535	-8.0161
1.43843	-2.5476
-6.89336	-2.4793
-8.09317	8.5551
1.65633	8.0469
-6.24423	-1.6047
-7.02288	0.5165
-7.60092	-8.2201
-4.16867	-2.5283
8.36189	2.0786
8.77636	-10.7541
-2.12531	-1.3803
-9.35452	-8.2279
8.78027	4.4345
10.21491	-11.0882
-1.06366	2.9234
8.12231	9.936
4.24371	4.6287
7.85989	9.5164
1.44578	8.29
1.59274	6.7353
1.66646	5.9851
-4.44588	1.3881
14.7771	10.3601
10.485	10.6519
1.61336	7.4902
-2.4173	-0.1032
-9.85144	-12.7662
0.40381	-7.9126
-9.55298	8.3512
-2.7577	6.5522
-0.33785	6.8986
1.98702	10.3103
5.42436	-1.5918
10.44508	11.2378
-0.11725	5.765
9.43152	-10.6304
-0.6461	-8.3309
2.82956	-15.6793
3.32446	7.2965
2.17615	5.5659
4.02591	5.772
0.59648	4.2435
-1.68459	5.4829
-3.0797	1.0439
7.77007	-2.8463
5.74967	-2.6525
5.79966	-5.7154
-6.9723	-8.9935
-1.1041	-7.1993
4.53875	-3.0408
9.50555	6.4817
7.46202	-4.8635
5.22718	-7.7721
-3.45286	-6.7857
2.66168	-2.0197
10.01844	10.9234
-1.56596	5.4188
6.96806	5.4884
-6.21671	5.7244
-4.91929	-0.1189
-10.26458	3.2703
-4.22133	-4.3677
-6.61866	7.3359
0.56808	3.4645
4.95561	0.7932
6.15728	-2.8694
5.46127	3.0232
6.02947	8.5404
6.76783	7.4123
-6.65973	-8.2543
-4.81472	-1.7883
-11.61205	6.4267
3.65687	8.3299
4.33588	4.5029
-7.73842	7.373
3.05205	0.1411
-7.17657	-2.295
-7.58997	-7.1107
1.93436	-5.6659
6.00909	-6.5074
-4.615	4.5275
-7.44007	-0.3318
-7.94609	4.1269
-5.40626	4.6617
-3.45691	1.8777
11.63716	9.821
4.08636	4.0319
7.04813	4.0791
5.58548	7.9745
2.51614	4.6263
5.72406	-8.9468
2.13179	-5.7753
1.76415	-4.4185
3.29474	-7.4999
-0.61042	1.9388
6.91992	-6.3276
2.9882	-5.0709
5.6167	-6.2829
5.8829	-0.9811
9.29596	-6.0067
-1.1236	-6.0384
5.54331	-8.1699
5.01063	5.6813
5.263	14.9501
13.98317	-1.7742
10.0557	-5.4841
7.24548	-0.4306
8.93065	5.3309
5.99275	8.1907
-0.0549	0.518
-5.11865	-1.7545
-6.95253	9.0014
-0.0554	2.9009
6.74106	-2.5764
7.62427	7.469
0.0927	4.7633
6.12924	8.8981
1.97907	3.7996
6.73296	0.1036
9.08076	5.7254
-2.42264	6.1253
-2.38122	5.2883
-5.79453	-7.7963
-1.18507	-3.1591
-4.45983	-2.5126
-3.90227	-4.8527
-3.48536	8.198
-3.67371	9.706
-7.21643	-10.0948
-3.21985	-10.4241
-1.272	-0.01
8.69195	-5.8323
5.48606	-4.7547
-9.73224	1.8414
-11.11587	-9.0606
0.92975	-8.3201
-4.52643	1.395
-10.78275	-3.3469
-9.88602	9.2045
1.69876	2.9401
-8.44888	4.9005
-6.3623	1.3123
-7.30481	6.964
2.12513	0.1815
8.71532	7.6985
0.93775	-1.0298
6.71569	-7.8452
1.63932	-4.366
7.46192	-10.7741
9.3948	5.4482
-3.94358	15.8305
-4.22674	-2.4299
10.42926	11.3118
1.69314	8.8786
5.16862	6.7862
-5.11857	-1.7155
-6.82883	8.099
-4.4467	2.2957
4.6994	-1.3421
5.3591	-1.8791
5.68038	-3.3233
4.33847	-0.1204
6.36658	-8.9001
8.0032	-1.0293
7.94307	8.3363
-0.5732	8.0116
2.22986	5.6204
-2.89102	3.3486
8.21189	7.7101
1.69534	7.8834
-0.51407	7.8347
1.4184	7.3669
3.80587	9.3672
2.15567	-0.1164
7.7772	10.6682
1.0516	7.7764
-6.42132	0.9092
-7.42912	-5.282
-4.46127	6.6477
-4.70556	-3.886
-5.9314	-7.1358
-4.98352	-9.9704
6.98815	8.1816
2.26136	-1.153
10.93366	-9.0069
-5.24469	-8.8695
-3.50213	-2.9403
-6.70057	9.7001
-4.1445	-7.9646
-5.6152	-5.0085
-8.74833	15.2722
2.318	6.6424
5.71933	2.8911
-11.13953	-6.7923
-4.17895	-5.1901
-2.34308	-5.294
4.96087	2.2796
-9.27214	-7.1587
0.82634	-6.8476
0.29596	-4.8255
8.4048	-9.2264
0.0153	2.1919
5.69617	-3.0197
5.58613	6.0066
2.35067	6.5219
-0.0602	2.3255
6.63104	-0.2768
8.1023	-7.1204
-2.36682	-6.0819
0.14062	-4.7296
-7.04028	-13.2034
0.52011	6.1119
-4.90353	5.1462
-5.33478	-6.2514
-1.73462	3.4659
-5.8578	1.6699
-6.4374	5.3081
-2.45358	5.5592
-2.38837	5.0015
-5.00927	-5.6038
-4.7948	-6.7672
-5.03174	-6.3202
0.83041	4.8804
8.63791	-6.9434
-4.06726	-7.0471
-1.73047	-7.2822
0.10017	-3.8689
8.6511	-7.5761
-2.03148	1.8434
-8.31282	0.1702
-6.3884	2.2436
-5.40687	2.2426
-6.9422	-9.1827
2.43035	-4.2278
-4.25898	-3.6784
-7.47496	8.9246
2.41223	2.0055
-7.72247	9.2923
5.62365	1.0099
-10.46777	9.8272
-3.17291	9.3421
-3.99854	8.8458
-5.64392	1.3851
9.90863	4.4869
8.98511	5.4991
-7.85819	-0.01
-10.95767	9.2438
0.20865	2.6824
-6.37521	5.6584
6.07339	3.8172
10.79202	-4.7283
-3.58337	-7.2577
-0.85495	-0.2512
5.21478	2.5931
6.33295	-7.8167
2.08871	-2.9681
5.93149	-5.3963
3.81155	-5.6601
-2.041	-5.2507
-5.7809	-5.4973
-5.67663	-8.1699
6.66061	-4.6469
9.23442	6.0196
5.48177	-9.549
5.35073	9.1283
2.8576	7.9839
-4.5893	0.5106
-10.16493	7.7284
7.46799	4.5352
8.06641	8.0495
0.24881	2.9364
7.34085	7.8627
0.39581	5.2093
4.17206	8.464
2.7312	-3.5845
-8.13806	-4.9229
-7.98072	-7.9246
-1.11438	-11.5947
-5.38382	6.1317
-4.1603	5.1978
-6.48209	6.0352
8.03907	1.0881
-8.1625	4.434
-3.75255	2.2412
-6.06411	6.3278
-4.28784	7.0256
-1.0459	-3.3184
-7.33838	-6.9385
-3.56069	-1.7442
-7.92063	9.8966
-4.64498	1.247
7.46094	7.4812
1.92839	5.2952
-6.28653	13.195
0.40438	-5.2646
5.97419	5.9437
6.92551	-7.0071
5.883	-3.9353
-8.66049	-8.6853
2.83126	6.849
3.81289	-4.0695
4.45902	-5.6165
4.02737	-5.478
4.18949	-5.5641
3.68359	-1.8178
6.73669	-2.138
5.79554	-0.338
6.93338	6.418
1.79976	8.0976
-1.83672	5.1201
4.63904	-0.3834
-11.86694	-9.1642
1.61892	1.1771
-5.6631	3.0441
-4.83125	4.791
-6.89749	4.1638
4.96324	5.7822
-6.00542	6.4356
-1.40356	7.8728
2.3627	-1.3539
-4.62872	-4.7941
-4.10413	6.9767
-0.7088	2.6581
-6.38167	-2.2974
-7.69127	4.5358
-7.6918	5.5322
5.49643	9.5519
-1.93921	9.6101
-3.10434	7.3716
6.66652	-9.0983
3.12871	4.8714
8.62026	-3.5688
6.38245	-4.0526
14.91193	4.1635
-7.24472	9.0813
-2.83256	2.0233
-8.56426	-0.7655
-7.56909	8.8146
-5.71712	0.3562
12.19209	7.3047
-5.62518	6.5193
3.44711	6.9412
-2.90878	7.2
6.03006	-8.189
5.2395	-10.9885
2.29825	-10.5696
2.13402	-9.2731
9.94694	6.6824
9.43891	-9.6723
3.44647	-7.6166
2.52928	-7.1529
-0.30852	-7.2117
2.11352	-8.5446
-0.67996	-4.1187
-8.03874	3.2643
-7.4784	4.6244
5.14218	5.5211
1.68222	8.169
-0.60114	-5.8206
-8.81384	-5.9039
-4.25855	4.2357
-6.1615	6.0431
-2.85547	3.4108
-8.52554	-6.5351
-6.45129	-5.1674
5.71263	-4.2358
5.92522	-2.4012
5.92926	-2.0144
7.07919	-7.9136
1.14075	-8.2832
2.00323	4.5154
6.41782	-9.5409
1.78326	3.4767
11.1377	7.8607
-3.38916	4.7753
12.40121	-7.711
7.29612	-5.3305
-6.71363	-10.2923
-0.47827	-9.8676
-2.8886	1.3516
9.9022	10.588
1.3261	-3.9519
7.5414	-2.4111
7.34665	2.7356
7.02487	6.7976
0.66965	1.5501
6.81659	6.4975
-3.87156	2.6957
6.4463	-5.8553
5.5564	-2.4941
8.19244	4.0324
5.1427	-8.2371
8.40306	-1.7174
8.7773	-0.1661
10.9456	-8.2421
5.00142	-10.6611
4.36273	3.2286
-13.73077	-8.5451
-7.00188	-8.2966
-9.89784	-6.4478
5.36926	-5.2609
-8.2905	-4.4423
-5.1282	-4.8408
9.73988	-3.9098
-9.052	-7.7747
-1.93977	1.7846
7.23687	-9.7178
-1.31308	2.1117
-7.40136	-1.836
-5.78696	-5.5281
2.41132	-1.9039
5.57556	-3.1945
5.06155	-7.8052
3.18637	-7.6844
4.3562	-6.2994
-1.82748	-3.2735
-5.36655	0.6563
-6.75103	-4.443
-6.1063	-7.3236
6.8674	5.0898
2.33276	2.1045
9.3802	4.2486
6.8728	-5.9351
5.25647	-7.0482
4.10923	-1.3658
9.08275	-4.6595
9.28672	-5.2761
7.91897	5.6237
4.90016	0.1563
8.857	-10.7631
-3.92827	-5.4137
-7.55017	4.1905
-6.20899	-0.2771
-8.50697	-7.8505
4.9324	-7.8176
-3.76786	0.1954
7.00606	3.0515
5.29548	3.0241
7.25617	3.9879
8.71485	2.8376
9.58202	6.9212
-6.28857	7.3208
3.35681	5.4137
6.82287	-4.457
3.89814	-8.3547
-0.3498	1.7281
8.09963	-2.3385
5.38014	-5.6105
3.05762	-7.5891
0.66089	1.2168
7.97912	-6.5418
2.32923	-3.7969
6.1226	0.1045
8.5267	1.2537
9.22292	5.7654
-5.44937	3.2004
-9.09192	6.8844
-7.19235	6.2323
-6.28894	14.1333
1.16793	-7.0424
-7.3591	2.3766
-9.43057	7.4959
4.01938	6.3623
9.52164	7.9568
2.8815	8.1464
2.73508	7.9373
3.27548	8.8451
-5.85614	1.8068
11.47958	4.4242
9.12838	-0.7013
8.37138	-1.9961
8.32815	1.6772
7.23447	8.7823
3.26455	8.2746
4.43549	9.3447
-1.82224	4.9415
14.8207	-1.0384
7.0272	4.3699
3.43436	3.4764
4.99738	-1.8986
8.39996	9.2205
-7.2423	2.5989
-5.96723	-6.4324
-4.41547	-0.9472
-7.86914	-6.7062
-7.05621	1.3011
-13.65729	-5.6214
-4.88626	5.9249
-5.07395	6.4646
-6.6369	6.1694
7.13815	9.0317
-3.95367	-6.349
-6.03713	8.8
-5.5997	6.0696
-6.07835	-8.8225
-5.01758	-7.5069
8.1858	-9.3664
-0.56312	-8.1953
4.06345	2.4861
6.9772	-7.9297
2.62815	-8.9275
1.67935	4.4214
9.5925	-10.5235
-0.9243	-2.3696
-11.26454	0.9385
-12.40696	9.9808
5.2323	3.9489
-8.9452	4.8906
-9.73155	4.8931
5.79175	6.3899
-3.0475	7.7175
0.8697	8.4774
-8.26007	-6.458
-2.37738	-7.1793
2.15612	-7.5915
0.13863	-3.4034
-5.27064	-6.6162
2.38452	-2.7766
-5.62833	-6.5897
1.43253	3.6405
11.85532	-11.4214
2.83596	1.3845
-10.34878	-8.7731
-3.52256	-13.4745
2.45871	5.1426
-9.74325	8.5939
-8.76673	6.4718
6.15039	6.1089
-12.37794	2.6292
11.70372	7.7637
-0.538	0.9801
5.57422	4.6516
-0.38437	6.6382
3.88721	6.6171
0.54276	2.5099
-7.52774	6.9322
-7.7249	-7.8672
-8.78096	-3.9137
7.68432	-3.838
9.70447	-3.9678
-4.72217	-3.0133
-6.73544	-7.8852
-1.02167	11.6713
-8.08273	11.8792
-9.18848	8.0075
2.25278	-2.1869
7.03934	9.9507
16.86684	1.2512
-9.55645	-0.9247
-8.39087	-0.9518
-7.29794	-6.0654
-6.40124	2.4568
-7.0391	5.5611
-6.92328	7.3716
2.45322	6.6714
-4.79831	5.8881
-5.36073	1.0877
-11.5844	4.9767
-7.004	-4.026
-9.4286	7.1913
2.36293	6.8455
1.81131	2.2586
8.24298	6.7924
-4.4361	9.1604
-4.52078	6.5035
2.8981	-7.067
8.3891	-8.6626
3.14456	-10.1737
1.12085	-6.957
5.4318	8.4887
5.48725	11.2236
-4.67042	-1.6962
10.21768	-9.1565
4.58194	9.1788
7.05542	6.4097
0.75448	-2.1532
9.65263	11.4908
0.14172	-2.7717
6.40353	9.6699
4.73648	9.3078
0.41199	12.4907
0.45911	-9.401
8.29464	-8.8152
3.56565	-8.9914
-0.49985	-2.5529
-8.86368	-6.4181
4.18363	-4.8147
-7.98038	-7.4731
-5.14093	-1.6443
-11.4744	-7.7886
6.09021	0
9.34568	4.9802
6.66082	7.7381
4.71009	5.724
7.00268	7.8352
4.88828	8.0873
1.74038	8.5346
-1.25978	7.6665
-0.866	3.1355
-6.3211	5.2278
-4.7416	6.9678
0.0412	3.7698
-5.44471	4.3341
8.07457	-2.3797
7.94738	-6.5497
-2.74888	-5.0667
4.17692	-4.0172
6.45518	10.9919
1.7961	7.1333
7.97122	-8.3098
5.29196	-7.3988
-1.06408	-7.6383
1.18438	-7.4596
1.58884	10.0477
-9.45582	-5.698
-5.18728	-7.8631
1.68286	-3.4112
7.54212	-9.4369
-6.8006	-8.7024
-6.98026	-2.8742
9.64286	-5.7617
-7.03485	-1.7193
-7.85553	-4.3757
-7.07914	-8.7005
2.27295	-2.4857
-5.51001	2.662
-4.48422	-2.5821
-4.47217	-6.9543
6.3086	-5.7795
-5.45209	7.795
-3.85626	2.4568
-7.00165	3.4884
-13.23873	6.9541
0.48363	-7.0041
-10.80043	-9.0051
5.46062	3.83
9.12253	-10.2765
-3.95801	-7.8009
1.62024	4.7278
9.15189	6.854
-2.89977	-4.1637
9.8507	-1.1165
12.53344	6.6768
5.83679	2.0052
4.9581	-11.1891
-2.73788	-15.2613
1.94122	8.4618
3.79456	1.4054
8.70387	3.8636
6.48967	4.2231
-6.49249	0.6587
-6.89942	7.1476
0.91714	-0.1391
8.65906	5.5894
-4.80116	3.5658
-5.63985	6.8707
2.61423	0.6745
9.10275	6.0357
5.68157	2.3775
7.75117	-4.9484
6.6077	-6.397
-5.38525	-3.7315
-6.7117	-3.1673
-6.21022	-10.2456
4.2941	-2.6245
8.03648	-5.0019
7.76245	-2.9769
9.85917	-6.0313
9.17605	-11.914
-1.39625	-4.8558
6.6029	2.9598
6.7167	14.6465
-1.75307	-7.9897
4.698	-2.7617
10.15127	7.9287
-3.33315	7.8625
1.62805	-7.4641
7.541	7.3581
4.4334	-9.4533
3.96145	6.6569
4.43189	6.3105
0.11206	-6.0875
10.3255	4.2132
9.1145	8.6228
-2.32886	-0.8292
-7.2738	-1.1295
-6.1319	7.1359
-4.5838	-4.7387
-4.9458	-5.3054
-5.85054	4.9853
-3.6012	8.7619
0.6223	-4.2698
-7.3725	-6.0091
-3.9011	2.7115
-6.76433	2.723
-5.44733	4.5399
8.12286	6.1277
7.3687	2.6389
11.6184	7.049
10.777	10.0336
-2.03454	1.6106
9.9176	-8.918
3.03394	-9.0701
-4.18714	-6.1584
-11.16632	-2.5735
9.85896	-0.035
8.27	8.4971
3.23536	6.4907
6.36754	6.4367
-4.7994	8.5824
0.1512	3.8947
-5.90635	4.334
-6.0625	-2.3469
-8.54415	-4.927
-9.8948	-14.2554
1.6933	2.4548
-7.22994	10.138
-3.40276	3.9052
-10.0161	-6.9262
1.4896	-6.9446
2.4961	2.1164
-9.9969	-4.9058
-6.9076	-4.2286
-10.1759	4.9021
-4.1316	3.5683
7.4099	5.545
4.1224	7.4091
-7.31896	-6.5409
-6.5025	2.1586
-12.57428	10.331
-2.0495	0.1881
11.14621	12.3539
-0.80652	-0.7899
9.65097	-8.862
2.46098	-4.823
7.10787	-6.7053
3.54353	5.8629
5.33665	7.297
-5.04005	6.8298
5.27675	0.1871
-9.39612	7.1789
3.74243	6.7356
3.58698	5.377
6.55956	-13.0484
-0.61004	4.6786
8.99194	8.282
3.13465	3.5465
9.83685	-6.8274
2.8943	-6.6837
0.6083	14.114
5.27676	6.8821
1.12044	-1.0309
10.23124	6.4021
-0.55384	4.1217
3.3405	7.0204
-3.3261	6.1687
-1.63664	-8.5845
7.45464	-6.7469
9.87354	2.0821
12.23951	-0.3643
10.33551	-5.6147
9.42578	-6.791
-9.16104	2.1253
-13.3385	1.625
-14.74393	-6.5175
3.16993	-5.175
3.58165	-0.4153
9.81365	-4.0021
6.59724	2.2481
9.32746	-3.6945
7.7829	-7.4618
3.1073	-2.1301
-11.1802	3.2457
-7.82365	0.2951
-9.2627	4.2685
-8.38235	-5.2064
-7.78287	7.7921
-4.12743	7.7126
0.0315	-1.0156
-8.58473	-7.4648
-3.99917	-5.5846
7.4132	-2.6818
-7.1529	-4.2761
-6.9804	3.4971
-9.67685	-3.5435
-9.60595	-7.2668
-7.81605	-3.2781
10.44312	2.2684
12.11463	3.45
12.7456	3.1568
8.2581	-7.9062
3.18965	6.0351
5.16995	5.1086
6.1132	-3.6154
6.9018	-6.1044
-5.4713	-5.8518
-5.42184	-3.6107
7.62624	-7.8086
-2.8351	-6.4746
4.59845	-8.9149
-1.24725	-7.8248
-4.6427	-6.3243
-4.9384	-5.462
6.1738	4.33
7.26453	8.1773
1.69861	7.5741
1.61436	7.0708
1.09994	-2.5133
4.53386	0.3588
6.78614	8.3845
-0.1817	0.5098
-10.03424	15.5704
-2.0599	8.6366
4.3952	-7.2805
7.19345	4.6179
9.66325	3.97
9.8502	12.7488
2.176	10.812
1.8739	1.4127
-9.86883	9.7118
5.69873	8.2654
-3.6231	1.6648
-7.4024	5.5012
-5.0435	2.5003
-7.9948	-3.4073
-6.8021	6.4413
-4.34254	-6.3749
-4.8468	-2.8763
-6.85101	6.3575
-7.17108	3.0902
5.82696	9.9413
-8.10937	-4.5418
-5.57066	0.8649
-12.2798	10.7389
6.62695	8.8799
-2.70225	12.4601
14.0676	-7.3126
10.727	10.1795
4.40185	2.9965
10.69025	6.9903
-8.05274	12.9402
-6.5957	4.2587
-5.17969	7.2812
0.21733	17.0638
-5.0102	10.0498
-2.2555	3.894
11.81393	-10.7622
0.96607	-6.0225
10.21075	-2.5026
9.39085	-2.435
8.1454	-6.4818
-4.7048	-2.9048
7.0133	-7.0066
-2.3598	-6.0654
2.2734	1.2921
-8.58684	5.3161
-4.44456	6.1478
1.1598	5.3253
-7.5126	2.8938
-11.0637	-11.51
7.11533	-10.7283
-0.85089	0.5974
7.03196	-6.9583
3.23824	-3.5031
7.37976	6.5775
2.038	0.7186
11.1415	11.0324
0.20124	3.8317
6.35646	5.0877
4.8079	6.5078
-4.5972	-1.0423
-7.6091	11.3352
-6.9295	9.3691
-0.86724	-5.9436
-16.05029	5.7988
6.03643	9.5657
6.2853	0.1895
8.32115	9.0776
0.073	4.6072
5.10852	-7.8348
5.55933	-10.5024
-4.8434	-6.8415
5.54804	8.1982
4.89161	-7.7666
7.60615	9.2239
1.9496	5.9891
-5.7277	7.7514
-0.8899	-4.3231
9.4799	-8.1864
5.3617	4.6132
6.99606	-1.1901
7.15857	-8.4441
-0.40613	-3.0192
-7.2037	-4.6466
-7.2601	-9.4061
6.5517	0.3781
-11.8351	2.7128
-9.35796	-0.4224
-10.52934	-8.3859
11.172	-5.6371
4.6902	4.5594
8.24246	-7.589
0.87864	4.1687
9.3673	1.6083
10.3341	0.906
10.89927	8.7131
-4.78143	-2.7623
-9.5459	8.0502
-2.23834	3.8205
6.41436	7.5347
2.22764	6.6939
0.24764	6.511
3.74706	5.0843
4.3102	-4.8732
7.44915	-4.9322
-6.61945	-7.4082
-0.18774	-7.8572
-4.04086	1.0164
7.4958	-9.3012
0.004	-4.2585
10.43824	9.817
-1.8951	4.2883
7.8235	4.2476
-8.7247	5.794
-3.53867	4.0369
6.5401	-4.3303
8.63647	-14.0236
4.81104	7.6842
8.57666	7.9373
-2.2032	5.9005
-4.62205	-5.5192
14.02375	7.8661
1.49987	7.1593
4.99683	3.8811
9.576	7.4316
-7.5239	7.126
6.984	8.6363
1.91446	7.3117
-0.0409	7.3042
3.38584	3.627
-5.312	12.4265
1.2654	6.2462
-5.9381	-9.7995
-8.0636	-7.4884
-2.4213	1.1628
7.99764	-7.2754
-1.09759	-5.6063
3.26245	-7.6891
-1.6117	-7.5187
-4.4882	8.096
-4.98274	7.6749
3.92264	2.3872
-5.6659	7.7941
-3.45193	-6.4323
-4.01392	-0.354
-8.09495	-8.2399
0.075	0.4085
9.00031	-13.9388
4.1878	-9.3936
2.83244	-7.7957
-6.1891	10.6223
-5.773	10.713
2.9258	3.3161
-5.6439	-0.3512
-9.20876	-5.8536
4.7334	-8.5736
-2.29199	5.6015
-7.48695	-0.3348
-12.9774	-7.9657
12.36157	-6.7686
13.53943	-5.9365
-6.2686	4.8096
-5.4607	0.2037
-6.57454	5.0711
-4.43139	2.1477
-7.73181	-3.1761
-7.47656	-8.4403
1.85424	2.1796
-8.27164	-1.4869
-7.9817	2.9771
-8.1168	6.1463
-6.46006	6.8947
-7.73574	-9.5158
-3.7539	3.9145
-9.099	8.6204
-0.8667	6.3531
12.8517	8.2826
0.1704	-9.4715
11.07893	-6.7421
7.28527	-8.7074
1.63746	3.8499
6.80334	2.5449
5.72065	5.3583
4.7868	8.6318
0.38715	-1.7725
-13.5575	11.1407
2.0631	-2.2756
-12.9917	12.7602
0.3413	11.8535
-11.42204	-10.2523
-2.00329	-8.9105
3.99249	-0.5586
-11.08612	7.8267
-3.67764	7.6673
-1.74607	5.0542
5.63361	9.3651
-5.7251	-6.9758
-2.99694	-5.4909
-4.4573	-4.7133
1.2559	-4.9774
1.6207	-0.3946
-4.61443	-2.5325
-5.10577	8.0336
0.9787	4.6398
-4.2535	6.2633
5.84156	6.1829
3.1084	6.4423
2.82484	2.9556
-6.17164	-6.7401
-4.78856	-8.0352
-4.12086	-4.6992
-9.76868	-9.2352
-14.38452	7.719
3.3241	10.1424
2.48522	2.9561
6.74684	0.1934
7.04626	8.0892
4.8103	6.5885
0.21654	4.8
-5.38024	4.8654
4.78418	5.9132
3.34693	7.1405
1.38303	5.9665
4.68954	8.085
0.46306	-2.5429
7.3152	9.2268
-0.7926	1.4339
4.9343	-1.7183
5.95205	-9.4392
-3.4087	5.9998
5.07095	8.3659
8.18314	-7.1357
0.0726	-4.1904
-5.2534	-5.2763
1.74585	-6.7467
-5.69642	-1.0177
-9.91203	-6.8138
-6.50087	-7.543
-1.15603	-7.6105
-2.00815	0.3238
7.32098	5.6937
4.72237	6.5896
-1.02205	1.9374
8.12375	7.379
11.2931	10.1592
5.3425	8.4673
2.2465	3.9945
8.8699	10.7779
4.39164	1.3064
-13.216	-7.759
-0.51304	4.2962
-8.7714	4.3432
-10.4012	-9.5096
0.8593	3.1382
-11.6749	-6.6804
-5.18846	-4.2224
-7.76709	-9.5737
-4.78271	-0.021
-11.8147	-10.447
-3.32507	-2.3868
11.21838	-8.7355
-7.88409	-8.8569
1.23474	-7.3938
4.5309	-2.2793
-6.9956	4.2996
-3.23495	-4.5478
-4.60755	1.35
-8.25133	7.8198
7.65173	7.7436
-1.06525	9.7759
-3.70725	-14.0124
-8.29525	-16.049
-4.94092	-5.8614
13.56513	-7.0226
-6.1839	-3.8225
-8.04356	-13.3495
13.3331	-5.8682
-5.7848	7.4375
-2.0924	3.3015
-7.1732	-6.4611
-3.3137	-4.804
4.8264	-6.3551
-1.25264	-1.0819
7.73864	-6.5977
-4.1373	-6.6236
-6.4692	-3.3295
8.6814	4.1809
7.35224	7.9004
2.01171	5.9221
-0.23419	4.8637
1.35744	3.4457
6.7363	-2.7644
7.22224	9.1024
1.34966	4.4537
8.38276	-8.7519
3.25409	-7.8086
6.1496	4.414
9.2497	-6.2812
5.91515	-8.1138
2.5867	4.3669
-10.19436	-7.5556
-2.2627	5.1894
-7.18434	-7.8148
-1.9307	4.8013
-6.2745	8.1018
0.3015	6.0046
-0.7527	-9.8138
-6.6156	3.217
-7.9533	-7.9392
-2.2416	-5.673
3.26825	-0.6595
7.58038	-4.144
5.76282	-2.5489
7.38295	3.4917
4.9364	-1.1115
5.76177	-8.4393
-0.60667	-9.5124
-1.25063	-2.073
-6.30477	9.5747
0.2966	2.2656
-8.0269	-10.0522
1.24924	-10.6808
-0.81644	5.3749
-8.164	-0.3333
-9.16763	-4.297
-6.55297	-1.48
-7.9705	-5.7238
-4.0045	4.6017
-5.75426	9.0913
2.13026	0.4521
7.2754	4.4414
5.8862	1.8843
9.32936	1.035
10.25708	7.6112
-3.43909	1.8142
-6.78665	-0.3723
-7.00626	-3.1047
-6.99874	-0.3906
-6.75205	-5.282
-3.70775	-3.6581
-6.2253	13.939
3.95465	-0.5163
-6.47741	-4.7992
-2.92544	-3.2564
-6.9947	-1.82
4.9752	-4.1656
0.8095	-6.4127
-1.1739	-6.4086
-5.64275	9.401
-1.17525	1.7713
-5.3226	-8.5739
-5.4207	-7.3906
1.10007	-3.547
-12.80697	-4.1872
8.9671	3.3052
10.81466	-1.8226
7.84264	6.889
6.1005	8.5403
2.65556	-16.0272
2.73334	-12.0161
2.03295	6.1371
5.62268	6.2547
3.84412	-10.9737
2.6994	-5.0412
6.94061	-8.7317
-1.14599	3.9335
-6.52357	2.7156
-6.311	-2.7669
-9.2565	11.301
-4.2697	-0.279
-8.7674	3.4896
-8.85804	-7.6291
0.75784	-7.1984
1.40146	0.2079
11.83404	-0.6098
-6.693	-6.1812
-5.78557	6.5749
-4.82883	2.3606
-7.00393	9.8872
-0.46777	-2.3812
-8.48304	-1.0667
-7.8388	-17.7082
-12.67353	-9.2119
3.00251	-7.9466
-1.56784	5.9849
-6.74692	-7.7141
-0.34772	-7.8402
3.461	1.2527
7.25134	6.2059
5.14182	7.137
2.89343	8.1447
-5.23862	-1.3118
6.14343	-3.3783
5.69904	-3.8992
5.6426	-7.0159
-6.353	-12.0349
-7.9871	2.708
11.0211	6.1105
6.5096	-7.5299
5.0824	-9.2295
-6.855	-8.626
6.7431	10.7796
3.6264	-1.4214
6.90865	-5.7753
4.07782	5.8566
3.99597	-0.8639
5.39062	4.7508
3.5127	5.7571
-4.52986	-2.6068
-5.3995	4.946
-5.21005	4.8532
-6.3974	5.6562
-6.8576	15.4126
19.51445	-7.5354
7.77815	-5.8881
11.58465	7.4403
-2.09545	7.2129
-5.59525	3.3223
7.3814	-2.7056
5.6359	-3.6348
3.74085	-5.0817
1.24405	-1.9092
7.36307	-4.8778
5.93683	-8.5932
-4.5643	6.9797
-7.8468	-6.0584
-6.07	-18.1254
-11.01836	-7.611
-3.00299	-1.6832
-9.9436	-4.5803
-9.71995	-3.0495
14.5305	-9.1318
-3.32135	-11.2534
3.75311	-1.3409
8.03994	8.0108
5.71757	-6.4329
4.74773	-5.4319
-0.9139	-4.6773
-3.44254	-2.4772
-9.43402	-5.4775
-6.836	0.884
-9.61694	8.0081
3.8347	6.4897
-1.1341	6.5732
-1.04056	6.8942
-4.57129	4.1224
-6.99865	-12.2396
-0.8755	-4.6921
5.4835	-8.4247
-3.6911	-9.0374
-1.76383	-4.4877
-8.54371	-3.1977
-9.293	-9.0875
4.67434	1.9032
-13.82604	11.4059
-0.82006	6.2956
7.51537	9.1803
-2.109	-3.5724
-10.12513	11.1382
-0.27282	1.027
12.57724	-12.8905
8.95169	6.6099
5.14721	7.4196
-2.43666	6.2771
-5.65995	2.9922
8.09948	9.0195
-4.20613	9.6238
-4.89	9.6177
-3.54138	-13.4851
-4.23416	-12.6804
1.33554	3.6695
-9.17096	8.3948
-2.44544	8.1344
2.39414	8.2119
-1.8793	-2.0542
-8.0007	5.4954
-3.34241	7.6435
-0.0292	4.8467
-5.34222	-9.286
0.37067	-0.2196
-6.05167	-3.5337
-8.33264	-5.2333
8.26513	-6.6822
10.12135	-9.6831
2.94766	-8.3657
-3.81519	-5.6526
11.57123	-3.6206
-10.34497	-9.0581
0.77577	-3.4058
-9.39684	-0.8391
-8.54733	30.3889
6.88684	9.0681
-0.0781	0.2107
-10.16748	0.8858
-8.13744	8.5446
-0.5026	7.6142
2.53844	3.515
-8.23094	-10.6751
-3.75487	4.6888
-3.05407	5.6425
0.15004	5.5661
-1.74797	4.8197
-4.01047	2.3995
8.53869	-4.8098
5.22855	-1.7866
7.2948	2.5039
7.203	-4.7703
5.3071	11.1188
3.72144	-1.7444
6.27658	8.6216
5.33238	8.0248
-3.69527	-5.5891
-6.01687	6.9293
-6.52478	2.7469
-13.38788	-7.5626
5.85654	-7.2643
6.08826	-2.5919
-7.82615	0.9559
-8.21625	7.8304
0.70194	4.4818
-4.9169	-3.7307
-5.86524	9.184
2.263	-1.471
-9.44635	-9.5509
-0.32175	-5.9348
6.04468	-2.3241
-9.65213	11.9351
-1.67779	12.3871
2.68762	-4.484
-8.4884	-6.3176
-0.19562	-7.6881
0.46754	-8.1377
-2.7516	-6.766
7.17005	-8.8292
-3.8689	3.1043
11.24425	-5.3071
-3.49987	-7.0268
3.87403	-5.7178
5.64674	1.6311
7.67653	-6.1681
-1.82565	2.314
-13.87531	5.7625
-6.39117	-1.8488
-6.9352	9.872
-2.8237	-5.404
-6.59846	6.4699
-0.98181	8.2466
5.98637	8.377
-2.18834	-3.8971
-6.31348	7.6725
-1.24401	3.4343
-8.06635	3.0933
13.09125	9.1662
2.44879	-1.1982
-12.71491	-3.3516
-10.95318	3.994
-10.29242	-10.7257
0.62109	-4.0818
6.9419	-8.5052
-5.89124	-0.3987
8.32346	4.8865
4.35327	-3.8278
6.16861	-6.622
5.39343	-1.6722
-8.53907	0.5404
-7.53014	-1.3312
-15.23656	8.2772
-3.3915	8.1394
1.76423	8.2457
-3.41138	-8.6232
-7.44385	7.5294
-6.15668	-6.7735
-7.69702	-5.4813
-5.7131	-1.2763
9.98886	-5.7922
5.86834	-5.6975
6.98563	-7.9741
5.67942	-8.1521
-3.57788	-1.6763
-10.02012	10.5654
0.70362	4.089
-8.11133	-3.5436
-7.19674	10.3445
0.20956	8.4419
-7.57511	15.2925
-13.48871	8.3392
-6.6838	-5.4354
-3.17581	0.9884
-11.32843	6.665
6.9672	6.8433
-4.06208	3.0687
-8.05082	8.1094
0.1302	-4.3112
-10.38148	-5.7317
-8.95192	-3.8813
12.26223	-4.2626
7.3684	-7.781
-6.55581	-8.8254
-0.0871	0.6793
8.47772	-4.3302
8.21701	8.3396
1.43042	-3.5247
8.68483	-13.8901
12.4801	-6.3955
3.89464	2.0356
-10.67358	-4.4821
-7.78866	-6.9693
-3.29993	-5.0913
7.93975	8.4788
4.32048	-6.3247
5.72432	5.3022
6.27524	-8.8222
3.52881	-3.2061
9.16986	-2.7903
-14.61373	0.8113
-8.30692	-1.5615
-8.79514	1.1049
-8.15826	8.3738
-4.40256	-4.9801
-7.10495	-8.8473
1.07571	-2.6446
7.91608	-13.3549
-2.72566	-5.6576
-11.61244	-13.155
-1.09494	9.0643
10.15708	-5.5831
8.42638	-4.4987
-8.63412	-10.125
-4.7898	1.0484
9.58411	5.0979
6.026	-4.5105
9.35107	8.7239
-2.1679	8.6792
-1.12567	5.4531
-7.26142	5.8191
7.33575	5.9101
-10.58618	4.19
8.98578	3.3506
7.5669	-2.1248
7.96664	-6.8052
-4.24314	-6.7187
-0.49505	-6.6376
-1.02038	-6.6561
1.21223	-1.2323
9.80003	-6.1154
6.79609	-8.8911
5.37002	4.146
8.30826	6.3632
4.41492	7.9319
-0.9661	-5.2753
-8.74632	7.2589
-3.3839	10.0959
0.25107	-6.3864
-7.474	2.2219
-7.30081	8.8048
5.20017	10.5402
2.92867	-5.3795
9.96616	5.3315
9.87247	0.5372
11.71554	7.0496
9.12113	3.7826
-5.57916	12.4073
4.83216	-5.0324
6.03432	-11.9108
0.89258	4.822
5.56226	9.0957
1.62637	2.7656
7.87384	-7.1539
-1.35104	-3.2543
9.34451	-4.0751
3.61484	-5.0865
-6.22925	5.8318
-5.71106	-6.2539
-4.9548	-5.4617
-6.90641	-4.4127
-7.51456	-4.9778
-8.9216	1.4756
-10.4492	-8.0159
-7.3234	-3.0838
10.5415	2.0859
14.06402	-8.3032
-5.82757	-6.6151
-5.16291	-7.3397
5.98716	-9.2666
-4.1959	-8.0542
2.69745	-8.3578
5.15912	-8.8639
-0.85797	-2.3035
-7.33313	-8.1649
0.47769	-9.5647
-2.86023	-1.082
8.66654	-8.1596
-4.26505	-1.9254
-8.99902	-7.3131
6.82724	-2.5824
-8.89644	5.1632
-7.63756	7.3019
-2.27684	5.6175
7.75057	9.2276
1.68875	9.3707
1.24756	-4.087
-8.18256	-6.3189
-3.90927	3.2295
-5.06479	-5.806
-3.33374	-3.5648
8.91403	-8.7425
-8.70593	-7.9293
1.12021	-1.8944
-9.63898	-7.5603
3.46158	-6.7927
-3.64176	4.6223
-7.49383	12.1388
-2.52264	7.801
1.61065	9.3121
-2.14929	-5.5743
-11.2092	11.859
3.41014	-0.5137
-7.58726	13.7259
1.58896	3.1244
8.5174	4.075
9.37984	-9.3379
5.72498	-4.7572
-9.86522	-8.3956
8.19887	-6.5999
2.70801	-6.7207
-0.24952	6.4429
7.92658	10.9474
-5.66814	4.2426
4.35082	4.144
5.17321	8.9507
3.37421	-3.6302
6.95336	2.5545
8.42292	4.1035
6.4332	6.8477
-8.39157	16.377
2.59625	-6.9652
-7.989	-7.9751
-6.8259	-10.6219
-10.74272	9.4761
-0.58758	4.0824
-7.46936	9.986
5.70733	9.3665
-8.43697	-3.5673
-4.07532	-7.2945
2.4794	-6.7588
-5.95346	8.5082
-8.24542	-8.0554
-1.0375	-9.5179
5.82006	-0.2501
-11.10746	9.5466
-4.4545	-0.2409
-10.0692	-1.48
-9.16297	12.6365
-1.5987	11.3253
-2.70636	4.9073
-8.46087	9.0326
0.6883	-0.222
9.09478	11.711
0.34814	-1.9649
11.44223	10.745
-4.13145	20.629
-9.17137	7.5256
9.42557	7.924
5.9609	-3.1942
-12.4503	1.536
-7.36452	-9.2006
-3.07864	-11.7812
-3.6807	-6.1856
-10.544	-7.967
4.50348	-9.0305
-7.54962	-9.2945
-4.67426	5.7117
-4.06134	7.4515
0.55707	-7.0076
-7.04026	8.1256
-2.20866	7.5551
2.23193	7.2675
-4.30534	-5.5663
-6.63881	-4.0963
-4.30395	11.8658
-2.53969	8.5616
2.71676	-3.3178
7.71973	0.1926
9.97778	-7.3938
5.43262	-10.3923
3.3687	19.8977
5.16876	5.9933
-10.69746	5.9159
7.87948	6.0798
7.69394	-8.8515
3.7441	9.596
5.37016	5.8687
6.88444	0.8351
5.94408	14.4417
-1.11318	-3.0216
-10.4335	-10.3296
-2.89582	-2.0343
-16.18115	6.2574
7.67777	10.8195
-2.3377	6.6366
7.49864	10.2947
1.41952	5.4116
9.02439	0.8631
11.0488	7.8872
-2.4021	9.5411
-6.80848	-7.4867
-4.66487	-5.9614
-7.80586	-4.0842
-8.50854	-8.4126
-1.72586	6.0846
-9.24988	-5.9829
-5.3902	-3.9917
5.03314	-4.45
5.47284	-10.8828
-1.50802	-5.2081
-4.57517	-5.5335
-3.20117	-7.7348
3.36795	-5.4676
-6.04118	-7.0675
-4.5241	3.6018
-7.52852	7.406
3.75641	7.1865
3.74195	9.4496
1.49731	5.8327
-4.5449	6.977
-0.053	-4.7447
5.61672	1.8255
5.35414	7.1152
-4.6315	2.0171
-6.99579	0.6686
-8.74455	10.4695
4.48097	-0.6298
-9.73327	-6.3227
-11.73057	-6.7414
6.38087	-7.6521
4.04224	0.4978
8.72271	-9.0425
0.94116	-7.6212
0.69083	-4.9148
-4.04355	-4.6654
-0.68531	-4.4186
-2.06718	-6.386
-0.16443	-6.5424
-5.56422	9.6911
-4.91648	8.7385
1.78773	6.0966
-1.3257	6.3134
1.85899	-1.459
6.93891	6.9584
-4.87507	1.8821
-7.44694	-10.094
-2.80669	-10.773
-5.10251	7.5867
-3.31041	7.3177
1.12737	-2.4991
-9.05289	4.9361
-8.53444	9.4692
-4.20119	1.9909
7.52127	-5.7975
5.56414	-1.0104
8.13849	5.8803
6.88952	4.6623
-8.40735	8.4401
-0.50764	8.5271
1.97934	9.7144
-4.27219	-7.6174
-9.73326	-12.0191
0.64264	0.504
-9.88649	-8.8526
-2.48828	-2.3195
-5.58212	-0.3863
-5.49573	-1.1434
-7.16422	1.758
-12.75903	6.3012
-0.28767	-1.675
-13.71286	6.9687
8.89598	8.3793
1.2128	7.8336
-2.00217	1.0077
-7.62071	8.6335
6.96095	0.9312
-7.14845	3.5682
-4.32565	-0.6414
-7.44223	-7.7055
-3.54587	1.0194
7.48954	-8.1615
-0.16571	-9.1528
6.87145	-4.2306
-9.23944	0.7617
-10.23718	13.3633
0.98456	-6.0277
-9.44232	7.1921
-4.49601	2.9766
-7.036104	5.8994
-6.933016	8.3098
0.823046	-4.2004
7.542404	9.9352
1.870384	0.2995
6.221886	-5.8251
1.99938	-8.2452
-0.489004	4.4364
9.632984	10.409
4.83249	1.0153
-8.67315	4.3994
-7.79511	-3.6282
-11.303214	7.8848
-2.782896	-9.4625
-6.645395	5.6948
-8.951352	7.5148
5.475647	8.2833
6.67354	2.7661
-11.44496	9.7887
6.6129	4.4732
-8.70493	11.0501
-2.70346	-5.5899
12.45064	5.9599
-4.14774	5.438
-2.6716	3.8299
-3.776044	9.625
2.820591	-10.4375
6.103613	3.0339
5.36807	-9.9024
2.06552	-2.7281
10.43228	-5.2068
-7.47959	-7.0869
0.90758	-6.1327
-3.0194	7.8337
10.655755	-4.9213
8.463765	-7.5087
0.74975	2.9175
-7.83792	-1.6293
-6.32788	-8.2119
0.261985	-7.7504
3.778805	8.3338
5.48712	-7.3915
3.34947	-3.1032
8.217	10.7793
-2.01792	-4.766
6.81221	-6.7429
8.43388	-11.3664
1.62378	-2.5232
12.53248	8.2297
6.52908	4.2041
-9.90727	11.9251
1.13571	3.1794
9.24718	-9.0352
5.8652	-7.2294
4.13513	-8.5887
0.68022	-7.4591
-8.85107	-0.5365
7.42558	-2.7995
6.11679	8.2761
5.29804	10.5364
0.67624	9.9711
-3.55313	6.7222
3.7799	9.1725
-1.08432	-9.822
-10.57593	7.2552
0.56807	7.5204
0.29436	8.6633
9.0291	-7.0119
3.06546	5.3716
4.4435	6.9759
3.34127	7.5722
5.79746	-5.3061
7.45573	-6.0787
12.355	-2.0914
13.64677	-4.9605
-6.48157	-7.4338
-1.68653	-4.4363
-6.98764	-10.8214
4.78994	5.1893
5.6514	6.4431
6.7396	8.7173
3.96258	-4.2809
7.19812	9.6044
0.39118	5.3369
-4.67133	3.4782
-8.66	3.7086
10.73477	4.0119
6.46008	1.83
13.19093	-5.696
-5.6308	-7.3814
-4.97898	-2.3104
8.35818	-7.9707
-5.80191	-7.4561
11.62016	-0.5515
-10.20184	-6.2209
-2.5685	3.5443
-6.03021	-8.4967
0.25046	-5.2039
-5.1488	11.7915
-0.95107	-5.3952
-2.65788	-4.987
-5.50607	-5.9485
-3.99352	-8.389
-1.72722	-0.9728
-6.21304	0.8163
-7.17261	4.8332
-6.15341	2.973
-7.40735	6.3765
2.47386	0.4673
5.42165	-3.4128
5.94963	-3.2803
6.10249	11.2528
-6.68429	4.4993
-6.20099	0.8192
-7.74852	8.8483
0.349	0.7961
9.56385	9.0764
-1.33229	0.7522
-8.12664	-1.3629
-5.37387	-4.4364
1.04683	-3.2471
-3.67908	-4.9069
-1.58463	-5.6247
-0.50793	-5.9555
4.56598	-5.4055
-4.15125	-7.3405
2.51967	-7.3662
3.01756	-5.8158
-5.20138	-6.8236
1.75512	-1.6366
-6.59957	-2.293
-4.73591	-6.2019
5.01661	-5.3098
-4.69545	-5.3058
-3.55597	-6.4395
0.37478	9.8107
-9.25488	4.1892
5.13258	5.0302
3.72507	2.6683
-7.09128	1.1116
-8.38162	-7.7641
2.2663	-11.7385
0.43974	0.152
6.93095	-9.7649
-3.03608	1.8361
6.74983	0.038
9.01464	6.801
-0.42863	4.8653
4.60205	4.8227
3.99765	7.4757
2.16103	6.8524
5.82802	2.2256
7.11476	8.69
-2.90164	-5.4451
9.2977	-3.168
5.47424	2.1936
5.80982	4.0926
7.52317	7.6993
0.55693	-1.3615
6.8783	7.1593
1.5815	-7.8875
5.3499	2.7396
5.85553	-3.8411
6.10279	-3.5228
5.99968	-8.6843
0.25989	7.532
-11.57169	-6.4786
-3.8926	4.5188
-8.62212	-6.3144
-8.92822	-7.9238
-6.63295	-7.585
5.19458	10.9246
9.04872	-5.109
7.69066	-12.7248
9.12983	9.2788
2.61754	9.2262
-1.99173	-6.0013
12.9101	2.9906
10.48469	11.0807
-5.50431	-3.9776
13.82696	10.8536
1.22132	-2.4815
-7.30723	11.3023
-4.5148	-2.7234
-9.08151	3.3067
-9.49585	3.963
-7.66302	6.9978
2.63646	4.9316
7.3952	-9.731
3.47252	6.9995
5.82788	14.0608
4.30643	3.5783
-6.60532	5.7229
-4.03217	4.2917
7.63834	5.9283
-6.67134	5.461
5.78682	8.5356
-0.48419	2.9035
-7.51575	7.3982
5.86233	9.6418
-4.65807	-8.3367
-6.27805	-9.2771
-5.36849	-1.3342
-10.02806	-0.536
-8.9411	-8.8719
0.20703	3.0998
-4.91444	2.8731
-4.6488	-8.4117
-3.26496	2.76
-9.14302	6.2758
-5.98277	0.4283
11.99803	5.957
-4.07275	9.4469
2.82922	7.6569
-4.13339	5.5255
-6.64832	13.0408
1.46947	9.0828
5.2621	7.8021
-4.11139	-0.8213
-11.69421	-10.3586
0.94717	-11.2073
0.95847	10.2364
-10.81764	8.9379
-4.72474	9.2943
3.66242	-2.4588
-11.79228	10.6451
-10.8441	-1.3817
14.46021	0.9123
11.95835	-5.9361
5.00149	5.6988
5.32758	-5.4729
3.08882	-0.1074
7.94923	-3.5846
8.75858	-6.3249
8.70319	-10.9157
-3.02532	-9.0743
-1.75928	1.5244
-9.7689	-10.1445
7.07422	-2.7045
9.69986	-8.2695
-6.2714	-9.575
-2.98047	0.866
7.05716	3.5246
7.14011	2.9915
10.5112	7.301
-7.74156	14.7792
0.67651	11.2939
2.11904	-18.6964
5.5025	-1.208

