0.0	0.0
0	2
2	1
4	1
2	2
4	3
2	5
3	7
2	8
4	7
2	7
4	9
2	9
4	11
2	10
5	11
7	12
9	12
10	14
11	12
13	12
11	11
11	13
10	11
12	12
14	13
16	12
13	10
11	8
9	8
7	8
5	8
7	9
10	9
12	8
13	6
10	8
8	7
7	5
9	4
10	6
8	5
7	3
6	1
8	2
7	0
9	-1
11	-2
8	-3
10	-3
8	-1
6	0
3	0
2	-2
4	-1
5	-4
7	-2
6	-5
8	-6
6	-7
4	-8
5	-10
7	-10
6	-12
4	-13
5	-15
3	-15
5	-14
7	-12
4	-11
2	-10
1	-8
-1	-9
-3	-10
-4	-12
-6	-14
-8	-16
-7	-19
-6	-17
-4	-19
-6	-18
-7	-20
-5	-19
-3	-21
-5	-23
-5	-26
-5	-29
-7	-30
-9	-31
-8	-29
-10	-28
-9	-26
-9	-29
-11	-30
-12	-33
-10	-35
-12	-35
-12	-37
-12	-39
-10	-38
-8	-40
-6	-41
-5	-43
-6	-45
-4	-46
-3	-47
-5	-48
-3	-48
-5	-47
-5	-49
-3	-49
-1	-50
-2	-52
-4	-54
-6	-54
-5	-52
-7	-52
-5	-53
-6	-51
-7	-49
-9	-48
-11	-50
-12	-52
-10	-54
-9	-57
-6	-57
-8	-58
-7	-55
-4	-56
-3	-53
-3	-50
-6	-50
-8	-49
-9	-52
-6	-49
-6	-52
-10	-52
-11	-48
-12	-46
-13	-48
-14	-50
-15	-52
-15	-50
-14	-48
-15	-46
-13	-45
-11	-45
-13	-43
-15	-42
-13	-44
-14	-46
-11	-47
-11	-44
-9	-41
-12	-43
-13	-46
-12	-49
-16	-49
-15	-51
-14	-53
-16	-52
-17	-50
-16	-53
-14	-55
-13	-57
-16	-57
-18	-56
-16	-55
-13	-56
-16	-54
-13	-53
-15	-49
-11	-49
-16	-51
-20	-52
-23	-51
-17	-48
-17	-53
-17	-58
-15	-59
-16	-62
-18	-64
-19	-66
-18	-68
-18	-65
-20	-63
-18	-61
-17	-63
-16	-60
-19	-58
-21	-59
-18	-57
-20	-60
-17	-61
-17	-65
-19	-62
-21	-65
-19	-67
-16	-67
-21	-67
-24	-68
-19	-65
-21	-62
-22	-67
-16	-66
-11	-67
-9	-68
-9	-65
-7	-64
-8	-65
-7	-63
-6	-65
-5	-63
-3	-65
-4	-68
-8	-68
-5	-67
-6	-63
-4	-64
-6	-61
-7	-58
-7	-62
-10	-61
-11	-57
-6	-56
-6	-60
-2	-60
-5	-56
-5	-51
-3	-54
2	-56
7	-57
7	-54
8	-51
9	-48
12	-48
11	-50
12	-53
9	-53
7	-50
3	-48
-1	-45
-4	-45
-2	-44
-1	-46
-5	-46
-3	-44
-1	-42
-3	-43
-2	-41
-3	-40
-1	-41
-3	-41
-5	-42
-8	-41
-4	-41
-1	-40
-1	-37
-1	-35
-3	-34
-6	-34
-9	-34
-7	-35
-9	-33
-11	-31
-12	-34
-10	-36
-8	-38
-9	-36
-7	-34
-11	-34
-14	-35
-11	-38
-13	-36
-13	-40
-13	-37
-14	-41
-15	-45
-13	-49
-14	-43
-13	-39
-10	-37
-7	-40
-6	-36
-6	-39
-4	-43
0	-42
2	-38
0	-40
-2	-37
-2	-40
1	-37
-2	-36
-4	-38
0	-37
-2	-34
1	-36
4	-37
1	-35
0	-32
3	-33
-1	-34
0	-38
-1	-32
-3	-29
0	-28
-2	-29
0	-26
-1	-28
-4	-27
-5	-30
-4	-34
1	-32
4	-28
6	-27
3	-27
4	-29
4	-25
4	-23
2	-24
3	-26
0	-27
2	-30
2	-25
2	-22
4	-21
2	-20
1	-18
4	-18
6	-18
6	-15
4	-17
6	-16
3	-17
4	-20
2	-17
1	-14
-1	-17
-2	-14
-1	-12
-2	-9
1	-9
-2	-8
-2	-11
-3	-14
-1	-13
3	-14
6	-10
5	-13
4	-9
7	-9
5	-7
2	-8
5	-9
8	-5
7	-3
7	-7
11	-6
12	-2
15	-1
18	-3
15	-3
12	-3
15	-5
19	-5
22	-5
23	-3
23	-1
25	-1
22	-1
24	-2
24	-5
22	-6
24	-6
22	-8
23	-10
21	-8
23	-7
21	-9
22	-11
20	-13
18	-12
18	-15
18	-17
20	-18
21	-20
20	-17
19	-15
17	-14
21	-13
20	-10
20	-7
18	-5
20	-8
21	-5
19	-8
16	-10
19	-14
21	-11
25	-9
21	-7
24	-4
23	0
24	2
26	2
25	4
24	6
21	6
21	10
21	5
25	7
26	4
25	6
23	3
24	0
21	-1
24	1
21	3
17	6
12	10
10	7
10	4
9	1
10	5
13	7
10	10
9	13
9	16
10	18
11	17
11	19
9	20
10	22
13	22
15	21
17	23
15	24
13	24
15	25
14	27
15	29
15	31
14	30
12	31
13	30
13	32
12	34
11	32
11	30
12	32
15	32
15	34
17	34
17	32
18	31
16	32
16	30
17	28
19	28
21	26
18	28
21	28
24	29
25	27
25	25
23	24
27	24
26	26
24	28
26	27
25	29
27	28
29	28
31	28
30	30
28	29
28	31
27	29
29	30
26	30
29	29
27	27
27	30
28	33
30	31
32	29
32	32
32	35
31	33
34	34
33	31
31	27
30	24
28	22
26	22
26	19
29	19
27	19
29	17
27	16
28	18
30	19
27	18
29	21
27	23
29	26
31	29
26	29
29	32
32	28
30	34
33	36
32	33
32	38
34	40
35	42
33	42
35	43
35	45
34	47
36	48
34	48
36	50
35	51
37	51
36	53
36	51
38	52
37	55
38	57
39	55
36	55
35	53
33	51
32	54
35	54
36	57
35	59
35	61
36	63
37	65
37	67
39	66
41	67
40	69
42	70
43	71
43	73
42	71
41	72
43	72
44	74
42	72
43	70
40	68
38	67
39	69
41	71
39	73
37	74
38	77
41	76
43	76
43	78
43	80
41	81
40	83
38	82
40	79
40	77
41	79
39	79
42	77
44	76
41	75
41	78
40	75
39	72
36	71
40	72
43	74
43	79
40	80
40	84
42	86
42	88
41	90
43	88
45	86
43	87
41	85
38	85
42	83
44	82
45	84
46	86
46	83
44	86
46	88
45	85
42	84
45	82
42	80
44	83
42	79
44	75
41	70
41	66
41	63
40	61
38	62
36	60
33	61
35	60
32	60
32	63
35	65
36	62
38	65
39	63
41	61
38	63
41	64
38	64
38	68
36	65
40	62
42	66
42	62
42	67
38	71
33	71
29	72
28	73
26	73
27	74
27	72
25	73
25	75
25	77
27	77
28	75
27	73
25	74
23	76
22	73
23	70
22	72
25	71
27	69
29	69
31	71
28	72
29	70
30	73
27	71
24	71
21	71
23	68
25	68
27	68
28	66
31	64
26	64
26	67
24	65
22	63
24	63
23	61
22	62
22	60
24	60
24	58
23	57
23	55
22	53
24	54
22	51
19	52
17	53
19	54
21	54
23	52
20	54
21	56
22	58
20	59
18	59
17	57
18	55
20	56
19	58
21	57
23	58
21	59
22	57
24	59
22	61
24	62
21	62
21	60
20	58
17	58
19	61
21	61
19	63
21	65
23	66
21	64
20	67
23	69
25	70
22	69
25	67
23	65
24	61
25	58
26	61
29	58
31	60
29	57
32	56
35	56
38	55
36	58
39	56
35	58
33	54
33	50
36	49
34	51
37	53
34	56
38	53
40	58
35	63
33	59
37	57
32	62
26	62
27	57
30	59
25	61
20	63
17	60
19	57
22	55
18	57
18	53
17	56
17	51
18	49
16	50
16	47
18	45
21	45
21	48
19	48
17	46
15	48
13	45
14	42
15	44
12	42
13	39
13	41
12	38
13	40
13	43
9	42
10	36
10	33
12	36
11	34
10	31
13	31
14	34
16	36
16	34
17	36
19	36
17	37
17	39
19	39
19	41
20	40
18	41
20	41
21	39
18	39
16	37
18	36
19	34
21	32
23	33
21	31
23	32
23	35
19	35
20	32
17	33
16	35
13	37
15	39
17	42
19	40
21	42
18	44
17	41
19	44
18	40
17	35
17	31
20	31
16	31
19	33
15	30
16	27
13	27
14	25
13	23
10	25
8	23
7	25
8	27
10	29
10	26
8	24
7	21
5	20
3	18
6	18
6	16
4	15
6	13
3	12
1	14
5	14
4	17
7	17
6	15
8	13
11	15
10	13
13	15
14	16
14	14
13	11
12	15
14	17
12	17
10	17
9	19
11	18
14	18
12	19
15	19
14	23
14	19
14	15
14	10
7	10
9	7
10	3
6	4
5	7
4	10
3	14
7	13
4	16
8	16
12	16
8	17
6	20
8	19
5	18
1	16
3	22
7	26
8	30
12	29
11	26
11	29
9	25
8	21
6	17
1	15
4	8
5	12
8	6
8	1
3	1
1	3
1	0
-1	-1
1	-3
2	-1
6	-2
10	1
5	3
1	5
-1	2
-2	-2
1	-1
-2	-3
1	-4
0	-8
-4	-9
-4	-5
1	-5
3	-9
6	-4
0	-6
-1	0
3	4
7	6
12	9
7	2
10	-4
13	0
19	0
14	-1
9	-5
16	-5
18	-10
18	-16
18	-20
20	-19
17	-18
18	-22
17	-24
17	-27
19	-26
17	-23
20	-22
16	-21
19	-24
16	-28
14	-29
16	-31
15	-33
17	-34
16	-37
14	-36
15	-38
16	-36
14	-38
13	-40
15	-39
17	-41
14	-39
13	-42
15	-42
16	-39
13	-36
11	-35
8	-33
12	-34
15	-35
18	-36
14	-34
15	-30
13	-28
17	-29
14	-27
18	-25
19	-20
13	-20
19	-23
19	-16
13	-19
7	-24
4	-22
3	-19
-1	-20
-4	-20
-4	-17
-7	-17
-3	-16
-3	-12
-5	-16
-5	-12
0	-9
-4	-14
-6	-20
-2	-20
0	-23
-2	-22
-5	-20
-8	-24
-10	-26
-8	-23
-5	-25
-1	-25
3	-24
2	-21
5	-18
0	-21
1	-26
1	-22
-2	-18
-8	-21
-7	-27
-10	-29
-11	-32
-10	-27
-6	-25
-7	-29
-9	-23
-10	-30
-7	-37
-2	-42
-2	-48
-6	-48
-5	-45
-3	-51
2	-51
3	-44
10	-45
9	-47
12	-45
11	-43
9	-44
11	-41
13	-43
12	-41
14	-43
11	-44
14	-46
10	-47
13	-45
14	-41
10	-39
7	-42
7	-36
3	-34
2	-28
1	-23
6	-28
4	-24
-2	-24
5	-22
-1	-26
7	-27
13	-25
9	-30
12	-35
16	-38
11	-40
6	-37
7	-32
9	-26
13	-33
17	-30
13	-32
18	-28
15	-34
20	-37
15	-31
21	-36
15	-41
21	-39
16	-30
6	-33
12	-42
16	-46
11	-51
7	-51
12	-54
12	-50
10	-55
9	-59
9	-57
6	-57
5	-61
7	-58
10	-60
11	-58
10	-61
11	-59
8	-60
9	-63
8	-65
7	-67
5	-67
6	-65
8	-63
9	-60
11	-57
9	-61
10	-57
15	-56
6	-56
5	-64
4	-67
6	-68
9	-67
8	-62
12	-59
14	-66
8	-68
3	-68
4	-65
8	-66
3	-65
6	-60
6	-67
0	-64
2	-59
-5	-62
-1	-60
3	-66
-6	-66
-10	-66
-13	-65
-16	-61
-12	-56
-19	-55
-20	-59
-22	-53
-13	-54
-15	-47
-14	-40
-7	-38
-10	-31
-6	-38
-13	-42
-7	-46
-2	-51
-3	-58
-4	-50
-8	-57
-10	-65
-7	-68
-8	-63
-12	-67
-5	-66
2	-66
-8	-60
-11	-68
-15	-58
-11	-66
-22	-66
-18	-58
-21	-68
-20	-54
-23	-68
-6	-67
9	-64
11	-49
10	-40
13	-49
11	-37
14	-47
0	-49
11	-54
4	-66
12	-47
20	-32
6	-25
-6	-29
2	-34
-4	-47
8	-45
18	-29
8	-16
15	-9
22	-13
24	-7
22	-2
26	1
27	6
25	3
27	9
28	12
27	10
26	13
28	13
26	11
27	14
29	16
28	20
30	17
29	22
30	27
27	22
23	26
20	30
16	28
16	24
15	27
11	28
9	32
13	36
14	40
18	42
15	45
19	49
21	47
23	49
20	51
20	55
21	50
18	54
20	49
15	49
11	50
16	54
20	48
15	50
9	52
19	60
25	62
27	67
24	72
28	71
29	75
26	76
28	77
28	80
27	82
25	83
25	80
24	78
24	81
27	83
30	83
28	82
25	82
26	86
29	87
31	87
32	88
30	88
30	90
29	89
31	89
30	87
32	86
30	84
28	87
30	89
29	91
29	93
30	91
28	89
31	88
31	91
29	90
32	89
34	92
31	93
29	95
30	97
30	99
29	101
27	99
27	101
29	98
27	97
25	98
23	100
26	98
28	100
31	99
34	99
32	98
33	96
34	98
36	99
35	101
37	101
35	103
36	105
34	105
35	107
33	106
34	109
36	108
34	110
37	110
34	111
37	112
39	114
37	114
39	115
38	117
40	118
38	120
39	119
37	120
38	122
37	121
39	122
37	122
38	119
36	117
38	115
35	115
35	112
38	114
35	114
36	118
39	120
39	123
41	122
40	124
41	126
40	128
42	129
41	127
39	128
41	131
43	130
45	129
46	131
46	129
48	128
46	127
47	125
48	127
49	129
49	126
51	125
53	126
54	128
52	128
51	126
53	127
55	128
55	130
57	129
56	127
55	129
57	130
59	132
59	135
61	136
57	136
57	138
58	140
56	140
58	138
59	140
59	143
59	146
59	144
59	147
60	145
58	143
60	140
59	136
56	137
54	135
57	135
58	132
55	131
53	133
50	134
47	134
45	133
43	134
41	135
42	137
43	139
45	139
43	140
44	142
44	140
45	142
44	144
44	146
46	145
45	147
47	148
45	150
48	149
47	146
45	143
46	141
45	144
42	144
42	146
41	144
39	143
38	140
40	138
42	138
40	139
41	141
44	141
41	140
41	137
43	138
40	136
39	138
37	139
34	139
31	140
31	136
29	136
30	134
28	135
31	135
33	134
35	136
33	135
31	137
31	134
29	132
28	133
29	131
29	129
28	127
26	128
28	128
27	130
29	130
28	132
30	133
33	133
33	130
30	131
28	129
26	127
26	130
23	129
25	128
24	125
22	126
20	126
21	128
19	129
21	130
19	131
22	131
25	133
28	131
32	130
28	130
25	127
22	127
23	125
21	124
22	125
24	124
23	128
25	125
20	125
20	127
18	125
17	127
18	129
18	132
21	129
21	125
20	122
17	122
19	122
17	120
15	119
13	120
12	123
13	125
15	126
17	125
16	127
15	124
16	122
17	124
15	123
16	121
13	122
10	121
8	120
6	121
5	119
4	120
4	122
2	119
4	117
4	119
5	121
4	118
5	116
7	116
6	117
6	119
8	117
8	115
9	114
7	115
5	115
3	116
2	114
2	112
3	114
4	116
6	114
7	112
9	115
8	113
9	116
11	116
9	118
9	120
7	118
9	119
11	117
13	118
15	121
15	125
12	124
14	121
18	122
16	119
10	117
8	114
9	117
6	118
3	119
3	115
6	116
2	117
1	121
2	115
4	112
0	111
-2	109
-4	110
-6	112
-6	110
-7	108
-5	107
-4	109
-1	109
-3	106
-6	104
-6	107
-8	105
-10	104
-12	103
-13	102
-11	102
-14	103
-16	104
-17	106
-19	106
-16	106
-14	105
-15	107
-12	107
-10	105
-12	104
-11	107
-11	104
-14	106
-17	107
-15	110
-16	105
-16	102
-17	104
-17	101
-15	102
-13	104
-13	100
-15	103
-13	106
-9	105
-11	108
-9	111
-7	110
-5	112
-7	113
-9	112
-6	113
-8	111
-5	113
-2	112
0	110
3	113
-1	114
1	111
-3	114
-3	110
-5	114
0	114
-6	116
-8	109
-8	113
-9	107
-7	104
-11	103
-14	99
-17	100
-19	101
-21	100
-20	102
-19	100
-21	101
-23	100
-22	102
-20	100
-21	97
-23	95
-25	95
-25	97
-25	99
-23	99
-25	101
-26	98
-24	96
-22	95
-20	98
-17	99
-14	101
-15	106
-16	100
-20	97
-24	98
-22	100
-19	99
-23	102
-26	100
-29	99
-29	96
-31	95
-33	95
-33	97
-30	97
-32	99
-30	95
-29	97
-28	100
-26	96
-23	96
-24	100
-21	104
-23	101
-18	103
-18	98
-19	105
-13	99
-8	107
-4	105
-10	110
-4	114
-4	106
-2	114
0	121
1	113
-7	112
6	112
13	112
5	113
10	118
5	118
11	119
13	124
17	126
20	123
18	128
22	130
24	135
29	133
25	135
30	138
35	137
36	135
37	137
39	135
41	134
40	137
44	138
46	135
44	133
46	132
48	130
49	133
50	137
52	134
56	135
60	136
56	133
56	129
53	130
51	128
52	131
49	127
46	128
44	126
46	126
44	125
45	123
45	125
47	126
46	123
44	122
42	123
44	124
43	121
40	122
40	125
42	122
42	126
40	129
41	125
38	121
37	116
34	113
34	108
35	104
32	104
31	100
33	97
35	99
36	96
39	97
41	100
38	98
40	95
41	92
44	93
46	93
46	95
45	96
44	94
45	92
46	90
48	91
45	91
47	90
44	91
43	89
42	92
39	94
43	92
45	95
46	97
47	99
47	97
48	99
46	100
46	102
45	103
45	105
45	107
47	105
49	105
48	107
50	106
48	104
47	106
45	104
47	102
47	100
46	98
48	96
47	94
45	93
47	91
47	95
48	92
46	96
49	95
48	100
48	97
48	101
49	98
45	101
46	104
47	107
50	108
52	110
54	111
54	109
53	111
55	110
57	112
56	110
54	112
56	114
54	113
55	115
57	113
58	116
62	116
64	117
66	118
68	118
67	116
69	116
67	115
69	115
67	117
66	119
66	121
67	119
69	121
67	121
65	119
63	116
62	114
64	114
66	115
63	115
61	116
62	113
60	114
59	116
60	112
62	112
64	113
61	111
63	112
64	115
64	119
67	122
70	122
72	121
74	120
74	122
72	120
74	121
74	118
76	117
72	117
69	117
70	120
68	122
70	125
75	125
72	123
71	119
68	121
65	124
62	117
58	115
55	112
52	114
50	114
51	116
53	115
51	114
53	113
53	116
54	119
55	121
53	123
51	124
53	125
50	125
51	122
53	121
51	119
53	117
53	120
50	120
52	122
49	121
49	124
48	121
47	124
50	122
54	124
56	125
54	127
56	124
55	120
55	124
53	129
58	130
53	131
58	133
57	127
57	133
52	129
51	136
47	139
46	136
47	140
50	143
55	141
53	143
53	138
48	136
42	136
38	137
35	135
36	132
36	136
39	137
39	142
42	145
42	148
45	151
47	154
49	156
51	156
49	154
47	153
48	150
45	149
48	153
50	151
47	151
50	155
50	152
53	153
53	155
56	155
57	157
56	154
56	151
60	151
62	148
59	148
58	145
55	143
58	147
58	152
62	154
65	154
66	156
64	155
66	157
66	159
66	161
64	161
65	162
63	162
65	161
65	159
66	160
67	162
65	163
63	164
61	163
62	160
61	158
59	158
61	159
62	157
64	158
63	160
65	158
64	160
63	157
66	158
64	159
61	161
58	159
61	156
65	156
68	155
70	157
72	159
71	161
71	159
73	160
76	162
78	163
80	164
77	163
79	165
78	167
77	166
75	167
73	167
74	169
75	166
76	164
78	166
80	165
81	168
83	168
83	166
83	169
83	171
82	173
84	172
86	171
87	173
86	174
86	176
84	175
87	175
85	175
85	172
83	174
86	175
88	173
90	174
90	172
87	172
89	171
87	174
89	176
87	176
89	177
91	177
93	177
95	175
94	178
92	180
90	181
91	179
93	180
95	179
95	176
92	177
90	175
89	173
88	176
90	178
88	177
89	180
92	181
89	181
93	183
96	182
96	184
97	182
97	180
99	179
97	178
98	181
99	183
97	183
98	185
99	187
100	189
102	188
103	187
105	187
107	186
107	188
109	187
109	189
108	187
107	185
108	183
109	185
111	187
108	188
111	189
108	186
105	186
103	185
101	185
99	185
101	186
101	184
100	182
102	183
104	185
104	187
105	185
104	183
106	181
105	183
107	181
109	179
109	176
108	174
110	176
108	178
111	178
112	175
108	176
106	173
109	171
110	172
108	170
110	169
111	167
109	165
109	168
108	171
109	175
105	177
106	182
103	184
102	187
100	187
98	186
101	187
103	188
105	189
103	191
102	189
102	186
101	189
104	191
106	192
108	193
105	193
106	195
107	197
104	197
105	199
103	198
105	200
104	203
103	205
102	204
101	206
103	204
104	206
103	209
101	209
101	211
101	213
101	215
103	213
104	211
102	209
101	207
104	208
104	205
102	208
102	211
104	210
100	211
101	208
104	204
104	200
102	203
100	208
100	214
100	217
102	219
100	218
99	220
100	222
100	224
98	225
96	223
100	223
101	225
99	227
101	228
101	231
100	233
99	231
101	232
99	234
98	232
97	230
100	230
103	231
99	228
99	224
98	221
99	218
102	220
101	222
99	223
101	226
103	223
100	220
103	218
102	214
104	212
100	216
102	212
102	206
109	206
114	204
112	204
115	204
116	206
115	208
118	208
117	206
116	208
119	207
118	205
120	205
118	206
117	209
117	212
115	212
116	211
115	209
115	213
115	211
116	214
118	215
118	218
115	219
113	219
112	221
114	219
115	217
117	216
114	216
112	217
115	214
114	212
116	216
113	215
116	219
114	221
114	223
112	223
115	222
114	224
115	226
117	227
119	229
120	228
119	230
119	232
118	230
116	229
115	231
117	232
120	231
123	231
124	228
127	228
126	230
129	230
131	232
128	230
127	227
125	225
124	229
128	229
125	227
129	227
133	227
134	228
134	226
135	228
133	228
132	230
130	229
127	230
132	227
135	227
133	225
135	222
133	221
134	219
134	221
136	223
133	220
133	223
134	227
134	230
136	229
132	228
134	225
135	220
133	217
133	219
134	222
129	220
131	216
133	218
132	214
133	216
131	214
131	217
130	213
133	213
131	211
129	209
129	211
127	209
126	210
128	208
128	210
130	208
129	206
129	208
127	210
130	211
132	208
134	207
136	206
138	208
137	206
139	208
138	210
140	208
136	207
139	207
135	206
134	210
135	212
136	215
138	213
139	215
137	212
138	215
139	211
142	213
140	214
140	210
137	214
135	218
131	213
135	211
134	208
131	206
131	203
127	203
126	201
127	204
125	202
123	204
124	202
124	205
126	204
127	207
125	206
126	208
129	207
132	207
132	211
128	209
128	205
125	203
121	203
119	204
117	203
119	202
121	202
121	204
123	202
120	201
119	199
120	197
118	199
116	201
118	200
120	202
117	201
115	203
114	205
117	202
120	203
116	202
113	203
113	199
114	202
112	199
108	198
111	196
107	196
104	194
106	191
108	194
104	193
103	196
106	200
102	202
105	195
105	190
109	193
104	196
110	195
105	192
104	186
104	190
110	188
111	192
110	185
110	182
112	183
109	180
106	179
105	184
100	184
97	185
97	181
97	184
100	186
96	183
99	180
100	183
95	181
98	178
98	183
92	182
90	176
89	179
88	174
87	178
88	172
84	174
83	170
85	169
84	167
84	170
87	169
83	172
82	169
80	171
78	171
80	172
78	170
80	169
79	171
79	168
77	167
74	167
74	164
77	165
76	168
73	166
70	165
69	167
68	169
68	167
66	167
67	169
69	170
70	172
68	173
69	175
69	177
67	177
68	175
70	176
69	174
69	171
69	168
68	165
67	167
65	169
64	167
63	169
62	171
64	173
65	171
63	173
65	172
67	174
70	175
71	178
73	178
70	177
68	179
66	180
64	180
66	181
66	183
68	182
68	184
70	184
70	182
72	182
74	182
72	183
73	185
73	187
74	185
75	187
74	190
72	190
70	191
72	189
73	191
73	189
74	191
73	193
75	193
76	191
73	190
71	188
71	185
73	183
73	180
75	178
71	180
69	181
68	183
66	182
67	184
69	183
67	181
64	181
61	183
61	186
59	184
57	186
56	188
58	189
56	187
57	189
55	191
58	191
59	193
57	194
57	196
59	196
59	198
60	196
58	197
57	199
58	202
61	203
59	205
59	202
61	199
58	198
59	195
58	193
56	191
58	188
61	190
62	188
61	185
61	189
58	190
61	192
63	194
66	194
64	191
68	192
68	189
68	186
70	185
67	186
70	188
69	191
71	194
70	192
70	195
73	195
75	195
77	196
76	194
74	196
76	197
75	199
78	198
79	196
77	199
77	202
79	200
80	203
80	205
79	203
81	204
79	205
81	203
78	204
78	201
80	204
76	204
76	207
77	209
78	212
81	211
82	209
80	210
77	211
73	210
73	207
75	207
73	209
72	206
71	208
73	205
71	206
74	204
71	203
72	200
70	200
69	198
69	201
71	204
73	208
69	208
75	206
76	211
72	210
75	205
80	202
84	203
81	208
82	204
77	206
83	210
82	212
84	214
83	216
84	217
82	216
83	214
81	215
79	216
82	217
80	219
77	216
80	217
82	220
85	220
84	222
87	222
87	225
85	226
87	227
86	225
88	227
85	227
83	225
81	227
82	229
80	229
82	231
85	230
84	232
81	230
78	231
79	227
82	227
83	230
83	226
81	229
77	230
81	231
77	227
78	230
78	225
81	226
82	221
86	220
85	223
88	221
92	224
98	226
103	224
99	221
103	225
104	231
107	236
104	239
102	240
100	239
98	237
100	238
101	241
101	239
102	242
104	242
105	240
105	243
106	245
107	243
105	241
104	238
107	241
110	241
112	241
109	240
107	242
110	243
108	245
109	247
111	247
109	248
109	246
108	244
106	247
104	248
104	246
103	244
101	243
100	242
101	244
99	242
99	238
98	234
97	232
95	235
93	237
95	236
96	238
96	234
95	237
92	235
94	236
91	235
90	233
88	235
86	234
88	237
89	239
87	238
90	237
92	236
96	236
100	234
97	237
91	237
88	234
89	237
87	240
81	238
77	240
78	241
79	242
77	243
77	245
77	247
75	245
78	245
76	243
75	241
77	241
77	239
77	242
78	240
75	240
73	242
74	244
74	241
76	240
78	243
76	246
73	243
71	240
70	237
68	236
67	234
69	236
71	235
69	233
67	235
65	232
67	229
65	228
65	230
64	227
66	229
68	228
70	229
68	229
70	230
72	230
69	231
69	228
66	227
64	225
66	223
64	224
65	227
64	223
64	220
64	218
63	216
63	218
65	219
62	219
64	222
63	219
61	216
64	217
63	214
64	216
62	213
60	212
61	215
62	211
61	213
60	210
62	212
63	209
63	206
62	208
62	205
60	208
61	206
62	209
58	209
61	205
59	208
63	205
61	210
57	206
62	202
62	197
63	200
63	195
61	191
57	190
54	187
53	183
55	185
53	182
54	179
53	177
52	179
53	176
55	176
53	174
54	176
56	175
55	179
53	181
52	177
56	177
55	181
54	177
54	173
52	175
51	171
53	171
51	170
50	168
50	171
52	168
50	166
51	163
49	162
49	160
50	162
52	163
55	163
53	160
54	156
52	153
54	151
57	153
60	157
61	162
60	158
55	155
52	152
50	156
53	158
49	161
47	159
46	155
51	152
48	157
53	154
59	156
54	159
50	163
49	167
52	170
52	173
53	169
55	167
54	165
51	164
53	168
52	171
54	174
55	168
59	170
62	167
64	165
63	167
65	170
68	170
70	173
68	177
69	180
67	182
71	183
74	183
77	181
74	184
71	181
69	184
68	188
69	192
71	196
72	199
75	198
74	195
74	192
75	189
73	192
72	188
75	192
78	195
73	196
72	193
76	196
73	199
70	202
66	199
62	195
58	194
56	192
60	194
56	195
57	200
61	196
57	198
63	199
69	197
73	194
76	189
71	186
66	185
65	180
69	178
65	177
68	178
72	179
73	173
70	169
66	170
62	169
63	165
66	164
68	162
70	163
71	165
68	166
71	164
73	161
70	160
69	158
67	159
66	162
69	161
70	158
67	157
66	153
70	153
64	154
62	149
58	146
62	151
68	154
63	155
68	160
69	164
71	160
75	163
72	167
67	168
63	171
64	175
68	174
63	175
65	181
60	184
63	188
60	183
55	183
58	186
57	192
55	186
61	184
56	180
48	179
56	185
49	189
58	196
62	190
55	192
59	200
69	199
68	194
71	200
77	204
71	202
74	194
74	187
79	184
73	182
79	183
71	179
76	184
83	180
91	180
92	174
95	171
94	168
94	175
96	171
97	177
101	181
101	188
107	182
111	183
112	179
108	185
111	190
103	189
100	180
94	174
98	179
106	183
112	178
109	184
117	191
120	194
122	192
122	189
120	190
120	187
121	189
123	188
121	186
122	184
120	185
121	182
123	183
120	183
123	186
126	183
123	180
121	181
123	178
121	177
124	177
122	179
122	182
125	179
122	177
123	174
123	176
124	173
123	175
125	172
124	170
124	168
122	169
125	168
123	170
125	171
123	173
122	170
122	174
125	170
122	168
126	170
125	174
125	180
120	177
125	181
122	187
125	191
121	188
117	190
121	194
122	197
119	196
123	197
122	201
121	206
124	207
121	207
118	203
115	200
110	199
104	201
102	210
99	219
104	216
97	215
86	219
84	215
83	211
83	215
81	218
79	214
83	212
84	216
85	211
81	206
82	213
81	220
80	214
74	216
76	215
74	218
71	220
68	220
69	222
66	221
63	220
68	219
66	222
70	224
68	227
71	230
72	234
69	234
72	233
69	229
72	232
77	232
75	225
73	224
76	227
71	223
70	218
73	216
75	214
71	217
75	215
69	216
64	215
63	221
69	221
75	220
76	226
69	230
70	235
71	239
72	235
67	236
72	239
68	237
65	231
63	223
66	216
68	222
65	229
71	238
67	232
72	242
78	244
78	248
81	249
80	247
83	249
83	251
84	249
86	248
84	248
86	250
85	252
85	249
82	249
83	252
86	253
87	250
87	248
89	246
85	247
88	251
89	249
92	249
94	250
93	252
91	252
93	251
93	249
96	249
98	250
99	249
99	251
97	250
96	248
94	246
97	248
99	250
100	252
97	252
95	253
93	253
92	251
89	251
91	253
93	255
89	254
93	254
96	252
94	253
90	254
94	252
98	251
95	251
98	248
100	250
98	252
102	249
104	250
105	252
107	250
109	249
111	250
109	251
108	253
110	251
109	253
108	250
105	249
103	247
105	248
105	245
108	247
110	249
110	246
113	246
116	245
118	246
116	247
113	248
112	245
111	248
109	245
106	248
102	248
103	245
101	248
104	249
105	246
102	250
100	247
102	244
102	247
100	243
104	245
108	241
111	246
111	241
113	237
115	234
113	231
113	229
114	228
114	230
112	232
112	229
113	227
110	227
112	230
112	227
110	225
114	222
113	225
114	229
117	231
116	228
118	231
119	228
118	232
113	232
117	228
121	229
122	225
118	228
116	223
113	220
117	219
117	214
114	218
116	213
118	207
114	203
121	201
123	206
124	200
130	203
135	201
130	206
131	201
126	207
125	213
122	207
124	213
126	206
123	213
117	218
116	212
112	205
118	211
116	221
120	227
114	226
115	220
113	228
113	222
119	214
122	224
127	220
134	217
137	223
133	230
129	228
124	224
120	230
121	239
121	242
121	244
120	242
122	241
123	243
125	241
123	242
122	245
121	247
124	246
126	243
124	245
121	243
120	246
117	246
119	248
116	244
114	247
118	245
120	241
116	241
118	244
121	240
126	242
128	240
131	241
132	239
132	243
130	245
129	242
131	243
134	242
136	241
134	241
136	242
137	240
138	242
139	240
141	239
144	240
146	239
146	237
148	239
150	238
152	239
154	238
152	236
151	235
151	237
149	236
151	236
151	234
153	234
154	232
152	233
152	235
151	233
150	235
150	232
148	234
150	236
147	236
150	237
149	240
147	241
149	242
147	240
147	243
146	245
148	246
151	247
151	242
148	242
145	244
144	242
142	244
144	243
143	241
140	240
140	243
138	244
139	246
141	244
139	242
140	239
144	241
147	239
147	235
143	234
138	239
141	242
137	242
135	240
133	243
136	243
138	245
136	244
137	246
140	245
144	245
146	241
149	238
153	237
156	237
152	237
155	235
153	233
154	231
156	233
154	236
151	232
153	235
151	231
155	232
152	228
150	224
149	222
148	220
150	219
151	222
153	221
155	222
155	220
155	223
153	224
154	222
152	224
148	223
149	220
148	217
146	218
144	219
147	221
145	219
147	216
149	218
148	221
151	219
153	223
156	221
154	217
156	222
150	223
146	220
145	216
148	216
145	213
143	214
146	213
149	216
146	211
151	213
156	219
147	223
147	217
143	213
145	208
142	215
144	221
152	222
152	231
148	235
153	232
150	239
152	243
148	244
152	242
149	246
151	240
145	239
138	240
137	245
134	245
136	247
133	246
130	249
131	254
135	252
138	256
133	255
136	249
132	250
136	246
139	243
134	243
129	243
126	244
125	247
122	243
127	242
128	246
130	241
135	242
139	247
145	245
153	242
146	244
154	241
146	236
155	233
151	224
148	232
151	243
154	252
149	253
155	254
156	259
154	254
153	260
155	265
156	258
152	263
147	266
139	266
137	265
135	262
139	267
146	265
138	264
141	256
133	256
134	247
130	253
128	244
123	240
119	246
114	251
107	252
110	253
114	250
107	253
111	251
104	252
98	249
101	253
99	247
104	251
97	253
92	248
89	252
93	250
97	247
101	242
100	236
97	233
91	236
88	232
86	230
89	232
87	229
86	226
89	229
90	234
87	239
79	240
78	246
76	241
80	248
82	252
81	248
86	249
81	252
87	252
81	253
89	253
96	253
92	246
88	238
92	247
85	255
95	260
107	254
110	264
122	271
126	259
124	248
120	240
126	241
116	239
113	234
115	240
108	239
114	240
106	239
111	242
107	249
110	240
117	244
128	241
132	231
125	228
134	231
123	229
115	238
104	236
102	243
103	253
89	250
90	238
80	240
83	250
74	242
80	252
97	246
99	233
101	227
103	220
98	228
89	228
83	227
84	221
76	224
73	215
75	224
70	232
78	242
87	231
86	221
82	210
74	214
84	209
79	199
87	201
74	207
64	213
59	207
62	194
69	187
65	178
71	173
64	174
58	179
64	172
66	165
64	162
60	165
61	170
55	166
55	171
56	165
63	166
55	169
52	174
53	164
49	159
52	164
50	157
53	151
61	147
59	139
54	139
60	142
60	148
57	139
59	130
55	122
50	124
52	119
54	115
51	112
49	114
47	113
49	111
47	112
48	109
51	107
49	104
47	101
44	98
45	102
46	106
49	102
54	100
54	108
51	105
47	108
43	105
39	102
37	104
34	104
34	100
31	98
28	97
26	99
27	95
29	96
26	97
23	96
21	97
20	95
19	97
21	95
22	93
22	91
24	91
22	90
24	92
23	94
23	92
21	90
19	92
18	94
16	95
16	93
17	95
18	97
19	100
21	96
24	96
26	95
24	93
23	95
25	93
27	90
25	87
28	83
31	84
29	80
26	81
30	81
29	77
31	80
25	79
26	75
30	77
30	72
26	77
29	73
29	79
32	74
40	73
44	79
42	74
40	81
42	87
38	89
43	91
39	93
34	95
32	93
30	92
32	95
35	96
38	93
34	97
33	93
28	93
24	94
20	96
18	92
17	90
19	90
16	90
14	90
14	92
15	90
17	89
14	89
13	87
11	85
11	87
10	89
12	88
10	90
12	91
11	89
11	92
14	91
12	89
9	87
7	88
6	86
8	86
7	84
5	85
5	83
4	86
3	88
6	87
9	86
10	84
7	86
10	85
6	84
2	84
2	82
3	80
-1	80
-3	81
-1	81
0	82
-2	82
0	81
-1	83
1	81
0	84
2	86
4	85
1	83
-2	81
-4	83
-6	83
-5	82
-6	84
-8	84
-6	86
-3	86
-4	84
-6	82
-7	80
-9	81
-7	82
-9	80
-7	81
-4	81
-2	83
-5	85
-7	83
-6	80
-5	83
-1	82
-2	86
2	85
5	84
0	86
-4	87
2	87
5	91
8	90
5	90
3	93
2	88
-3	85
-3	79
-2	75
-6	78
-5	75
-9	78
-12	78
-13	77
-15	78
-17	79
-16	81
-18	80
-17	77
-15	76
-17	75
-19	75
-18	74
-20	74
-18	73
-21	74
-20	76
-19	74
-20	77
-22	75
-24	74
-23	76
-25	75
-24	73
-26	74
-28	75
-28	73
-30	73
-28	72
-29	74
-30	72
-31	70
-32	68
-30	70
-31	72
-32	75
-35	73
-33	71
-32	69
-30	71
-33	70
-30	68
-31	65
-35	67
-33	69
-37	69
-37	67
-39	69
-41	69
-42	67
-43	65
-45	65
-46	67
-46	69
-48	68
-50	68
-48	66
-49	64
-51	64
-53	64
-51	65
-53	66
-54	64
-55	62
-55	60
-57	61
-58	63
-60	62
-59	64
-57	64
-60	64
-62	63
-60	61
-58	59
-57	57
-55	58
-58	58
-60	60
-63	60
-65	61
-66	59
-66	61
-68	60
-68	58
-70	58
-71	57
-71	59
-73	58
-73	56
-72	58
-73	60
-72	57
-70	55
-68	55
-70	54
-70	57
-69	59
-68	61
-67	59
-65	58
-67	58
-69	56
-67	57
-65	59
-65	56
-63	58
-66	57
-68	54
-71	55
-75	55
-76	52
-79	51
-81	52
-82	53
-84	53
-82	52
-80	51
-78	49
-82	51
-85	53
-87	54
-86	52
-88	51
-90	50
-92	49
-93	50
-91	50
-92	48
-95	49
-94	51
-92	51
-91	53
-93	52
-95	51
-97	50
-95	50
-93	48
-89	48
-86	50
-86	54
-88	52
-89	55
-92	53
-91	55
-91	58
-89	61
-88	63
-86	63
-86	65
-88	65
-90	64
-92	64
-94	63
-93	65
-91	64
-90	66
-92	67
-91	65
-90	63
-92	62
-90	61
-93	61
-93	64
-96	63
-97	61
-99	61
-99	63
-101	63
-101	61
-100	60
-101	58
-99	58
-101	57
-101	59
-102	57
-103	59
-103	57
-105	59
-107	59
-107	61
-109	59
-107	58
-107	56
-109	54
-111	56
-110	54
-108	55
-109	58
-106	59
-108	57
-105	58
-106	60
-105	63
-103	61
-102	60
-103	58
-100	59
-102	61
-100	62
-98	61
-96	60
-97	62
-95	64
-98	63
-97	60
-94	60
-91	59
-96	59
-94	62
-95	66
-92	69
-94	66
-89	66
-88	64
-87	66
-85	67
-83	67
-84	66
-83	68
-81	68
-82	70
-85	70
-84	67
-82	66
-81	65
-81	67
-79	66
-81	66
-83	66
-83	69
-80	70
-77	70
-79	69
-79	72
-81	70
-79	67
-82	67
-80	65
-83	64
-80	66
-76	67
-76	70
-74	70
-75	68
-75	71
-77	72
-78	70
-76	73
-78	73
-75	74
-73	75
-75	75
-72	75
-70	75
-71	76
-72	74
-74	74
-72	72
-72	70
-73	72
-75	73
-72	73
-71	71
-72	69
-71	72
-69	74
-67	74
-69	75
-71	74
-74	73
-71	75
-69	78
-72	76
-76	75
-78	79
-74	71
-71	69
-75	70
-71	70
-70	66
-70	61
-69	63
-72	61
-76	61
-72	60
-75	57
-78	57
-79	56
-81	56
-82	58
-84	56
-85	58
-82	59
-79	58
-81	58
-79	60
-77	57
-79	55
-77	56
-78	53
-81	51
-81	55
-79	57
-82	57
-84	54
-83	57
-85	61
-87	64
-85	66
-84	69
-88	69
-86	68
-89	69
-86	69
-83	65
-87	63
-90	62
-86	64
-82	65
-77	68
-76	72
-75	67
-71	73
-67	75
-65	73
-63	75
-63	73
-61	74
-59	73
-60	77
-62	76
-63	74
-61	76
-60	78
-58	79
-56	79
-54	78
-52	79
-53	81
-51	81
-49	83
-48	85
-50	86
-52	87
-52	84
-51	86
-54	86
-51	84
-54	83
-55	81
-53	82
-56	82
-57	84
-60	84
-57	83
-55	85
-56	81
-57	79
-55	77
-53	80
-54	77
-50	80
-53	83
-49	84
-46	83
-45	80
-47	85
-47	88
-44	88
-42	89
-44	91
-41	92
-39	91
-37	92
-37	90
-39	90
-41	89
-40	87
-39	89
-37	88
-36	90
-34	89
-35	87
-33	89
-31	91
-32	89
-31	92
-29	92
-31	94
-33	94
-33	92
-34	94
-36	94
-35	95
-37	93
-38	91
-36	92
-39	93
-36	95
-32	95
-31	98
-26	99
-27	94
-24	94
-24	90
-28	93
-27	90
-26	94
-30	92
-33	90
-32	93
-35	93
-32	94
-36	91
-34	88
-34	92
-37	95
-38	89
-41	87
-42	85
-43	87
-42	90
-46	89
-49	87
-53	85
-58	82
-56	83
-60	82
-58	84
-59	80
-59	77
-62	79
-60	81
-61	77
-64	79
-65	76
-63	78
-62	75
-66	76
-66	79
-66	74
-69	76
-65	78
-60	79
-55	78
-58	81
-62	78
-61	83
-54	80
-49	80
-54	76
-49	73
-45	69
-43	71
-45	68
-43	66
-42	64
-40	65
-38	65
-41	64
-44	65
-46	63
-48	64
-46	66
-44	64
-40	64
-39	68
-38	70
-36	69
-39	71
-42	70
-39	70
-41	72
-43	68
-47	68
-51	67
-54	67
-56	69
-58	65
-55	63
-52	63
-52	61
-54	60
-53	58
-51	55
-55	59
-56	63
-54	66
-54	62
-51	62
-49	63
-50	61
-51	58
-49	62
-52	60
-50	56
-48	63
-48	67
-47	63
-52	62
-52	67
-56	68
-51	69
-47	67
-42	68
-38	66
-35	65
-40	68
-40	72
-40	66
-37	71
-33	74
-29	75
-29	72
-27	75
-25	76
-28	76
-24	77
-25	74
-27	76
-23	79
-26	76
-23	72
-26	70
-27	73
-29	69
-25	72
-28	69
-34	71
-31	76
-23	74
-25	70
-31	67
-39	65
-39	72
-34	77
-36	85
-39	87
-41	85
-45	86
-41	86
-37	89
-37	94
-43	92
-46	88
-42	87
-45	91
-44	85
-50	85
-46	91
-40	85
-40	91
-34	95
-35	88
-29	88
-30	94
-24	95
-25	89
-22	97
-29	94
-37	87
-40	93
-37	83
-34	73
-41	66
-48	69
-52	65
-56	61
-61	61
-60	58
-57	59
-62	60
-65	62
-67	65
-61	64
-58	68
-63	63
-64	58
-67	55
-71	54
-68	57
-67	61
-67	56
-72	56
-77	58
-78	54
-82	54
-80	57
-83	53
-78	51
-82	55
-79	59
-85	63
-88	68
-89	64
-86	61
-88	55
-90	51
-91	48
-95	47
-99	46
-99	49
-99	47
-101	49
-102	51
-105	50
-107	48
-109	48
-109	50
-110	48
-110	46
-110	44
-111	46
-111	44
-109	46
-107	46
-106	45
-106	43
-108	45
-107	43
-106	46
-106	44
-104	46
-104	48
-103	46
-104	44
-105	47
-106	49
-108	47
-109	49
-110	51
-109	53
-110	50
-110	53
-113	51
-115	53
-117	52
-115	51
-116	54
-114	55
-114	57
-113	56
-112	54
-110	55
-111	59
-110	61
-106	62
-103	60
-103	63
-101	64
-98	64
-102	62
-99	64
-99	59
-102	56
-102	52
-98	52
-98	49
-96	51
-99	50
-102	50
-105	48
-105	45
-102	44
-105	46
-103	49
-100	46
-96	47
-96	52
-93	53
-97	51
-96	55
-91	54
-88	50
-93	51
-88	48
-93	54
-98	58
-104	57
-104	62
-109	62
-104	61
-106	56
-111	52
-111	48
-108	49
-107	45
-110	43
-108	46
-112	47
-115	47
-116	45
-115	46
-115	48
-117	45
-117	43
-115	44
-116	46
-118	44
-117	46
-118	48
-118	51
-119	53
-120	51
-119	49
-122	50
-124	50
-123	51
-123	49
-124	51
-125	53
-125	51
-124	49
-122	51
-120	53
-121	51
-122	54
-124	52
-126	54
-127	52
-129	51
-128	53
-125	52
-125	55
-126	52
-125	49
-128	49
-130	48
-128	47
-130	45
-130	43
-129	41
-131	40
-133	38
-132	39
-134	38
-132	38
-134	40
-136	40
-136	38
-136	36
-135	35
-137	36
-139	36
-140	38
-139	37
-137	38
-135	37
-134	39
-135	41
-133	40
-132	37
-129	38
-128	40
-126	41
-124	41
-124	39
-125	41
-124	43
-122	44
-121	46
-120	44
-119	42
-117	41
-120	40
-121	38
-121	41
-123	40
-125	38
-127	36
-127	39
-125	40
-125	43
-125	45
-127	44
-126	45
-128	44
-130	44
-131	46
-132	48
-132	46
-134	45
-132	43
-129	43
-131	45
-130	42
-133	44
-135	47
-136	49
-137	47
-139	48
-141	48
-139	49
-141	47
-140	49
-141	46
-140	48
-141	45
-140	47
-139	44
-137	43
-138	45
-139	43
-142	43
-140	41
-142	40
-140	39
-138	41
-135	40
-133	42
-129	44
-128	41
-127	38
-126	42
-127	45
-127	48
-128	51
-131	50
-131	48
-130	46
-132	49
-131	51
-133	48
-132	51
-135	50
-136	47
-137	50
-133	49
-129	48
-133	45
-138	46
-135	45
-137	41
-135	38
-138	37
-140	36
-141	39
-140	37
-143	37
-144	39
-144	41
-142	42
-142	39
-143	42
-145	41
-146	39
-148	40
-148	42
-147	40
-145	40
-147	42
-150	43
-151	45
-148	45
-150	44
-148	46
-151	44
-154	42
-155	40
-153	39
-152	37
-154	39
-155	37
-156	39
-157	41
-158	39
-160	41
-159	43
-156	41
-153	41
-155	38
-158	38
-156	36
-157	34
-155	33
-156	34
-154	33
-154	31
-156	30
-154	29
-154	27
-154	25
-156	25
-157	24
-159	25
-157	25
-156	27
-158	28
-159	26
-160	24
-161	26
-163	27
-161	27
-161	25
-159	27
-157	26
-159	24
-158	21
-156	22
-154	21
-156	19
-157	17
-156	15
-154	17
-152	19
-151	21
-150	19
-153	18
-153	21
-150	22
-149	24
-151	23
-148	22
-147	25
-150	24
-147	26
-150	25
-153	27
-151	28
-149	30
-149	32
-148	30
-150	31
-152	33
-149	33
-146	34
-144	32
-144	34
-142	32
-141	31
-143	33
-141	32
-144	33
-141	33
-142	29
-145	30
-146	28
-145	25
-147	29
-150	30
-153	29
-156	29
-157	27
-156	24
-158	22
-161	23
-160	21
-162	20
-161	19
-161	21
-159	22
-159	18
-160	17
-158	17
-160	18
-162	19
-164	19
-166	18
-168	18
-169	17
-169	15
-169	18
-169	16
-168	19
-168	17
-170	19
-168	21
-167	19
-165	18
-165	16
-163	15
-162	13
-164	11
-165	8
-162	8
-166	8
-169	7
-167	9
-168	12
-168	16
-166	13
-162	12
-159	12
-160	14
-162	14
-161	12
-158	14
-160	15
-159	17
-161	18
-163	16
-164	14
-165	17
-162	17
-159	16
-159	13
-156	11
-159	14
-158	18
-157	15
-160	19
-162	16
-163	20
-165	22
-163	21
-163	24
-162	26
-164	28
-166	28
-168	27
-166	27
-167	25
-166	23
-165	21
-164	24
-164	27
-163	29
-161	28
-162	30
-164	29
-167	28
-169	29
-171	27
-172	25
-170	26
-171	24
-168	24
-170	22
-172	24
-175	24
-177	24
-178	23
-180	24
-183	24
-184	26
-186	25
-183	25
-181	26
-182	24
-184	27
-182	25
-183	28
-185	29
-182	30
-183	32
-185	31
-183	34
-181	33
-180	31
-178	30
-177	32
-179	32
-177	31
-178	29
-177	27
-178	25
-180	27
-181	30
-179	28
-176	26
-174	25
-175	23
-177	25
-177	28
-180	30
-178	33
-176	34
-176	36
-178	38
-177	35
-176	33
-174	35
-171	36
-169	35
-171	34
-168	35
-166	36
-165	38
-164	36
-162	36
-160	36
-162	37
-164	37
-162	38
-160	37
-158	36
-157	39
-154	37
-155	34
-154	32
-155	30
-156	33
-153	34
-150	33
-147	31
-148	35
-151	36
-148	37
-146	35
-144	38
-143	35
-143	39
-143	43
-143	40
-143	44
-144	47
-144	51
-145	45
-148	44
-152	45
-148	41
-146	38
-149	35
-153	38
-149	40
-152	43
-157	42
-159	38
-158	41
-162	42
-163	39
-165	37
-163	35
-161	33
-158	33
-159	36
-163	36
-160	35
-161	31
-159	33
-157	29
-160	28
-160	31
-156	31
-155	35
-161	36
-165	34
-168	32
-170	29
-172	32
-176	31
-179	30
-183	29
-182	33
-183	36
-184	39
-186	39
-188	41
-186	42
-188	43
-188	45
-190	45
-191	47
-189	46
-188	44
-186	45
-184	45
-184	47
-184	44
-185	46
-187	44
-190	44
-187	43
-187	40
-189	39
-191	42
-191	45
-188	47
-190	49
-191	51
-193	52
-192	49
-193	47
-190	47
-193	45
-195	49
-194	47
-198	47
-198	50
-200	50
-202	49
-198	48
-197	51
-196	53
-195	51
-197	49
-194	49
-197	48
-197	44
-199	49
-197	52
-195	54
-197	55
-195	55
-193	56
-195	57
-194	58
-195	56
-196	54
-196	57
-195	59
-194	56
-197	54
-197	57
-194	57
-192	61
-194	62
-192	64
-190	63
-190	65
-188	65
-186	64
-188	68
-188	70
-188	72
-186	72
-185	70
-189	69
-191	68
-192	70
-191	73
-189	72
-190	74
-188	73
-187	71
-187	74
-186	76
-188	75
-189	73
-188	76
-189	78
-189	80
-187	80
-189	81
-187	79
-186	77
-189	79
-188	77
-190	76
-190	79
-192	82
-189	84
-191	82
-188	84
-191	85
-189	87
-191	89
-193	88
-194	90
-192	91
-193	93
-196	93
-196	91
-197	89
-199	91
-197	93
-196	95
-199	95
-201	94
-202	92
-200	92
-202	91
-200	89
-196	88
-199	90
-198	94
-195	94
-198	92
-196	89
-192	89
-190	90
-191	92
-190	89
-188	87
-192	87
-195	87
-192	90
-195	90
-192	93
-188	93
-185	88
-189	92
-194	93
-194	88
-192	84
-195	88
-200	91
-198	95
-202	96
-205	96
-207	95
-207	93
-207	96
-205	95
-207	97
-204	96
-202	93
-200	96
-202	99
-199	96
-203	93
-201	96
-202	100
-208	97
-211	97
-213	96
-211	94
-209	97
-206	95
-203	92
-207	89
-206	87
-206	93
-210	95
-213	97
-216	96
-216	94
-217	96
-219	96
-217	95
-217	93
-219	95
-217	97
-218	94
-216	93
-218	90
-220	92
-222	94
-220	95
-222	92
-222	95
-225	92
-224	89
-226	87
-226	90
-229	89
-229	85
-232	85
-227	85
-228	83
-226	84
-227	82
-228	84
-227	87
-226	83
-224	82
-226	81
-225	83
-226	80
-228	81
-228	78
-230	78
-227	78
-228	76
-226	76
-228	75
-228	73
-230	72
-229	74
-227	76
-228	74
-231	75
-229	76
-226	78
-224	81
-225	78
-222	81
-225	81
-229	81
-231	76
-232	80
-232	74
-230	71
-229	69
-229	71
-227	70
-226	68
-225	66
-226	64
-227	62
-228	65
-225	65
-223	66
-224	63
-226	66
-229	66
-230	69
-232	67
-233	71
-229	68
-227	67
-224	68
-228	69
-228	66
-224	65
-220	63
-223	65
-218	65
-216	66
-213	66
-217	66
-220	65
-216	68
-211	67
-207	66
-207	70
-211	71
-206	68
-211	66
-209	70
-208	63
-208	58
-214	62
-217	64
-215	60
-211	61
-207	65
-200	62
-200	58
-200	55
-199	54
-199	56
-198	58
-199	61
-199	57
-201	54
-198	54
-201	52
-200	56
-199	51
-199	55
-196	51
-200	53
-193	51
-189	48
-192	51
-191	56
-194	60
-191	62
-189	64
-189	67
-191	65
-192	62
-196	63
-196	58
-200	54
-193	50
-187	49
-184	46
-186	43
-185	40
-183	41
-185	39
-181	39
-178	39
-181	36
-178	36
-177	33
-180	34
-177	34
-173	37
-170	38
-168	38
-166	37
-169	37
-171	39
-170	36
-167	35
-169	38
-172	39
-173	34
-171	38
-171	32
-175	33
-175	27
-176	23
-175	20
-175	17
-174	19
-172	20
-169	20
-172	21
-169	19
-170	16
-170	20
-174	20
-176	17
-173	19
-176	22
-175	18
-173	15
-177	16
-172	19
-174	24
-171	28
-169	24
-169	28
-165	27
-162	28
-164	25
-167	24
-167	21
-163	22
-166	19
-168	23
-168	28
-167	33
-170	28
-174	32
-175	26
-182	26
-186	22
-187	20
-188	22
-190	22
-189	23
-191	22
-190	20
-192	20
-190	21
-192	19
-193	17
-191	16
-192	18
-194	19
-196	21
-198	20
-196	22
-199	22
-202	24
-205	24
-203	25
-204	28
-202	28
-200	29
-203	29
-201	30
-199	28
-199	25
-196	27
-194	26
-192	25
-195	24
-192	23
-195	22
-193	19
-191	17
-188	16
-189	14
-187	14
-185	14
-187	15
-186	17
-187	19
-189	17
-188	14
-189	12
-190	10
-191	9
-191	7
-193	9
-194	11
-194	13
-193	11
-195	12
-193	13
-191	11
-190	9
-192	10
-189	11
-191	13
-191	10
-188	8
-186	6
-187	4
-189	3
-191	4
-190	6
-187	6
-184	7
-183	5
-181	3
-181	6
-182	4
-181	7
-183	6
-186	5
-183	7
-183	10
-185	8
-186	11
-184	12
-184	15
-185	13
-185	16
-186	18
-185	15
-188	15
-185	17
-187	21
-186	24
-189	22
-190	19
-189	15
-186	13
-186	9
-187	12
-191	12
-192	16
-195	18
-197	20
-194	21
-189	21
-193	20
-197	17
-199	19
-197	16
-199	18
-198	15
-201	16
-198	14
-196	11
-198	12
-196	10
-194	10
-194	7
-193	5
-195	4
-197	4
-199	4
-197	5
-195	6
-193	4
-195	2
-197	3
-198	5
-200	7
-198	6
-196	4
-197	7
-199	8
-201	8
-200	11
-199	14
-197	10
-195	9
-197	11
-198	8
-200	9
-201	6
-197	9
-194	8
-192	4
-195	3
-196	0
-198	1
-197	-1
-199	-2
-199	0
-199	3
-200	-1
-198	-4
-195	-5
-194	-8
-193	-10
-194	-12
-194	-14
-194	-16
-193	-17
-194	-15
-195	-17
-197	-19
-194	-19
-196	-22
-199	-22
-201	-22
-203	-22
-206	-22
-207	-20
-206	-24
-205	-22
-208	-23
-209	-25
-211	-25
-210	-27
-208	-27
-206	-28
-207	-30
-209	-29
-207	-29
-205	-28
-203	-26
-204	-28
-205	-25
-208	-25
-209	-23
-212	-25
-213	-28
-214	-30
-213	-32
-211	-32
-213	-33
-212	-31
-210	-32
-212	-34
-215	-35
-216	-37
-219	-36
-217	-34
-217	-31
-213	-30
-211	-28
-213	-27
-210	-29
-208	-30
-209	-28
-211	-26
-210	-23
-212	-26
-208	-26
-206	-29
-210	-30
-213	-29
-210	-31
-213	-31
-214	-28
-218	-26
-212	-21
-210	-28
-207	-31
-204	-26
-207	-27
-208	-31
-214	-34
-214	-37
-217	-37
-221	-38
-221	-34
-224	-36
-225	-34
-227	-35
-225	-36
-226	-38
-228	-37
-230	-36
-231	-38
-229	-37
-232	-37
-232	-35
-230	-35
-230	-32
-228	-31
-228	-29
-230	-31
-232	-32
-230	-30
-228	-32
-227	-34
-226	-32
-226	-35
-229	-35
-226	-34
-225	-31
-224	-35
-223	-32
-228	-34
-232	-34
-231	-36
-234	-37
-232	-38
-235	-40
-233	-36
-236	-36
-234	-34
-235	-32
-236	-35
-238	-34
-235	-34
-237	-37
-240	-37
-238	-39
-237	-35
-241	-35
-239	-36
-237	-33
-239	-37
-235	-39
-235	-33
-234	-38
-231	-32
-232	-36
-226	-37
-226	-41
-222	-36
-227	-38
-220	-37
-225	-38
-226	-31
-230	-29
-227	-32
-225	-37
-233	-34
-229	-28
-226	-26
-231	-30
-236	-34
-243	-33
-243	-35
-245	-33
-243	-32
-241	-34
-243	-31
-244	-34
-247	-32
-249	-29
-247	-27
-247	-29
-246	-27
-246	-25
-244	-26
-244	-29
-245	-26
-247	-28
-250	-27
-253	-27
-250	-25
-249	-23
-249	-25
-247	-24
-247	-26
-247	-23
-248	-25
-250	-23
-251	-21
-251	-19
-251	-17
-253	-18
-254	-16
-253	-14
-254	-12
-252	-11
-254	-10
-255	-9
-253	-9
-254	-8
-256	-9
-257	-7
-255	-5
-254	-7
-254	-9
-255	-11
-253	-8
-255	-7
-258	-6
-259	-8
-257	-4
-255	-3
-253	-2
-251	-4
-249	-3
-249	0
-246	-1
-248	-3
-245	-2
-243	-1
-244	-4
-242	-5
-244	-6
-241	-4
-240	-7
-240	-4
-241	-1
-240	-5
-243	-4
-240	-8
-244	-9
-241	-13
-245	-19
-248	-18
-249	-19
-247	-19
-248	-17
-250	-18
-248	-19
-246	-19
-249	-20
-251	-20
-249	-22
-248	-20
-248	-23
-247	-20
-249	-17
-252	-17
-254	-18
-253	-15
-250	-16
-249	-13
-252	-13
-254	-11
-252	-8
-250	-10
-253	-10
-253	-6
-256	-6
-258	-3
-260	-1
-263	-1
-261	1
-259	0
-261	-2
-261	2
-261	-1
-264	1
-264	4
-262	5
-263	6
-265	5
-267	3
-268	5
-268	2
-271	3
-272	6
-273	4
-275	5
-273	5
-275	3
-276	1
-278	2
-280	1
-281	-1
-279	-1
-279	-3
-278	-2
-280	-1
-280	-3
-281	-2
-280	-4
-280	-2
-282	-4
-280	-5
-281	-3
-283	-5
-284	-7
-284	-9
-286	-9
-285	-11
-287	-10
-285	-8
-284	-10
-286	-12
-285	-10
-282	-10
-284	-12
-286	-15
-284	-15
-286	-17
-287	-19
-289	-18
-289	-16
-291	-17
-293	-16
-291	-14
-290	-16
-288	-18
-286	-20
-288	-21
-289	-23
-291	-22
-292	-23
-291	-21
-291	-19
-292	-21
-291	-23
-288	-22
-285	-21
-284	-23
-287	-22
-285	-19
-284	-22
-280	-23
-284	-18
-281	-16
-284	-20
-280	-19
-284	-13
-288	-13
-291	-12
-292	-14
-295	-14
-294	-12
-293	-13
-292	-11
-292	-13
-289	-14
-288	-17
-287	-14
-284	-16
-288	-19
-291	-20
-290	-18
-287	-16
-282	-17
-282	-24
-292	-22
-294	-20
-294	-22
-296	-20
-297	-18
-296	-16
-296	-18
-296	-21
-293	-21
-296	-22
-293	-20
-295	-16
-298	-17
-298	-14
-296	-12
-294	-10
-292	-9
-291	-7
-289	-8
-290	-6
-288	-5
-286	-5
-288	-4
-286	-4
-284	-5
-286	-7
-287	-4
-285	-3
-287	-1
-287	1
-285	0
-287	-2
-289	-3
-291	-3
-288	-3
-287	-5
-288	-2
-289	0
-286	1
-288	3
-286	2
-288	4
-286	5
-287	7
-285	9
-285	11
-286	9
-284	8
-283	10
-281	12
-282	14
-280	15
-282	16
-280	17
-278	17
-279	19
-278	18
-279	20
-279	22
-278	20
-280	19
-282	17
-279	16
-277	14
-280	13
-281	10
-284	10
-284	13
-284	16
-280	16
-282	13
-280	10
-278	7
-280	6
-281	4
-283	5
-285	7
-285	4
-284	7
-282	4
-279	6
-277	5
-277	7
-279	5
-277	3
-279	1
-278	4
-278	1
-281	3
-282	-1
-282	3
-279	0
-275	2
-276	5
-274	3
-274	7
-273	9
-271	10
-269	10
-267	10
-265	9
-263	7
-261	5
-259	5
-261	4
-263	5
-260	5
-258	7
-256	8
-254	9
-255	11
-253	11
-253	13
-251	13
-250	12
-251	10
-252	8
-250	7
-252	10
-251	12
-250	14
-248	14
-249	13
-248	11
-248	9
-246	11
-244	11
-244	9
-242	10
-244	8
-246	6
-246	10
-244	12
-244	14
-242	14
-244	15
-245	13
-247	13
-245	12
-247	10
-245	7
-243	10
-242	7
-238	6
-236	3
-239	4
-241	7
-243	3
-247	1
-247	5
-251	8
-254	10
-256	11
-258	12
-261	12
-264	13
-261	11
-264	11
-266	14
-269	15
-267	12
-267	15
-268	19
-273	20
-275	18
-273	18
-275	16
-277	17
-278	19
-276	17
-276	20
-274	21
-273	19
-272	16
-269	12
-267	11
-270	10
-269	8
-267	9
-268	12
-267	8
-271	8
-271	11
-272	8
-275	8
-271	9
-268	11
-266	7
-262	7
-260	9
-262	11
-260	8
-262	6
-265	4
-262	4
-261	8
-258	5
-260	2
-260	6
-259	10
-256	7
-253	8
-254	11
-254	14
-256	12
-252	13
-250	11
-249	14
-246	14
-244	13
-242	11
-242	8
-242	13
-245	11
-245	15
-249	15
-246	16
-241	15
-246	15
-248	10
-251	14
-247	14
-253	14
-257	10
-255	7
-251	7
-249	2
-246	-2
-249	-6
-250	-2
-252	-6
-252	-3
-255	-1
-259	-2
-255	-2
-257	1
-259	-4
-263	0
-268	3
-264	2
-263	8
-266	3
-271	6
-275	6
-272	9
-274	4
-276	-1
-279	-5
-282	-6
-284	-8
-282	-5
-279	-4
-283	-7
-283	-3
-281	-7
-279	-2
-274	2
-280	5
-277	2
-271	-1
-276	6
-272	11
-276	16
-276	21
-277	23
-277	25
-275	27
-274	25
-276	27
-279	29
-281	28
-284	28
-282	29
-280	28
-283	30
-281	31
-283	33
-282	35
-281	38
-283	40
-280	39
-278	40
-277	42
-276	39
-274	38
-272	40
-271	42
-268	42
-267	40
-265	39
-265	37
-267	37
-266	38
-268	38
-268	36
-271	36
-270	33
-273	31
-275	31
-272	31
-271	34
-274	32
-275	28
-278	29
-280	32
-282	34
-279	35
-280	31
-282	28
-284	31
-284	29
-287	29
-285	29
-285	32
-282	31
-281	34
-285	31
-288	31
-290	31
-289	29
-287	31
-290	30
-292	29
-295	30
-296	28
-297	30
-297	28
-299	28
-299	30
-297	29
-297	31
-295	29
-298	28
-301	28
-303	26
-306	27
-304	29
-306	30
-307	32
-307	29
-309	28
-306	29
-304	31
-301	31
-302	28
-302	31
-302	27
-299	25
-298	29
-295	31
-292	33
-291	29
-289	32
-292	30
-296	31
-298	27
-294	30
-290	33
-288	38
-286	39
-288	40
-290	41
-288	39
-286	38
-289	40
-292	40
-294	41
-296	42
-298	41
-297	39
-298	37
-296	39
-299	39
-299	36
-299	40
-299	37
-302	39
-302	36
-302	40
-300	42
-298	40
-295	42
-294	40
-295	37
-293	41
-297	42
-301	43
-303	41
-303	39
-304	42
-304	40
-307	39
-309	38
-309	35
-306	35
-306	38
-309	37
-308	40
-308	43
-307	45
-305	46
-306	44
-306	41
-309	42
-310	45
-309	47
-311	48
-310	50
-312	50
-309	50
-307	51
-305	51
-303	51
-305	53
-305	55
-307	53
-305	54
-307	52
-309	52
-310	54
-309	55
-310	53
-308	52
-305	52
-304	49
-302	47
-302	44
-303	42
-300	44
-303	43
-304	46
-307	46
-309	44
-312	45
-311	49
-308	48
-310	46
-306	48
-309	46
-312	49
-313	53
-312	55
-313	54
-313	56
-315	57
-313	55
-312	57
-310	58
-308	59
-310	57
-312	59
-313	61
-314	62
-313	60
-314	58
-312	56
-311	53
-313	52
-309	53
-308	50
-308	46
-305	42
-308	39
-308	35
-305	36
-305	41
-309	43
-305	48
-306	52
-307	56
-309	57
-306	55
-306	51
-302	49
-299	51
-301	46
-297	43
-292	45
-290	39
-287	35
-289	30
-284	32
-280	29
-286	29
-284	22
-281	18
-283	22
-278	23
-277	26
-276	22
-273	23
-273	26
-270	26
-270	22
-271	27
-272	30
-272	25
-276	23
-272	22
-274	17
-269	14
-276	18
-280	20
-275	20
-273	25
-278	24
-271	24
-271	31
-271	37
-268	37
-266	39
-267	41
-269	39
-269	42
-267	39
-269	41
-269	37
-265	38
-264	36
-264	33
-261	34
-259	35
-258	33
-257	36
-259	37
-258	39
-260	38
-261	40
-263	39
-265	40
-263	42
-260	42
-261	39
-263	40
-262	37
-264	35
-261	36
-262	39
-259	39
-256	39
-254	41
-252	43
-255	43
-255	41
-252	42
-254	44
-250	44
-248	42
-247	43
-245	43
-246	41
-246	43
-248	44
-251	44
-250	40
-249	43
-253	43
-252	39
-248	37
-245	37
-245	39
-247	39
-245	40
-244	42
-247	42
-245	44
-243	41
-241	39
-243	37
-243	39
-245	41
-243	38
-244	36
-246	35
-246	38
-248	41
-247	38
-244	41
-248	43
-245	38
-242	39
-241	35
-242	33
-242	36
-245	36
-247	33
-243	36
-241	33
-238	32
-237	30
-238	28
-236	27
-234	27
-232	28
-231	26
-229	26
-230	28
-228	27
-230	25
-232	26
-231	28
-228	28
-230	27
-231	30
-230	33
-232	31
-228	30
-226	32
-227	30
-229	28
-233	27
-232	25
-235	27
-236	29
-237	31
-239	33
-238	31
-239	28
-237	26
-235	28
-238	29
-240	26
-239	29
-239	25
-236	25
-239	26
-235	26
-237	23
-236	28
-234	24
-239	24
-234	30
-238	34
-239	37
-240	34
-241	37
-237	35
-241	32
-245	35
-248	39
-243	34
-238	35
-234	29
-231	24
-231	19
-230	16
-232	14
-235	14
-235	11
-236	16
-233	14
-232	17
-233	15
-236	14
-232	16
-232	20
-228	17
-232	19
-233	25
-228	29
-231	31
-227	33
-228	35
-226	35
-229	35
-227	34
-230	34
-227	32
-228	36
-231	37
-228	34
-231	38
-225	40
-223	39
-222	41
-220	42
-221	43
-220	41
-219	43
-218	42
-218	44
-216	44
-219	44
-221	44
-223	43
-220	44
-219	46
-220	45
-219	47
-217	49
-219	50
-220	52
-222	52
-220	53
-218	54
-221	53
-219	52
-221	54
-221	56
-219	58
-217	61
-217	65
-211	65
-209	71
-218	77
-224	78
-220	81
-221	87
-224	88
-221	90
-219	88
-217	92
-218	96
-222	93
-223	89
-226	86
-227	91
-223	92
-227	95
-222	88
-224	93
-218	93
-217	88
-215	95
-211	98
-216	97
-219	91
-211	91
-207	88
-209	95
-207	90
-201	93
-200	100
-210	98
-218	95
-228	90
-220	89
-220	80
-227	77
-230	82
-231	89
-228	80
-222	82
-226	74
-231	74
-227	71
-229	75
-230	70
-226	69
-232	71
-231	64
-226	61
-228	59
-229	57
-228	55
-226	57
-227	55
-229	56
-228	53
-224	54
-222	54
-223	56
-225	55
-225	58
-227	57
-229	59
-231	58
-227	59
-224	59
-225	56
-222	55
-220	54
-222	57
-222	53
-226	52
-224	55
-228	56
-229	52
-223	54
-226	58
-229	60
-224	58
-223	53
-227	49
-225	41
-221	40
-219	42
-217	41
-220	40
-223	41
-219	41
-216	42
-219	45
-222	45
-222	40
-218	39
-223	40
-229	38
-234	38
-242	38
-246	32
-237	33
-230	37
-235	31
-228	26
-225	23
-222	20
-225	18
-222	19
-225	16
-231	16
-226	22
-225	28
-225	24
-224	19
-227	23
-224	29
-219	33
-217	27
-213	25
-216	28
-213	22
-216	21
-211	20
-213	15
-216	10
-210	9
-213	7
-209	11
-207	15
-202	18
-203	23
-207	23
-206	28
-207	30
-207	28
-206	25
-205	29
-206	31
-208	32
-206	30
-204	32
-207	32
-207	29
-208	33
-205	35
-202	36
-203	32
-202	29
-198	28
-195	27
-192	27
-195	29
-194	31
-194	33
-197	32
-199	34
-195	35
-193	32
-194	28
-193	31
-197	30
-198	33
-197	29
-199	26
-203	30
-199	32
-203	35
-204	39
-207	36
-205	33
-205	38
-201	41
-197	36
-192	36
-196	39
-201	37
-200	43
-201	51
-189	50
-187	54
-186	47
-181	46
-184	41
-186	44
-189	41
-192	37
-198	39
-196	31
-193	26
-188	26
-190	30
-195	31
-201	32
-195	30
-195	37
-192	28
-198	27
-195	21
-193	16
-197	18
-193	14
-195	10
-195	15
-201	17
-204	23
-205	28
-207	33
-209	39
-217	42
-216	35
-224	37
-225	30
-219	35
-217	43
-217	50
-220	50
-216	51
-218	55
-216	50
-218	45
-217	52
-218	46
-224	38
-216	33
-214	24
-220	20
-224	15
-227	8
-226	4
-228	3
-225	3
-225	5
-224	2
-226	0
-224	-1
-221	0
-225	-3
-224	-6
-225	-2
-228	0
-230	-1
-228	-2
-231	-2
-232	-4
-234	-2
-232	-1
-233	-4
-231	-5
-235	-5
-237	-6
-235	-4
-233	-2
-231	1
-232	4
-229	3
-229	6
-232	8
-237	5
-240	1
-235	1
-231	2
-231	6
-230	0
-230	4
-225	4
-227	1
-224	3
-227	-1
-229	4
-225	0
-224	-7
-220	-9
-222	-11
-218	-11
-219	-8
-223	-8
-227	-4
-233	-6
-229	-3
-234	-7
-238	-6
-234	-5
-237	-2
-233	-1
-237	-5
-240	-9
-245	-3
-241	1
-237	6
-241	12
-244	7
-248	13
-240	13
-234	17
-243	12
-252	11
-247	11
-254	7
-256	13
-259	7
-254	12
-264	12
-255	8
-247	4
-240	-1
-246	0
-248	-7
-250	-11
-253	-13
-252	-9
-250	-13
-248	-9
-245	-4
-249	-11
-253	-16
-249	-18
-253	-19
-252	-23
-255	-23
-250	-21
-248	-24
-246	-28
-245	-32
-244	-28
-248	-27
-247	-22
-252	-21
-247	-18
-248	-12
-243	-6
-251	-2
-256	-3
-252	-7
-256	-2
-262	2
-258	-4
-250	-6
-250	-15
-251	-23
-254	-27
-248	-31
-254	-29
-246	-33
-242	-29
-246	-30
-240	-28
-239	-22
-243	-26
-241	-32
-240	-26
-240	-19
-241	-28
-240	-20
-232	-28
-240	-24
-242	-36
-248	-39
-240	-38
-229	-38
-224	-27
-233	-24
-243	-34
-246	-23
-254	-30
-248	-40
-244	-22
-255	-29
-243	-36
-252	-20
-257	-8
-257	4
-254	-5
-251	-18
-238	-8
-229	0
-237	1
-231	7
-234	-1
-224	4
-217	-2
-214	-5
-213	-3
-215	-1
-212	-6
-214	-3
-213	-8
-216	-9
-219	-11
-224	-8
-215	-9
-212	-12
-216	-8
-220	-10
-212	-7
-208	-6
-213	-5
-209	-1
-213	-4
-210	2
-214	-4
-207	-6
-203	-10
-201	-7
-202	-10
-200	-7
-196	-6
-193	-8
-193	-11
-195	-12
-197	-12
-195	-10
-196	-11
-194	-9
-196	-10
-193	-9
-193	-5
-195	-9
-193	-13
-196	-12
-196	-16
-198	-19
-195	-21
-200	-21
-203	-21
-200	-23
-198	-22
-201	-23
-202	-25
-202	-22
-201	-26
-200	-22
-196	-21
-195	-16
-199	-17
-197	-23
-203	-27
-209	-24
-202	-24
-197	-20
-192	-16
-195	-11
-195	-15
-200	-15
-194	-13
-195	-7
-195	-1
-195	-4
-199	-1
-197	2
-194	-1
-198	0
-194	1
-190	3
-193	2
-189	5
-192	3
-190	7
-195	8
-189	9
-184	8
-181	5
-178	4
-180	4
-177	5
-179	3
-180	6
-177	9
-175	5
-173	4
-174	2
-172	2
-175	2
-177	3
-176	6
-175	3
-172	3
-172	6
-170	4
-172	7
-169	5
-166	6
-171	7
-175	7
-171	6
-169	10
-165	14
-162	10
-167	7
-173	3
-177	0
-174	4
-178	2
-179	7
-177	1
-180	7
-180	1
-172	5
-172	14
-169	8
-174	1
-184	11
-184	17
-179	20
-185	18
-183	12
-177	7
-174	17
-167	13
-165	20
-164	15
-158	15
-154	19
-158	20
-160	16
-157	21
-155	17
-154	23
-153	26
-155	29
-158	27
-154	28
-155	24
-155	18
-149	19
-147	24
-150	20
-149	26
-144	28
-143	32
-139	35
-139	39
-138	43
-140	46
-141	42
-139	46
-134	49
-139	52
-131	49
-127	54
-122	55
-119	57
-116	58
-114	58
-114	56
-113	54
-113	58
-111	60
-115	57
-113	55
-117	56
-118	53
-122	53
-122	49
-122	45
-119	45
-120	43
-118	45
-121	45
-124	44
-127	43
-129	39
-131	35
-126	34
-125	39
-121	39
-120	42
-117	40
-116	44
-116	41
-113	43
-115	41
-114	45
-111	47
-107	47
-111	49
-116	47
-118	43
-119	47
-124	48
-120	46
-122	41
-121	37
-121	32
-126	38
-131	36
-136	37
-136	33
-135	39
-141	38
-145	43
-149	46
-155	44
-161	39
-158	43
-152	42
-146	45
-143	51
-135	51
-135	42
-138	49
-137	40
-143	46
-150	39
-148	33
-143	31
-138	28
-144	30
-140	24
-147	30
-148	36
-150	29
-151	22
-151	16
-159	11
-164	17
-162	25
-160	29
-165	25
-161	29
-167	26
-165	33
-164	38
-165	42
-169	39
-163	40
-165	36
-161	42
-167	47
-161	38
-159	31
-154	36
-162	40
-154	34
-155	42
-144	45
-137	35
-137	26
-134	37
-126	43
-121	42
-125	46
-122	43
-120	49
-119	55
-116	52
-115	58
-118	55
-123	55
-126	49
-124	54
-127	47
-123	53
-116	57
-119	52
-113	59
-112	52
-117	58
-123	48
-114	44
-109	47
-114	43
-114	53
-106	58
-99	57
-103	62
-95	62
-91	67
-88	62
-87	69
-80	67
-78	74
-70	74
-73	69
-79	74
-86	67
-89	59
-90	67
-100	64
-92	60
-85	55
-78	58
-77	51
-73	55
-73	50
-78	56
-72	51
-80	53
-71	58
-66	53
-59	55
-62	61
-59	57
-61	63
-55	61
-58	56
-53	63
-59	58
-67	62
-74	59
-76	68
-68	73
-65	77
-63	71
-59	65
-62	74
-69	77
-58	80
-64	72
-68	62
-68	72
-57	78
-59	87
-64	74
-69	61
-78	66
-75	51
-64	56
-51	63
-49	56
-43	67
-35	71
-45	64
-50	72
-45	63
-58	64
-70	59
-82	72
-87	52
-98	48
-102	46
-98	50
-104	47
-97	49
-104	50
-100	57
-101	47
-105	57
-115	59
-112	44
-124	42
-120	35
-128	38
-120	34
-113	41
-126	44
-137	46
-128	54
-110	58
-96	61
-91	49
-94	67
-113	60
-119	40
-125	31
-140	34
-136	24
-152	28
-147	20
-155	26
-152	18
-159	9
-167	18
-176	16
-184	23
-181	28
-177	23
-186	21
-183	27
-177	29
-184	30
-182	36
-184	33
-183	39
-182	35
-183	40
-185	45
-190	43
-188	49
-187	57
-190	64
-191	61
-188	66
-191	64
-192	69
-189	68
-191	70
-187	70
-190	67
-192	63
-198	61
-189	65
-192	71
-189	75
-192	76
-187	77
-189	74
-186	78
-187	72
-191	69
-196	62
-188	69
-188	79
-189	85
-188	90
-192	88
-195	92
-203	94
-200	101
-212	94
-205	89
-214	97
-229	93
-218	79
-226	71
-219	72
-229	70
-228	60
-220	60
-214	60
-216	67
-207	67
-219	66
-217	58
-210	62
-198	63
-187	69
-191	79
-190	86
-186	91
-197	95
-208	89
-224	83
-232	73
-225	61
-218	59
-224	67
-231	59
-226	73
-216	62
-206	71
-190	78
-188	86
-191	74
-200	61
-192	48
-191	40
-182	42
-189	42
-181	37
-179	44
-172	38
-164	44
-178	35
-187	31
-179	35
-173	26
-173	16
-176	4
-189	2
-194	-3
-196	-9
-199	-3
-195	1
-202	2
-196	-1
-203	-5
-208	-7
-206	-14
-213	-15
-206	-21
-207	-13
-200	-8
-205	-11
-206	-2
-205	-10
-200	-2
-194	6
-188	3
-190	14
-185	9
-189	20
-194	15
-201	18
-206	23
-207	16
-214	16
-221	18
-224	27
-232	24
-234	15
-226	7
-219	14
-223	7
-223	19
-226	29
-215	24
-224	28
-215	20
-208	14
-212	9
-204	10
-203	17
-199	9
-209	10
-199	6
-188	4
-200	-3
-210	3
-213	-10
-201	-9
-205	1
-211	12
-198	10
-191	21
-189	13
-189	24
-199	24
-196	16
-187	7
-192	-13
-200	-25
-211	-30
-215	-34
-216	-30
-213	-36
-211	-39
-213	-34
-213	-39
-219	-37
-213	-40
-215	-32
-210	-25
-216	-36
-208	-39
-207	-24
-194	-17
-210	-33
-224	-38
-217	-29
-204	-25
-215	-37
-216	-11
-198	-13
-197	8
-201	-10
-225	-9
-238	1
-240	14
-248	4
-239	15
-223	16
-225	1
-236	-6
-254	-14
-267	2
-275	-5
-283	0
-288	-1
-289	2
-290	-2
-286	-2
-286	3
-284	-1
-287	5
-286	10
-282	12
-286	11
-281	9
-277	6
-285	8
-287	13
-280	12
-280	7
-284	14
-285	21
-277	22
-281	16
-285	22
-288	30
-281	35
-281	40
-278	39
-275	39
-275	42
-278	41
-274	40
-272	37
-277	37
-282	37
-277	40
-282	40
-287	39
-292	39
-287	41
-279	41
-272	41
-267	38
-270	35
-264	37
-263	41
-260	43
-256	43
-260	41
-264	41
-258	40
-257	43
-256	37
-260	36
-256	36
-260	34
-261	31
-257	33
-262	32
-265	28
-263	35
-258	36
-261	32
-257	38
-251	40
-258	43
-256	35
-263	32
-257	40
-266	42
-273	39
-281	39
-289	39
-295	36
-291	40
-298	36
-298	30
-303	28
-299	29
-304	28
-307	31
-306	28
-303	31
-308	29
-309	24
-309	33
-306	37
-301	39
-295	40
-300	47
-303	52
-302	46
-298	51
-307	54
-311	55
-311	51
-313	57
-316	59
-314	61
-316	60
-312	61
-315	60
-310	61
-307	57
-312	54
-316	58
-311	54
-314	60
-308	58
-304	52
-302	43
-309	41
-310	49
-309	60
-298	53
-311	62
-305	43
-300	36
-298	44
-286	42
-284	30
-274	27
-278	21
-278	31
-287	30
-281	20
-274	30
-270	40
-263	33
-273	30
-276	42
-264	42
-259	32
-245	32
-249	42
-239	35
-226	34
-213	26
-204	30
-206	38
-217	31
-229	34
-246	34
-260	40
-270	27
-270	42
-291	31
-279	32
-296	32
-305	35
-309	40
-303	30
-296	27
-309	31
-298	23
-309	36
-295	41
-308	56
-308	30
-314	55
-302	26
-286	7
-283	16
-286	4
-290	-4
-293	-7
-290	-8
-287	-8
-291	-10
-294	-11
-294	-8
-293	-12
-291	-15
-295	-17
-298	-18
-299	-21
-299	-19
-301	-18
-303	-20
-300	-21
-298	-22
-302	-21
-299	-20
-302	-18
-300	-15
-296	-14
-295	-11
-292	-8
-289	-9
-292	-5
-293	-11
-297	-15
-294	-19
-298	-21
-293	-23
-289	-17
-285	-13
-280	-10
-285	-16
-287	-23
-295	-15
-295	-9
-289	-6
-282	-8
-290	-9
-298	-13
-301	-20
-303	-16
-297	-22
-303	-18
-293	-19
-299	-14
-291	-5
-286	-14
-280	-6
-288	2
-281	-10
-295	-13
-286	-21
-289	-4
-300	-18
-281	5
-268	4
-259	12
-274	9
-265	1
-252	14
-269	9
-253	-4
-268	7
-256	-11
-283	-9
-277	15
-266	37
-245	47
-240	27
-256	42
-227	52
-218	47
-226	40
-229	58
-213	56
-198	49
-189	59
-186	75
-194	55
-186	40
-189	29
-189	40
-187	52
-182	32
-169	34
-165	23
-176	24
-162	29
-155	23
-143	27
-146	40
-154	26
-148	39
-129	37
-146	46
-168	37
-183	45
-187	23
-196	37
-208	31
-201	23
-208	34
-194	25
-182	39
-184	16
-161	20
-154	10
-165	28
-153	11
-135	36
-111	45
-101	62
-84	51
-65	52
-48	65
-62	57
-74	77
-50	73
-37	68
-53	68
-70	71
-47	84
-45	94
-54	82
-34	82
-28	71
-22	78
-18	78
-16	76
-13	76
-15	74
-12	72
-12	77
-13	79
-13	81
-12	79
-14	79
-15	77
-13	80
-14	82
-17	83
-20	80
-22	76
-23	71
-22	79
-16	79
-18	76
-22	73
-13	71
-7	74
-12	76
-9	79
-11	76
-14	80
-11	79
-10	83
-14	81
-10	82
-6	85
-2	80
-3	87
-5	78
-7	84
-5	77
-12	83
-19	80
-12	80
-16	74
-15	82
-5	79
-17	80
-8	73
0	87
9	85
6	90
8	94
13	94
13	90
17	91
20	91
16	91
12	92
9	89
7	85
14	85
18	90
15	94
19	91
19	96
22	92
28	90
33	91
30	86
25	84
24	77
18	73
23	67
20	62
21	69
26	74
24	80
20	73
26	68
24	76
14	80
3	83
9	91
15	93
8	92
15	95
20	101
16	96
22	100
21	94
21	101
25	94
27	100
32	103
30	98
36	100
32	102
26	103
33	110
36	104
40	103
38	105
40	102
36	106
41	105
47	103
48	110
49	106
50	112
50	109
55	108
52	111
48	114
52	115
48	115
52	112
52	118
48	123
43	119
41	123
46	124
45	130
42	131
40	130
43	133
46	130
44	134
42	130
39	125
43	131
39	136
42	141
39	144
44	145
48	145
43	143
48	143
46	137
43	145
47	137
51	130
56	123
65	120
71	118
71	122
76	120
78	122
80	122
79	123
80	125
80	123
79	121
81	123
81	125
83	125
85	125
87	126
88	128
86	129
85	131
87	129
85	128
84	131
87	132
85	130
83	127
81	128
82	125
81	127
82	124
84	122
81	121
81	124
79	126
76	126
76	122
79	124
80	121
77	122
75	118
71	115
67	118
70	114
65	111
68	115
63	118
59	112
61	110
58	110
59	108
60	105
61	113
59	109
63	113
58	114
52	109
46	114
40	112
44	115
39	118
34	116
35	109
34	102
38	108
36	115
31	121
38	123
46	121
40	115
48	112
39	113
49	116
40	111
50	113
60	111
68	114
60	109
49	120
45	131
45	121
55	126
55	140
46	148
54	154
48	163
51	172
48	159
43	146
49	155
40	144
37	134
33	131
29	128
23	126
20	130
24	134
31	132
29	137
33	142
34	134
31	138
35	131
37	138
41	129
34	137
44	131
55	136
41	142
32	128
23	131
16	133
12	125
7	124
11	127
4	126
8	116
11	123
10	115
14	126
21	123
16	131
9	122
11	111
19	125
27	132
20	124
32	117
38	102
44	97
49	96
46	89
42	85
46	92
45	99
39	104
30	96
22	96
15	89
7	93
12	80
21	67
24	57
19	62
15	52
23	48
27	43
31	43
30	45
28	47
32	46
34	44
34	41
36	43
33	45
34	42
36	45
35	41
35	37
32	39
29	39
26	39
23	37
22	32
26	36
29	38
29	34
34	36
29	37
30	41
28	38
31	42
29	45
25	46
31	48
35	50
31	50
37	50
31	47
30	42
34	39
31	44
36	47
31	45
33	38
28	34
23	38
23	31
28	35
22	41
30	39
23	47
18	38
11	37
16	33
17	27
21	24
27	25
24	30
32	26
25	28
18	23
15	18
10	19
5	21
12	18
5	19
12	24
13	29
17	24
13	17
13	26
18	22
24	15
25	13
23	10
26	6
22	10
25	15
28	17
23	14
26	9
28	4
31	11
24	16
29	11
22	15
16	9
20	-1
26	3
29	-5
22	-4
23	2
25	-8
21	-16
26	-8
16	-9
8	-7
4	-15
7	-4
-1	-4
0	3
2	11
8	20
6	9
0	-1
3	8
14	-3
6	-11
-4	-6
-8	-15
-2	-4
7	-11
19	-17
22	-31
31	-7
28	10
32	-2
29	14
23	25
26	15
12	14
7	27
14	35
9	28
11	39
17	30
7	24
24	32
35	40
36	52
39	59
31	62
25	59
24	68
24	55
15	51
17	38
19	50
30	56
36	66
43	64
34	67
32	57
37	69
31	79
33	89
27	87
25	95
33	88
22	89
19	78
20	61
39	65
25	69
27	88
37	99
46	101
41	88
41	96
30	94
46	94
43	82
43	95
30	85
45	79
45	64
35	48
20	45
29	56
42	69
39	46
16	45
37	48
38	23
27	13
39	26
22	11
23	-5
8	-15
17	-2
19	-21
10	2
15	22
38	25
11	38
31	22
3	6
23	-11
6	-36
-12	-42
-7	-33
-6	-46
-18	-52
-15	-37
-7	-22
-6	-7
19	-9
28	23
37	71
12	86
34	93
10	86
-11	78
1	92
-11	80
-16	101
-7	105
-22	105
-26	93
-36	84
-50	79
-30	66
-48	82
-48	56
-32	91
-22	103
-25	88
-9	95
-26	97
-6	108
7	92
-17	74
-12	108
17	96
28	122
17	133
37	133
56	141
45	126
59	138
67	156
68	163
65	168
60	160
70	156
76	161
82	161
80	167
79	170
81	173
78	168
82	167
82	172
83	167
86	164
79	167
77	162
81	169
86	170
94	169
85	167
91	175
82	174
74	175
70	181
70	171
71	163
64	163
74	168
72	160
75	170
81	159
79	172
79	185
79	198
69	194
78	196
79	182
93	176
85	168
94	182
110	180
102	176
110	171
110	166
111	163
112	161
110	159
112	160
111	158
110	161
111	164
111	160
110	164
109	159
114	157
117	156
120	156
121	153
122	156
125	154
126	157
128	156
128	158
127	160
126	158
129	158
127	157
130	157
129	155
131	154
129	153
127	152
129	154
128	152
131	153
133	154
133	152
132	155
134	154
132	154
131	157
129	156
128	153
129	149
127	151
124	154
120	154
123	155
125	159
122	159
125	161
123	162
121	164
124	160
127	159
130	161
133	161
135	160
133	159
132	157
130	158
134	157
136	158
138	158
138	156
136	156
135	154
137	156
134	156
133	153
133	158
134	155
136	159
138	157
140	158
142	156
143	152
137	157
135	159
134	162
137	161
139	160
138	162
140	163
142	163
140	164
142	166
144	168
146	170
148	168
146	167
144	166
146	164
146	162
148	162
146	161
145	163
147	162
147	165
148	167
150	169
151	167
153	168
154	170
154	172
154	174
155	176
153	173
155	171
156	169
156	173
152	173
153	170
154	168
151	170
152	172
152	169
149	169
150	171
148	172
146	169
149	167
148	170
151	171
152	174
155	177
152	181
149	172
154	171
153	176
148	171
149	166
152	165
151	169
155	172
150	165
152	168
147	170
150	164
146	163
148	165
147	161
144	163
142	164
145	164
143	161
140	161
138	159
141	158
144	160
148	161
143	160
143	164
140	162
141	159
137	159
133	160
137	162
134	166
138	161
142	165
145	169
139	164
144	167
151	164
143	158
137	155
131	151
129	146
129	148
128	145
130	144
133	144
129	141
127	139
130	137
129	139
131	137
133	135
130	136
129	138
128	135
127	138
131	135
130	132
129	134
128	131
131	130
132	129
132	131
133	129
131	127
129	128
129	125
132	124
133	122
132	120
134	120
135	118
133	117
133	119
134	117
134	119
132	121
132	118
133	116
135	117
132	115
130	116
131	119
130	121
133	120
134	124
130	125
132	123
130	120
129	116
132	117
129	119
130	114
133	112
131	112
129	113
131	110
132	107
130	106
132	104
134	103
135	101
138	102
140	103
138	100
140	98
139	95
137	95
136	97
134	98
137	96
139	96
137	97
137	94
137	91
139	90
139	92
140	90
138	91
141	91
137	92
140	89
140	86
141	84
138	83
140	80
138	82
137	78
139	77
137	77
137	74
138	77
140	75
141	77
141	79
138	79
142	79
140	76
139	74
140	71
142	73
142	77
142	81
138	84
137	87
141	86
138	87
139	91
138	95
136	98
137	102
140	102
136	104
136	101
133	104
134	107
132	106
130	103
128	106
131	107
129	110
132	111
135	111
136	113
133	111
135	113
132	113
129	115
126	111
123	112
126	112
123	109
121	111
122	109
123	111
126	113
123	117
120	120
118	118
119	116
119	113
120	110
120	107
122	106
124	105
121	104
123	103
122	105
123	102
121	101
122	103
124	101
126	103
123	101
120	102
123	100
123	97
122	98
124	97
122	96
123	94
125	94
123	95
125	96
124	98
126	99
127	96
126	93
124	92
124	90
126	91
124	89
123	91
125	92
128	92
123	92
121	93
123	90
124	87
126	88
125	85
127	84
124	84
125	81
128	80
127	77
125	75
126	72
125	74
128	73
128	71
126	70
126	68
127	66
129	64
128	66
130	65
130	62
129	60
129	62
129	59
131	59
132	57
130	59
128	58
128	61
132	61
134	59
134	55
133	52
131	51
131	53
129	53
130	55
129	57
131	55
133	57
129	56
129	52
131	50
129	50
131	48
130	50
132	52
131	49
132	51
130	54
128	57
130	61
133	61
130	58
129	63
133	64
131	67
129	70
128	72
130	73
133	72
130	70
127	70
127	67
130	67
134	67
134	63
132	59
132	53
136	56
143	58
144	55
144	58
145	55
145	51
145	49
147	50
144	50
147	49
147	46
145	47
146	50
145	53
145	57
145	62
143	60
142	63
144	62
144	65
142	67
143	69
141	67
139	69
139	66
142	64
145	64
141	64
144	61
143	66
143	70
142	74
140	78
141	83
138	89
140	84
135	78
140	74
142	70
138	73
136	69
138	72
133	71
129	73
132	71
129	67
131	71
128	75
126	71
126	76
130	79
126	82
127	86
123	88
126	87
124	91
124	96
121	96
124	93
124	88
127	92
126	98
122	97
122	101
127	102
126	97
121	99
120	105
119	110
118	114
117	119
119	122
119	119
119	114
123	116
122	110
126	110
121	109
126	109
128	104
133	105
136	108
133	106
129	107
135	105
139	105
136	100
132	97
138	94
143	98
137	104
137	98
138	106
142	111
134	115
135	110
133	115
128	120
133	125
129	126
130	129
129	127
133	126
133	130
130	131
131	134
132	130
132	126
129	130
131	125
131	118
123	113
119	118
118	124
120	126
120	129
119	132
117	131
115	130
117	132
115	131
116	134
118	133
119	131
120	134
120	137
117	137
116	138
118	138
116	137
114	137
113	139
111	139
110	138
108	137
107	139
107	141
107	143
109	141
109	139
107	138
105	137
107	137
107	140
106	142
108	140
111	140
111	138
114	140
112	139
115	139
116	136
117	134
118	131
116	128
119	129
117	126
120	127
116	130
118	126
120	121
117	127
113	131
117	136
115	138
118	140
117	143
119	142
119	146
117	148
117	150
118	148
120	149
122	151
119	148
116	149
115	147
115	145
116	147
114	146
112	145
114	147
114	150
115	148
116	145
115	142
118	143
117	147
119	150
122	152
120	147
118	151
115	153
118	154
118	150
118	145
114	148
114	144
111	142
110	140
113	141
112	138
112	143
110	146
109	150
113	147
114	142
119	141
120	136
114	136
119	136
119	143
116	150
111	150
115	152
118	155
121	160
127	162
124	163
128	163
126	166
130	165
132	161
127	164
126	169
124	176
126	167
124	161
131	158
132	163
139	161
135	155
136	163
144	161
132	159
125	163
124	172
128	162
118	156
112	157
111	161
110	167
108	173
111	182
121	187
127	189
124	196
119	194
122	191
119	197
120	191
117	200
120	192
113	200
119	206
107	205
113	217
110	230
102	222
101	233
110	226
101	216
87	226
98	230
102	241
88	233
85	218
75	227
87	230
103	237
101	221
80	225
64	226
73	240
68	218
61	207
71	216
87	223
85	202
101	212
99	190
114	199
125	208
132	216
127	221
136	228
128	219
134	229
135	214
140	209
144	214
134	213
136	205
132	210
141	213
131	208
120	198
105	198
110	177
120	181
127	193
138	203
120	196
104	199
130	205
146	219
149	232
143	243
135	251
142	245
142	256
147	265
138	266
128	267
131	255
139	265
128	266
112	269
96	270
85	277
109	273
88	273
80	249
97	272
88	250
88	277
111	249
129	244
116	233
133	240
150	247
143	255
144	267
155	261
152	253
151	264
142	257
136	245
156	242
155	260
155	236
151	254
156	231
136	236
154	223
135	208
156	218
156	254
124	266
149	266
136	230
111	231
138	209
155	182
144	164
154	176
139	156
128	150
129	145
127	143
130	140
130	145
126	143
130	139
129	133
133	128
134	136
136	128
134	118
136	107
129	103
128	96
127	104
122	99
120	106
120	114
118	122
115	132
117	138
113	132
106	137
104	139
106	139
103	138
102	136
101	134
100	132
102	133
99	133
101	132
98	132
97	130
99	130
102	130
103	135
106	136
105	140
104	143
108	143
111	141
105	141
102	139
103	141
100	140
102	138
100	137
99	135
97	137
95	138
95	135
94	136
94	138
92	135
94	134
95	133
93	132
92	133
90	133
92	132
94	132
92	131
90	130
89	131
88	130
90	131
88	131
91	131
89	129
91	127
88	127
88	124
90	122
89	125
91	128
94	129
93	131
93	128
89	128
89	132
93	134
94	131
97	131
98	133
96	135
95	137
95	134
93	135
97	134
98	137
102	137
99	136
96	133
95	130
98	130
95	128
94	133
90	132
85	129
86	125
83	123
82	120
87	120
91	122
87	125
90	121
85	126
82	122
77	120
73	117
66	116
58	108
39	101
42	76
12	46
44	84
73	118
77	126
82	123
79	128
78	121
84	126
89	123
91	130
96	132
100	131
95	129
89	126
82	126
89	130
82	133
90	142
94	135
100	136
104	137
102	141
97	141
96	136
101	133
98	138
97	132
105	136
110	141
111	149
112	155
113	150
114	143
114	152
108	150
112	158
104	152
115	156
112	165
112	153
108	142
100	138
92	141
102	140
110	142
118	134
122	145
118	137
117	124
129	123
118	120
122	107
119	117
121	103
122	94
126	102
132	110
120	108
122	93
125	84
126	80
127	85
128	78
128	70
127	65
134	65
137	70
136	66
141	69
140	63
142	69
142	76
139	85
139	97
139	87
127	81
121	86
127	97
139	94
136	78
126	77
128	68
134	72
140	77
128	76
124	86
127	69
136	67
144	68
145	59
147	52
151	54
145	60
147	51
144	47
146	44
148	46
146	49
144	45
148	43
148	41
149	42
148	44
148	40
146	39
144	37
147	36
147	38
149	36
149	33
149	31
149	29
150	27
148	27
150	25
150	28
149	30
151	29
150	32
151	30
149	27
146	29
143	28
145	24
146	21
148	19
150	21
152	22
150	20
152	21
153	18
151	19
151	22
152	19
149	18
146	18
144	19
140	18
140	22
138	25
135	26
136	24
135	22
137	23
135	21
135	25
134	28
133	30
135	29
133	31
134	29
136	32
134	30
133	33
132	36
134	37
134	35
135	37
133	36
134	39
133	37
133	40
131	40
132	42
133	44
131	45
134	45
133	48
132	45
131	42
129	43
131	47
134	44
133	41
135	42
135	46
136	41
132	40
134	38
135	36
135	32
132	37
134	33
134	27
135	23
139	22
138	18
139	21
136	17
136	13
138	11
138	8
138	6
139	7
138	5
137	7
140	7
140	4
140	2
140	0
141	-2
139	0
141	2
141	0
141	3
140	1
137	0
141	-3
143	-4
141	-6
140	-8
140	-5
142	-3
140	-6
143	-5
139	-5
141	-9
143	-10
142	-12
142	-14
143	-13
141	-12
143	-14
143	-12
141	-14
141	-11
138	-12
141	-16
142	-18
142	-20
142	-17
142	-19
143	-17
142	-15
144	-16
141	-17
144	-15
143	-19
145	-21
143	-20
146	-20
146	-23
145	-26
143	-25
143	-28
145	-27
143	-26
145	-29
144	-27
147	-25
151	-25
151	-28
152	-24
151	-29
148	-31
146	-30
145	-32
146	-34
148	-34
150	-34
152	-34
150	-32
151	-35
149	-37
150	-35
148	-37
147	-35
146	-37
149	-36
147	-34
149	-32
146	-32
147	-30
145	-33
146	-29
144	-32
143	-27
145	-22
147	-19
151	-20
154	-15
152	-12
155	-10
156	-8
154	-7
155	-5
154	-3
156	-4
155	-1
156	-3
153	-2
154	1
156	1
154	3
155	1
155	4
153	6
155	6
152	7
152	9
154	9
153	7
151	8
152	5
153	8
153	5
152	2
155	5
151	7
154	11
153	14
151	16
153	15
155	17
154	12
152	15
151	12
153	16
152	11
152	17
153	12
155	7
153	1
155	-2
155	2
152	8
148	16
148	20
146	17
151	17
148	22
145	20
142	23
147	26
145	23
150	22
148	18
150	24
147	28
151	28
150	33
147	35
148	37
145	39
149	40
146	36
145	33
148	32
150	34
146	37
149	41
147	47
144	52
147	42
145	35
149	32
145	31
150	31
145	34
136	34
132	39
136	42
132	38
134	31
134	40
130	48
133	42
129	51
131	44
129	55
132	47
143	50
147	40
146	31
146	24
146	30
152	24
144	18
138	16
138	12
140	15
136	11
138	7
141	5
138	4
141	4
138	1
142	-2
141	-7
139	-3
140	3
137	8
142	9
138	13
135	18
136	25
141	22
136	16
138	9
142	13
139	5
137	14
146	16
143	7
144	-3
140	-9
144	-13
144	-17
141	-13
144	-20
141	-15
145	-20
150	-18
155	-14
156	-11
156	-14
156	-10
156	-7
155	-3
155	-7
154	-11
154	-8
156	-12
155	-6
155	0
153	10
152	-1
155	-11
156	0
155	-13
152	-23
151	-31
149	-26
151	-32
151	-38
148	-36
146	-39
145	-37
149	-35
148	-40
147	-37
149	-41
150	-44
152	-41
148	-45
146	-43
147	-40
151	-36
148	-43
147	-47
149	-46
146	-46
147	-50
148	-52
150	-50
148	-48
150	-47
148	-44
147	-49
150	-52
150	-55
148	-56
149	-53
150	-56
150	-60
152	-57
148	-54
152	-52
149	-56
149	-50
148	-55
151	-61
149	-58
152	-64
150	-65
150	-68
153	-67
152	-65
152	-68
153	-65
155	-68
151	-63
151	-68
151	-60
153	-68
149	-51
145	-61
147	-48
152	-38
150	-48
151	-33
143	-29
143	-21
151	-22
145	-30
147	-22
156	-17
144	-10
153	-11
149	-23
153	-10
141	-5
137	6
136	21
137	11
136	26
146	34
148	45
133	50
131	62
130	52
136	38
134	23
150	26
136	20
139	2
153	-6
154	10
145	25
149	43
149	23
142	2
153	17
142	-10
144	-31
143	-16
146	-40
143	-23
152	-48
152	-66
147	-33
151	-64
143	-9
148	-49
146	15
146	55
139	70
126	73
137	63
126	69
122	86
128	108
138	97
134	113
131	128
118	125
131	136
128	146
128	154
128	144
127	155
115	157
108	145
119	135
104	138
92	142
103	134
118	128
97	129
85	124
74	123
91	121
73	120
91	120
91	142
77	124
54	117
62	145
48	161
54	180
63	190
72	198
58	195
63	211
86	205
67	187
77	171
68	158
64	178
50	169
74	165
73	186
48	188
62	215
75	246
97	277
98	235
129	221
147	255
110	247
146	223
115	259
67	226
88	275
38	276
36	272
39	275
29	273
20	273
34	274
21	275
37	273
11	278
0	276
6	278
18	278
38	274
0	278
26	277
-4	275
39	274
73	212
94	172
112	162
126	164
110	168
124	158
141	163
156	176
123	187
109	170
124	181
120	151
101	142
129	147
124	171
149	162
132	133
119	111
124	81
131	56
144	46
128	60
135	30
133	70
142	101
142	65
137	107
130	143
95	140
69	122
64	151
87	131
67	165
46	142
59	111
92	134
109	172
131	140
156	170
110	187
131	149
134	102
131	41
134	112
95	168
54	167
30	136
-3	107
27	127
71	153
60	202
82	130
120	180
55	184
5	120
-20	75
7	120
-39	85
-91	52
-122	37
-101	51
-71	50
-130	51
-167	39
-165	10
-193	-15
-219	8
-218	-9
-227	-29
-250	-26
-235	-6
-254	-21
-240	7
-210	8
-232	18
-245	42
-230	66
-217	51
-203	27
-219	49
-212	22
-214	-1
-213	-38
-224	8
-220	43
-190	28
-153	31
-109	44
-161	8
-186	53
-207	24
-199	-24
-208	39
-220	82
-204	97
-225	91
-192	85
-211	96
-188	80
-224	60
-241	26
-285	41
-283	9
-274	39
-288	0
-308	26
-303	-19
-247	-39
-300	-22
-305	47
-290	-21
-226	-27
-224	52
-190	92
-168	25
-206	88
-258	8
-316	61
-245	-39
-142	28
-225	85
-307	33
-190	91
-275	17
-99	44
-20	106
11	36
-8	-22
-16	-46
-8	-64
9	-65
-20	-58
-7	-28
1	2
33	43
16	123
88	178
121	246
32	273
120	271
1	278
146	214
40	120
-47	87
-4	-15
-22	-63
16	-66
-3	-15
34	37
14	-60
145	-28
144	63
148	166
148	35
151	-67
-8	-47
46	87
-89	68
-5	-54
149	-62
131	131
146	-41
74	200
-29	98
-4	276
-191	71
-17	-68
-230	83
2	276
154	2
-229	-30
