0.0	0.0
2.8146	-1.625
13.6212	-7.78696
20.6895	-6.3845
28.2315	-4.92056
33.4195	-8.0174
38.1474	-2.708
50.1595	-17.0666
57.4949	-19.63187
64.5295	-15.0124
67.5249	-13.19156
74.8818	-4.82346
81.0534	-1.7911
88.7193	-0.0135
85.9563	-1.9561
89.0379	4.9438
95.7668	11.4097
102.7969	15.8093
91.6663	14.81656
82.6736	23.8444
77.3864	26.46085
77.7488	17.4177
71.3708	9.9625
74.3894	20.77945
65.8748	27.8622
66.5141	28.1144
62.8001	18.3854
66.5558	11.997
58.4065	4.54275
50.2076	-2.8846
49.0469	-10.0187
46.6358	-3.3944
52.8141	3.01126
53.0152	6.5712
59.7054	14.57156
52.203	23.1264
21.493	22.64053
18.9618	23.3923
30.1585	13.27554
23.8316	10.23746
15.6565	3.9312
9.0462	2.52084
5.1062	-1.27884
9.4335	3.3396
9.2383	7.8141
8.4416	14.9168
0.4356	25.1552
-0.8686	15.8735
-6.8581	6.84805
-4.957	11.91415
-17.351	25.31247
-14.4892	20.9625
-25.731	12.53336
-15.1632	8.6293
-18.4577	4.81503
-19.044	-2.9436
-17.8037	-10.509
-15.348	-18.1461
-23.2286	-26.10587
-24.582	-21.2506
-31.5319	-28.3853
-41.1461	-36.3798
-44.5888	-41.1601
-34.3559	-34.9935
-31.6496	-28.5515
-25.7963	-18.11545
-26.7645	-13.9971
-31.8256	-6.4934
-61.9915	-2.96317
-70.4453	-17.2545
-64.2983	-12.54807
-52.1972	-24.79654
-51.531	-45.2463
-52.0841	-57.0034
-44.0971	-68.79416
-40.3714	-72.42123
-43.6989	-64.6378
-44.5433	-59.54636
-38.8805	-51.60434
-30.9128	-48.1506
-21.0815	-46.0841
-21.6954	-45.93356
-13.8922	-37.534
-4.1148	-34.43094
4.3948	-35.6379
0.0235	-33.37045
-6.5864	-28.0177
-9.2841	-27.46384
-13.0793	-20.5857
-7.3396	-13.87643
1.6827	-9.54086
-1.2607	-14.6113
7.2686	-20.15714
9.8848	-23.55747
14.8789	-11.80954
23.4078	-17.30966
28.3192	-14.9287
28.7126	-20.9588
35.6214	-28.14914
41.4902	-26.43356
48.5195	-31.0787
49.1888	-28.3195
41.2991	-40.2246
38.8543	-43.87503
33.7054	-38.5019
26.0262	-34.3453
26.1517	-38.68875
21.2764	-33.1776
15.0613	-27.8901
12.7795	-25.6357
18.6897	-32.7836
25.3287	-39.0149
18.6954	-47.5937
10.3675	-50.9692
1.7969	-40.27164
6.7981	-42.5722
12.2743	-47.69284
4.7184	-51.60104
12.1954	-55.27603
18.6169	-61.00974
7.3643	-67.5343
1.0188	-70.5207
-4.1101	-64.1619
-3.4155	-58.09555
-9.5875	-49.8479
-13.0576	-43.1821
-17.3603	-53.3985
-25.1016	-61.90024
-34.5045	-55.7
-32.7108	-56.4823
-25.9694	-66.15305
-18.0449	-69.53
-8.3256	-72.02896
-1.9329	-68.0159
-12.4888	-75.9835
-23.9633	-81.00595
-33.1594	-83.77756
-43.2034	-77.92996
-42.9058	-81.3949
-48.2655	-90.6157
-39.072	-101.48557
-42.3432	-103.23898
-33.831	-112.427
-25.624	-111.54935
-31.1882	-106.78357
-19.0356	-95.0839
-12.4569	-94.668
-14.099	-100.63828
-18.667	-108.07187
-27.8022	-115.11832
-36.6594	-119.22745
-45.7052	-123.38355
-52.5556	-121.72098
-59.3466	-113.83023
-68.3776	-123.78552
-64.9533	-118.64282
-60.1785	-112.36722
-55.7679	-106.09854
-55.6423	-96.83853
-58.9843	-86.8619
-60.6799	-78.8636
-62.832	-67.15006
-59.9461	-57.94797
-75.2862	-50.3094
-89.509	-33.3419
-83.6942	-38.49405
-73.9528	-32.0628
-84.2583	-22.42777
-77.8547	-19.7906
-85.4016	-6.7891
-93.3327	-3.8488
-100.0385	-9.9975
-107.4785	-5.1272
-102.1305	-5.9013
-90.872	5.6302
-94.1641	3.2087
-107.6588	13.66934
-107.6868	13.9523
-118.4988	24.4157
-117.4253	27.0977
-114.4787	37.1288
-129.1056	49.60355
-137.3867	31.6358
-147.6183	24.4412
-143.3837	24.8117
-138.2145	31.28274
-137.649	36.6412
-126.3185	46.018
-137.659	46.6852
-151.6542	57.2249
-148.72	48.46756
-155.9633	36.1645
-157.1731	30.53836
-162.9608	38.7167
-161.7411	45.91617
-154.4326	55.64487
-146.4403	61.40536
-150.955	60.9107
-151.5607	72.9444
-141.8504	82.9642
-131.8369	76.0465
-122.0927	70.81216
-115.2848	60.53946
-121.468	71.38657
-132.3407	84.07693
-144.2201	85.1051
-139.0434	87.7305
-146.9657	94.06644
-146.1679	99.6981
-139.1973	107.18936
-137.7326	107.95084
-128.0658	101.599
-129.6907	96.3541
-133.9118	106.1458
-144.3487	115.0136
-143.2631	112.32407
-151.5352	118.4878
-152.675	125.7162
-151.7084	117.1718
-155.1327	108.2521
-154.8306	98.461
-159.4455	90.73575
-166.1961	82.247
-163.7594	86.4601
-163.8344	93.36386
-157.9213	102.5784
-165.7957	108.44315
-161.0504	112.24246
-161.3275	120.49405
-169.6721	130.79916
-173.6456	126.7835
-183.7081	119.6408
-183.9784	121.3197
-182.6375	127.836
-175.8578	135.2738
-168.4849	134.9545
-183.9658	137.58475
-191.5775	143.88925
-198.7986	139.3655
-206.084	140.76425
-211.9744	139.61734
-221.1044	134.3304
-227.8529	142.91617
-222.9098	136.2168
-217.0314	128.52646
-210.0258	122.1651
-204.2619	120.6004
-199.262	126.31534
-190.934	131.84116
-194.3816	132.4447
-201.2893	124.8204
-202.8037	117.0279
-194.3488	108.9352
-187.4071	107.5398
-190.5717	102.5474
-180.758	115.6964
-174.5209	112.30814
-170.9027	106.59805
-181.3558	99.6763
-173.4647	95.5335
-172.8279	92.9563
-177.1221	84.86136
-184.0939	79.8958
-187.5479	73.7325
-193.9859	65.56314
-198.6295	62.5797
-204.2086	55.45444
-193.7466	47.11
-196.3822	45.68515
-187.403	36.35165
-193.9453	31.2322
-202.5111	25.85605
-209.0055	24.4673
-219.5603	37.4731
-211.5712	31.3322
-217.0059	25.0385
-227.5523	16.36594
-225.4755	20.037
-235.2848	9.7198
-245.7416	6.19253
-249.9802	4.438
-254.2207	9.69846
-259.9358	12.1972
-264.278	10.9922
-257.3583	17.7356
-265.1862	19.70566
-270.3019	29.96805
-267.8694	23.6999
-274.0068	11.27994
-280.2841	13.7695
-283.7365	10.3568
-288.6797	4.4835
-292.0228	6.1696
-295.3189	4.4633
-290.5805	6.08646
-289.0326	10.744
-284.1532	15.1848
-278.4235	18.0051
-277.5763	21.3406
-289.1699	32.418
-292.0154	23.5479
-297.7818	30.1515
-291.6738	36.2206
-285.7322	39.00656
-285.265	34.53683
-294.5883	45.0831
-299.523	45.2713
-301.7807	58.4035
-303.6745	48.2909
-304.5516	40.53665
-298.4116	32.9283
-301.7073	29.02505
-296.4464	23.7284
-294.9448	19.35635
-302.5127	13.7686
-299.0007	15.2158
-297.3422	9.7265
-287.9889	0.50626
-287.356	-3.8467
-279.684	-13.0478
-274.6796	-15.6035
-276.5618	-8.9442
-270.9122	-0.4106
-263.5153	4.07645
-255.7947	2.3388
-266.1478	1.1105
-272.545	-8.71677
-264.0281	-23.3348
-253.6525	-32.6993
-246.5453	-38.8806
-233.0408	-45.58383
-239.8958	-42.0128
-247.8615	-32.759
-255.758	-30.9237
-261.3932	-26.1522
-259.0253	-19.8205
-254.3363	-12.677
-249.5551	-6.43497
-241.8302	-15.32956
-244.2334	-19.72495
-235.7887	-4.343
-224.5475	-8.44394
-222.9528	-7.5557
-218.1178	0.1592
-220.1115	-11.9781
-216.3967	-19.1029
-220.1837	-25.27255
-224.2152	-31.13376
-230.057	-25.4469
-233.3965	-17.61716
-228.9653	-26.17526
-223.9436	-32.6616
-217.2957	-38.0158
-213.9428	-38.24655
-209.6318	-32.9316
-202.7985	-30.058
-210.1474	-28.9184
-220.5531	-41.84354
-205.562	-47.4254
-200.7543	-50.6846
-193.7538	-38.0746
-186.1858	-44.2105
-177.4098	-38.81345
-179.7258	-38.80545
-170.8671	-49.49124
-171.58	-48.5174
-164.9528	-58.59024
-159.6664	-55.76083
-164.8425	-49.2069
-171.8374	-41.69425
-160.213	-31.9058
-150.8355	-33.07864
-142.3268	-30.34323
-143.7044	-31.74155
-153.1946	-39.5535
-152.51	-40.02206
-150.4577	-50.82376
-154.6828	-59.02005
-158.8165	-63.9602
-162.5353	-58.3343
-153.0951	-65.9148
-147.6635	-70.80924
-140.2658	-78.4496
-129.2399	-73.95926
-136.3466	-80.43643
-122.0051	-86.71664
-113.6458	-96.05606
-109.1381	-84.2433
-100.5902	-72.762
-108.5127	-64.98526
-116.5315	-59.094
-121.9223	-65.3451
-131.0773	-74.3838
-120.2177	-66.7013
-130.8151	-56.9563
-138.1802	-55.1189
-144.3814	-60.1786
-143.4625	-65.58316
-143.8093	-55.22836
-148.2194	-48.836
-135.2069	-44.6397
-122.8024	-46.3169
-121.9061	-46.1704
-134.2838	-36.4114
-133.8192	-37.2492
-145.8097	-27.88455
-155.0905	-21.2345
-143.3353	-18.81046
-135.2747	-9.55075
-125.1906	-18.6034
-129.1144	-17.87674
-133.5773	-9.00613
-138.2995	-2.4795
-145.8208	2.9475
-154.5722	3.5567
-161.8181	-2.3865
-164.4516	-10.79056
-173.4501	-22.77756
-172.7474	-22.66946
-180.7094	-13.9084
-188.3715	-12.17764
-182.801	-12.16043
-192.5515	-24.3729
-195.7883	-27.7041
-203.6588	-16.1919
-211.7365	-20.41983
-207.2995	-19.4269
-207.5111	-10.84604
-213.5914	-1.9952
-206.6818	5.1621
-198.095	12.3667
-190.4402	15.1655
-185.8195	17.19235
-180.3898	22.1121
-176.9032	20.64316
-173.0292	14.70395
-181.9379	6.0737
-188.5425	6.18564
-194.2172	10.0686
-200.1432	3.42636
-197.2912	6.0892
-188.7311	-5.63504
-180.1427	-1.633
-171.0468	-2.6878
-164.2267	-4.508
-152.0155	2.6486
-159.7044	10.2752
-167.4179	13.0232
-167.3709	14.1261
-173.742	21.69455
-178.876	25.10226
-181.2987	29.54697
-183.2451	37.73715
-190.0412	46.15024
-186.984	51.84445
-179.2673	56.82693
-179.0841	56.55344
-174.9232	64.8841
-168.0937	70.84164
-164.0222	72.3545
-158.312	77.3863
-163.4189	69.78073
-170.1015	64.78287
-170.8769	62.35983
-172.6948	55.522
-172.6448	49.76767
-169.1157	43.0985
-166.5207	36.14127
-160.7176	29.8511
-154.5112	24.8759
-145.5867	21.0542
-139.4369	17.64584
-131.1486	13.6386
-131.4951	19.5494
-126.3034	10.1743
-122.7839	2.8563
-118.9437	18.22806
-112.3608	9.221
-119.8205	0.7894
-115.3718	-4.99844
-121.9643	-14.6811
-113.5412	-27.0801
-107.3443	-27.9603
-103.9521	-21.7663
-95.2682	-14.7687
-93.7391	-20.1502
-105.0178	-30.15286
-99.8478	-32.0102
-93.0063	-40.8603
-110.0193	-45.77853
-100.872	-45.5735
-93.8884	-53.2427
-88.5048	-54.98636
-83.5611	-51.00784
-72.189	-43.64755
-67.9108	-65.8913
-74.8158	-74.0689
-81.6989	-78.7978
-78.0209	-79.0688
-75.7497	-91.79685
-67.9826	-87.4595
-70.2731	-85.10886
-63.4821	-91.7298
-67.6487	-94.51346
-72.3078	-97.109
-70.116	-97.43076
-74.3748	-103.0934
-78.1198	-109.8174
-84.5435	-102.03754
-80.6337	-99.77078
-84.2453	-95.94144
-89.4235	-89.49796
-91.6027	-88.9145
-95.3914	-97.16946
-98.5745	-105.46893
-98.5565	-114.75986
-100.8375	-125.12735
-106.6371	-136.0191
-109.9308	-133.35538
-102.5827	-145.35184
-112.8126	-151.78934
-111.6365	-156.44525
-103.4773	-166.79
-94.795	-161.61563
-90.9545	-164.6634
-93.973	-156.26175
-98.623	-149.05325
-91.2893	-142.5579
-86.6536	-134.65814
-75.9701	-145.18436
-78.7334	-148.34586
-84.2525	-155.72012
-84.7145	-163.48605
-91.3717	-171.36844
-97.8	-173.3748
-87.9838	-174.12405
-90.5686	-179.33688
-98.7335	-186.03238
-104.4021	-186.13522
-105.8217	-182.38205
-106.879	-176.22455
-112.4025	-171.00504
-110.2615	-182.72974
-107.9104	-192.3569
-102.2019	-202.19684
-94.1795	-196.07053
-96.8585	-194.2634
-101.1449	-203.57874
-111.9826	-214.2261
-106.8047	-209.99124
-96.4313	-222.46796
-89.9791	-225.62503
-93.4214	-218.47665
-85.4855	-211.19955
-77.0012	-208.68936
-64.941	-211.32193
-70.0604	-210.9598
-81.8976	-219.90176
-84.9227	-220.83334
-76.7799	-229.28012
-74.6735	-236.08212
-66.6015	-227.8577
-61.225	-230.83182
-57.8059	-227.21085
-49.8141	-222.11615
-53.2781	-230.57034
-58.86	-234.9914
-57.6256	-237.04758
-62.8058	-245.1567
-52.0719	-248.92365
-58.4096	-252.087
-66.6752	-256.45523
-70.3372	-261.17526
-69.6974	-256.08066
-67.096	-247.5268
-76.8305	-238.7772
-85.8475	-243.62125
-94.3067	-238.2211
-103.325	-234.76022
-93.8612	-236.3007
-99.3156	-244.57693
-94.9763	-250.05096
-87.5973	-257.1086
-85.3063	-255.39703
-78.016	-247.65054
-79.9218	-251.9833
-83.928	-259.6065
-89.4662	-266.73364
-95.0878	-264.2636
-88.2814	-265.1696
-93.6127	-275.81256
-96.1327	-291.09534
-94.3866	-298.91144
-104.3052	-306.72025
-108.8128	-297.56238
-102.943	-304.82397
-100.4315	-309.17825
-99.8273	-315.43964
-92.5724	-324.76834
-92.4085	-328.39352
-82.4773	-336.27325
-86.942	-335.95505
-87.8981	-342.42514
-96.6046	-347.90695
-101.39	-343.76453
-106.206	-335.97195
-110.9348	-329.76053
-119.3595	-337.15726
-115.4371	-341.28293
-116.6533	-331.25766
-107.7433	-323.29413
-113.7265	-321.01535
-122.9441	-312.52716
-127.5718	-314.9086
-124.6085	-323.47516
-136.6636	-332.4531
-145.709	-328.88388
-131.7719	-335.62335
-133.122	-337.8941
-139.4441	-344.69638
-142.9951	-349.6144
-150.6286	-344.41922
-158.9071	-345.1171
-164.8605	-344.72092
-163.683	-353.15076
-173.2953	-363.19077
-174.565	-359.38586
-184.7558	-367.62527
-191.888	-370.16086
-196.7101	-366.4183
-203.8528	-370.9741
-203.5491	-375.66803
-205.2379	-368.94418
-212.5752	-361.95856
-209.3408	-368.16223
-215.4987	-376.67386
-221.1144	-379.7141
-224.83	-370.15176
-221.274	-379.72766
-212.3388	-388.09814
-202.9817	-389.15988
-204.425	-391.99036
-197.6477	-383.80893
-188.3792	-378.60077
-185.1723	-378.42224
-176.9564	-386.9916
-167.0847	-378.09534
-159.3439	-374.2381
-155.4603	-375.06357
-155.3428	-368.43457
-154.4484	-361.26474
-147.5961	-353.44305
-139.7378	-358.04346
-133.0066	-358.1932
-129.0335	-353.30356
-132.0632	-359.4464
-137.4098	-367.74805
-144.5324	-373.8804
-149.4212	-366.18695
-157.2955	-374.82584
-166.8067	-384.85843
-173.0364	-383.63864
-174.8776	-389.8253
-183.8222	-399.16107
-194.9317	-396.84842
-192.9046	-387.25687
-199.8652	-397.30002
-207.7958	-402.22495
-203.663	-401.19977
-211.9096	-412.05112
-221.3886	-412.0247
-231.2992	-418.0773
-225.3612	-409.0987
-217.0099	-405.73257
-215.4219	-406.25394
-223.6913	-397.1784
-230.7688	-397.3472
-230.7098	-395.5071
-233.0166	-387.49326
-239.8381	-379.67474
-232.5223	-376.32498
-243.2309	-370.17877
-257.1743	-366.9791
-247.5963	-370.88678
-242.338	-376.99826
-238.3092	-385.0104
-250.1036	-391.2061
-255.8394	-391.16357
-267.046	-383.26212
-279.3819	-383.3372
-286.4264	-391.24463
-286.016	-401.0134
-294.5172	-410.04285
-298.0478	-412.0431
-300.7614	-422.17255
-301.9852	-431.84515
-302.4621	-441.84576
-303.4019	-451.6389
-294.9907	-464.17334
-291.4802	-467.0078
-291.6225	-456.72647
-290.6842	-447.43994
-289.4417	-438.99765
-288.0664	-430.2236
-279.0616	-420.8273
-275.5185	-415.5522
-279.9444	-423.1455
-276.8517	-431.1353
-280.3645	-440.25378
-265.3603	-450.73245
-266.8888	-439.05447
-255.1831	-427.95007
-243.801	-425.6705
-250.6439	-418.2965
-259.9438	-411.1128
-268.7857	-412.12234
-275.9098	-412.7223
-268.6544	-404.01385
-259.5359	-395.6787
-252.2655	-397.45792
-245.9419	-400.80582
-241.5224	-402.60748
-235.8486	-397.0113
-239.6781	-401.82623
-232.6186	-408.913
-232.8777	-419.16248
-222.2384	-429.0796
-218.4884	-433.1728
-208.9061	-447.10663
-209.0011	-448.37366
-205.7341	-435.93854
-209.376	-425.67368
-197.1919	-418.97205
-187.7976	-414.48254
-191.8571	-419.14105
-177.5364	-428.63815
-174.6028	-424.80005
-182.1418	-416.61688
-190.78	-408.93976
-173.8163	-407.8202
-167.8518	-408.1289
-160.7511	-404.51486
-149.8137	-396.66534
-159.6094	-391.12857
-164.7419	-405.9201
-154.5933	-412.7916
-150.0469	-416.63596
-143.3227	-408.68427
-142.472	-399.1655
-130.4324	-382.87653
-122.4436	-386.71674
-117.0273	-372.17172
-109.6088	-381.8284
-117.8098	-389.68613
-127.0801	-395.3352
-133.9551	-399.6386
-141.5016	-407.1839
-148.681	-416.90756
-157.754	-424.1976
-163.656	-425.35767
-167.5315	-419.4919
-177.1125	-427.87927
-185.3644	-435.0302
-192.9421	-445.01636
-200.2226	-438.1966
-194.0931	-446.05585
-194.2521	-451.86258
-206.8476	-458.9343
-204.3579	-457.8339
-197.0747	-466.25
-199.1185	-464.27985
-193.2043	-473.18567
-187.9099	-477.66156
-180.7822	-482.12753
-181.5347	-478.48358
-187.8785	-473.41434
-187.8545	-469.1532
-186.6309	-462.38287
-182.9243	-454.3811
-178.4583	-459.7754
-176.996	-462.0148
-172.3588	-468.96115
-179.8801	-475.10822
-181.6526	-483.8835
-178.3589	-490.54547
-171.2841	-497.2724
-161.1159	-496.0607
-166.289	-500.7698
-173.8987	-505.3323
-178.3048	-504.38748
-185.3952	-509.5791
-184.1742	-508.50452
-193.1509	-518.07825
-201.238	-517.8107
-207.9376	-524.3053
-220.7223	-530.1531
-227.9689	-537.6418
-215.7575	-549.86725
-199.776	-558.9797
-196.5321	-556.2819
-208.1433	-546.47424
-216.3937	-546.7991
-212.5537	-548.0245
-203.9779	-537.61835
-196.8156	-538.4254
-191.3458	-535.72797
-186.7251	-527.54407
-185.4015	-536.31775
-175.7306	-548.7328
-172.1459	-555.2896
-166.2233	-545.23016
-160.2228	-541.872
-167.9867	-538.29236
-176.6049	-534.7836
-177.9851	-538.30786
-169.318	-532.07306
-178.2501	-529.7871
-173.3263	-525.1024
-165.3202	-516.4029
-165.7501	-513.12134
-159.1102	-524.4359
-156.6461	-519.8271
-150.4198	-510.00766
-156.1786	-521.87646
-148.5863	-532.2739
-142.0101	-532.8682
-134.0578	-529.44586
-140.8013	-525.8463
-130.4606	-518.4371
-123.6675	-515.6388
-125.8363	-505.40103
-119.513	-495.20825
-115.565	-493.62595
-117.8876	-485.66956
-125.0318	-477.7706
-126.529	-474.6541
-131.5238	-484.98825
-132.6862	-492.4999
-133.9574	-499.0286
-140.6528	-506.38184
-148.7371	-498.86734
-141.457	-499.99194
-148.6101	-507.8671
-154.8792	-511.35904
-159.9922	-499.81076
-165.9812	-491.67065
-171.4035	-495.26553
-166.2667	-486.68448
-158.6724	-480.39667
-150.0217	-483.40924
-146.4489	-486.73917
-140.1481	-492.94083
-135.1311	-491.2504
-140.7089	-487.94333
-132.4078	-482.4423
-134.2129	-479.4268
-133.6533	-472.99353
-126.9418	-465.95505
-120.4162	-466.45972
-113.5336	-468.08798
-113.3851	-467.90344
-113.4946	-457.2006
-105.3427	-446.5175
-115.8312	-439.90356
-124.2982	-439.00372
-136.2938	-440.00488
-126.8593	-442.0328
-120.19	-447.97595
-121.2885	-451.8534
-130.5538	-460.077
-133.309	-458.05673
-138.9633	-450.3124
-144.223	-452.16492
-144.5453	-448.39203
-152.5614	-440.5367
-155.109	-439.09827
-157.5883	-445.9916
-149.0332	-454.0848
-140.9863	-452.42847
-142.591	-458.6727
-142.0745	-465.69556
-150.2946	-473.2965
-152.8229	-477.46515
-150.7443	-469.1033
-161.4984	-460.32693
-162.8787	-462.45224
-171.1066	-471.80676
-166.6721	-463.02646
-177.7603	-452.81158
-174.8369	-453.87524
-164.9009	-445.75293
-160.2722	-441.50922
-150.7558	-433.64932
-142.4658	-432.20355
-135.7305	-430.6108
-129.7454	-428.94434
-128.3573	-433.3902
-117.9972	-418.6131
-107.3453	-408.1281
-99.8551	-406.51477
-99.9583	-408.93204
-112.7245	-418.7835
-120.6371	-418.3797
-112.2859	-427.93265
-105.7337	-430.69037
-98.8351	-431.0282
-88.5248	-429.0412
-90.1166	-423.61685
-78.8788	-413.17175
-73.1138	-413.28903
-83.7442	-403.85748
-92.0751	-404.5036
-107.7544	-401.67404
-100.4579	-398.34955
-94.892	-396.17343
-89.12	-392.1475
-84.8765	-391.55103
-79.3936	-393.23563
-78.3497	-396.3153
-81.196	-388.54523
-83.8485	-382.7956
-89.5639	-376.99594
-98.5574	-383.96823
-105.7567	-385.07233
-108.7975	-380.53357
-102.3158	-371.028
-107.1793	-363.566
-114.9514	-358.3388
-121.7371	-361.79166
-123.7568	-359.13
-112.8334	-349.11157
-107.4146	-350.67752
-101.9262	-343.70947
-96.2018	-349.92618
-96.3207	-354.84546
-93.0504	-365.11005
-97.4181	-369.3314
-90.0822	-375.95004
-86.6177	-375.38193
-85.8245	-370.42636
-88.6939	-364.26907
-85.6707	-358.8078
-77.1303	-352.77832
-69.718	-346.0105
-77.9723	-352.67023
-79.7606	-357.48495
-73.3339	-369.097
-65.004	-365.44012
-60.5011	-361.10422
-53.1281	-368.84268
-52.987	-365.7906
-55.282	-372.9672
-62.3927	-380.55713
-68.0586	-378.6228
-74.566	-372.6137
-70.0385	-377.2287
-70.3703	-384.66876
-66.2434	-392.61484
-61.5817	-398.02112
-59.704	-401.47803
-49.883	-389.84088
-45.8511	-385.75452
-41.772	-378.7064
-33.7975	-373.1209
-29.1712	-370.60477
-38.118	-364.8807
-43.8933	-362.74893
-48.3118	-360.98477
-55.8117	-357.69003
-53.8729	-358.30045
-60.2005	-351.38052
-65.2714	-348.39233
-71.5543	-342.7756
-72.5354	-336.89273
-78.5421	-327.59677
-84.5805	-328.72037
-92.7504	-323.17706
-87.0691	-318.1664
-72.119	-312.9034
-73.8932	-298.92026
-79.3773	-288.86456
-79.8079	-281.61908
-74.477	-272.68842
-66.2863	-266.69568
-65.7683	-266.75058
-67.5228	-271.86923
-58.5214	-278.82175
-55.6205	-278.87714
-58.1969	-272.13608
-50.7279	-264.5118
-45.9646	-264.41913
-37.0665	-258.2899
-33.2669	-256.31082
-33.1633	-249.57785
-27.4379	-240.4971
-21.3126	-242.91974
-16.0243	-245.30096
-23.8206	-251.0955
-26.9797	-252.28055
-29.4923	-256.7404
-34.345	-260.64264
-26.147	-264.12802
-16.441	-267.80173
-26.5358	-275.01816
-36.9599	-278.238
-36.9699	-279.51
-42.8022	-270.81805
-47.5569	-265.332
-45.7155	-275.06424
-54.7761	-286.1801
-63.0962	-285.25034
-61.7012	-289.7768
-65.0481	-300.55954
-55.8436	-310.44556
-52.9035	-308.7468
-48.003	-317.19568
-46.6907	-323.55798
-39.7267	-330.8628
-39.5452	-328.73764
-31.8467	-320.02234
-32.8765	-319.08456
-40.7217	-312.3689
-45.0877	-310.72958
-55.8618	-303.26764
-50.4136	-293.87286
-34.5831	-297.81644
-37.013	-302.04318
-25.7012	-291.61392
-16.8226	-289.92078
-10.0364	-284.75214
-11.7519	-289.87073
-3.6529	-296.69955
-1.3572	-301.14624
-2.6993	-296.44684
-4.5784	-291.08774
-7.9017	-285.40738
-8.0221	-281.0689
-16.9222	-274.70233
-17.9515	-266.69913
-9.6152	-258.75604
-1.6036	-259.32925
4.0168	-257.0994
7.3654	-259.99042
15.0755	-251.77853
22.9589	-250.0832
30.7936	-250.59726
38.1605	-249.17886
47.5277	-245.373
47.4113	-243.21732
58.0795	-235.44012
65.8559	-234.38852
66.7651	-240.8098
61.4831	-248.23895
68.1308	-252.70023
64.2448	-257.4058
57.109	-263.3372
47.1386	-268.3207
55.3202	-261.33255
54.1672	-259.0712
45.1603	-248.13754
36.2908	-253.38223
33.3505	-256.88434
43.0506	-263.58493
35.086	-267.72943
30.0775	-273.3446
45.3497	-282.09296
51.9921	-279.77496
54.8832	-274.05563
48.0909	-285.19516
42.9008	-289.3741
37.6068	-291.7172
39.8864	-286.75632
32.7277	-296.02844
25.8801	-295.20212
21.0546	-294.90616
11.8282	-286.50134
14.0201	-286.48605
11.0004	-280.7899
17.007	-275.20374
23.5289	-272.8531
25.8544	-272.91327
25.5776	-266.28223
18.4572	-258.17993
12.3753	-260.54675
7.6457	-260.40613
-5.5577	-267.4464
0.5542	-266.9263
5.7004	-271.82983
-0.551	-277.1646
2.9149	-278.89923
4.5848	-284.75705
9.8929	-291.19443
15.4521	-293.648
20.4536	-296.03638
14.8498	-301.04565
8.0826	-305.84045
1.7624	-310.8722
6.6428	-310.04178
-0.3006	-301.40387
-7.3477	-305.47113
-14.6299	-307.2016
-18.4988	-307.10144
-26.0749	-298.45035
-24.2315	-300.4818
-24.0613	-308.79465
-21.8177	-315.18304
-19.5751	-320.5899
-28.7578	-327.5321
-32.9856	-325.10175
-36.664	-329.36075
-27.7394	-336.8357
-25.7339	-334.42346
-16.4416	-342.14594
-15.4317	-336.52228
-5.6045	-346.99005
3.7376	-350.16296
12.5834	-354.1615
13.9685	-359.80545
18.4554	-349.8968
23.9545	-340.91168
23.9445	-348.76987
33.1883	-359.72754
35.8707	-359.5189
41.5291	-365.8941
45.3463	-359.82074
40.618	-349.0287
33.3603	-352.61206
33.1091	-353.467
35.7022	-348.25223
27.8855	-341.91928
24.9174	-339.83057
19.5211	-333.89908
13.861	-330.08752
8.6103	-332.12854
3.113	-337.90945
-5.0569	-343.58606
-9.7038	-336.92545
-3.6842	-327.69104
-13.2332	-322.20926
-4.1049	-316.85855
3.879	-314.00095
4.3896	-318.59024
12.118	-328.75516
16.6532	-321.28717
24.7027	-313.22076
27.6391	-312.97195
35.5018	-305.6311
40.7111	-305.2353
49.1751	-301.06323
45.5906	-298.33203
40.6677	-306.4701
32.7431	-314.4508
21.1484	-315.5652
27.2801	-320.949
32.4779	-325.1093
38.5131	-331.5914
39.6012	-323.55234
44.0352	-331.71484
46.2764	-335.46738
52.6042	-341.5315
59.6298	-345.81934
56.3114	-346.86523
49.3729	-354.2036
47.6287	-357.7643
57.5253	-365.68494
58.7723	-370.32993
66.2535	-362.86896
71.5487	-360.94058
84.7437	-367.2271
79.4791	-366.82275
85.4228	-360.84857
78.4157	-353.92303
74.4804	-348.04004
65.7951	-356.70053
72.6441	-353.86926
68.5746	-350.05637
62.9581	-345.59735
57.4801	-341.56998
51.916	-337.3805
50.0982	-333.6969
47.9602	-326.9602
47.6222	-321.16467
54.0402	-314.2313
62.1378	-312.43155
67.2579	-314.26825
66.8745	-309.6292
57.7103	-321.49615
58.8874	-319.87723
61.9315	-325.54034
66.7225	-330.37158
70.8863	-337.26907
76.6685	-332.30585
83.1041	-338.31125
90.9769	-339.7148
89.623	-337.3521
84.8289	-341.98083
91.8056	-346.08496
94.4637	-346.79376
92.1663	-353.17545
96.7021	-360.86673
102.2343	-368.5585
111.7862	-363.06207
121.3963	-365.00128
128.7679	-368.10565
119.6696	-361.4391
124.541	-358.3104
120.9722	-349.69012
116.9196	-343.30768
121.0831	-328.39575
130.1644	-335.64047
132.1877	-338.47305
131.4222	-347.0373
140.2368	-354.6064
140.593	-360.32352
147.8977	-348.1314
154.417	-353.7566
161.3582	-350.30948
168.5582	-353.21826
160.3692	-347.1882
149.3807	-341.9487
138.8111	-339.65045
129.538	-337.51645
136.2204	-327.5695
126.5481	-318.1306
118.9315	-314.6841
111.7786	-312.15485
104.5669	-312.46335
96.0223	-310.34985
91.9036	-311.0298
95.1679	-319.06854
99.7923	-326.54694
105.3134	-321.40475
113.4824	-319.72253
107.6618	-320.32367
101.7579	-329.1375
105.9936	-333.39606
112.0367	-339.55756
115.4475	-342.41302
108.9124	-350.93857
103.745	-357.38986
99.5092	-351.67725
97.108	-345.752
95.0936	-339.82275
87.18	-332.74356
78.8968	-331.6028
83.4122	-329.59958
73.8713	-323.18176
77.348	-321.3985
85.2087	-310.2608
89.984	-313.64996
82.273	-301.24875
76.9425	-293.95264
66.6502	-300.66626
56.7826	-301.14453
58.1342	-304.03314
68.7222	-294.13095
64.7703	-292.80484
62.3592	-285.26343
65.0948	-277.91678
71.8924	-270.8919
73.4425	-270.22226
79.94	-263.40567
82.6357	-267.27725
76.7804	-260.83093
74.2863	-255.27454
78.3187	-247.0821
70.0816	-241.9394
68.3642	-233.53635
68.1981	-224.75903
59.956	-213.81345
49.2949	-208.812
52.5235	-204.44928
43.9784	-218.18005
35.6818	-225.18195
29.234	-235.07977
23.9731	-229.7105
19.5308	-238.001
14.69	-243.1292
10.7802	-233.38934
3.0055	-242.44135
4.7901	-244.3811
-4.9277	-237.14423
-2.816	-238.4573
-4.652	-245.85867
-10.1801	-251.64563
-12.084	-249.2343
-15.2785	-243.65875
-23.0837	-238.5972
-30.7681	-235.41083
-37.0675	-231.05463
-40.341	-232.8821
-39.6847	-238.24866
-44.1277	-244.9997
-51.4513	-251.106
-46.3615	-244.2386
-44.257	-241.90585
-40.0084	-232.52563
-45.9435	-225.65283
-52.9917	-220.39636
-54.3575	-216.28714
-59.017	-207.20438
-64.2931	-197.91766
-58.6694	-189.9987
-58.5131	-185.09854
-69.2762	-176.24155
-74.6899	-180.1698
-70.4994	-187.71997
-70.7765	-193.92896
-78.627	-202.43594
-86.4446	-197.50354
-86.2492	-201.2714
-83.1977	-194.26535
-80.1736	-188.96985
-76.1857	-181.71368
-73.3481	-172.99884
-66.4269	-163.4168
-59.1061	-169.70538
-53.6924	-166.34857
-58.1494	-159.5257
-66.5041	-155.62756
-64.776	-155.97736
-67.1145	-147.87775
-72.725	-142.4976
-80.3141	-139.43997
-79.0973	-138.77908
-85.6391	-130.79996
-89.436	-128.47073
-89.3315	-122.34815
-88.0778	-113.82144
-82.3124	-104.5985
-79.112	-110.04788
-72.2276	-119.1398
-65.9953	-126.33215
-51.862	-132.6211
-58.9044	-131.45316
-56.5278	-138.81226
-49.0319	-148.24283
-42.6696	-144.22345
-34.7128	-134.7018
-26.5664	-131.8203
-18.6291	-129.08524
-9.784	-125.80975
-7.9772	-131.6659
-3.553	-120.1863
-4.2543	-111.05795
-6.2504	-102.68655
-4.5732	-94.3584
4.2091	-87.12393
12.4837	-83.8594
21.8284	-79.4239
26.7699	-81.2461
25.7315	-66.42545
30.1014	-59.3982
33.5778	-55.9639
31.6792	-50.9665
40.8997	-42.56656
43.4986	-49.80887
37.0662	-55.7761
36.119	-60.19156
29.4128	-68.0607
30.7139	-75.1169
25.0925	-88.7742
31.0174	-93.66043
37.482	-98.7344
43.6514	-105.37128
52.6831	-98.2331
46.3341	-102.1868
55.1341	-108.22394
61.2037	-113.82364
52.3812	-119.90198
44.8743	-124.91956
35.5079	-116.73377
27.3126	-117.29688
29.7987	-113.23343
21.869	-106.25623
12.9415	-103.62808
17.3629	-101.94873
6.8394	-92.35623
4.4698	-93.28055
5.4083	-104.54508
15.3891	-116.95203
19.338	-111.71973
24.2286	-120.66495
29.1217	-130.3965
35.5116	-124.60474
43.2291	-127.65225
51.7065	-126.78253
45.2485	-135.0426
38.0692	-137.41998
30.4777	-135.26385
27.0743	-135.12524
20.4581	-140.39587
17.6815	-138.01135
11.0918	-143.63968
14.7323	-142.20715
3.3109	-130.35184
4.6954	-127.51587
-4.0777	-137.86465
-17.5522	-141.3872
-12.4096	-138.9285
-3.8157	-148.67175
2.6561	-157.43848
8.765	-151.2881
11.3942	-163.66605
19.1579	-151.9623
20.138	-152.5003
24.7896	-146.9261
31.4278	-147.31046
38.0449	-143.42325
40.5548	-142.8805
47.487	-150.40823
39.6198	-158.13315
35.7061	-166.9141
31.8681	-159.22977
27.9003	-149.5253
24.887	-154.24747
17.0018	-160.9829
28.6731	-162.00458
40.5523	-170.0873
48.5598	-179.2758
46.3729	-177.023
56.3236	-169.98367
57.5748	-153.11685
56.6501	-162.67328
55.6983	-171.06415
49.6329	-178.3621
52.0897	-184.76334
57.6508	-191.80243
65.0224	-198.7257
71.6938	-196.2725
77.5819	-201.0708
78.6696	-206.43155
83.6463	-218.01593
79.6203	-225.01993
86.8116	-234.44855
93.6571	-232.0856
95.9157	-230.2743
102.7081	-222.0313
111.8685	-226.4674
118.372	-230.9882
111.305	-228.0901
102.6424	-219.701
92.4687	-216.55643
85.5117	-215.43558
94.0004	-210.0038
105.224	-204.51654
103.5278	-209.18695
94.3713	-198.96927
103.5501	-194.38733
109.9598	-187.3319
107.8066	-186.57745
119.2974	-176.9248
116.5257	-176.78308
126.1956	-170.37955
135.5034	-165.64307
147.9941	-165.23108
138.5931	-164.77197
129.7779	-156.47733
120.7865	-152.91168
118.2336	-153.41153
111.8155	-162.2752
107.0008	-158.09158
99.5277	-166.07196
97.8834	-171.2129
90.0948	-182.6873
90.0948	-176.59708
95.075	-167.2514
102.8131	-160.59058
108.5371	-155.8805
116.3723	-148.8778
124.4596	-143.98953
132.9942	-142.24915
140.6607	-143.50894
143.7962	-144.37494
149.024	-150.69604
155.9918	-155.43765
159.7616	-155.39645
164.0957	-160.84116
161.716	-152.76657
155.1663	-144.8192
150.0996	-147.5681
146.0824	-143.39117
157.0743	-136.93597
164.2076	-135.1399
155.8978	-127.16867
148.499	-121.8767
140.8607	-122.94077
133.4011	-121.7564
143.4488	-120.16757
137.7508	-129.62338
129.8877	-134.81067
126.4765	-133.1278
117.0396	-125.5857
108.3372	-132.3863
105.463	-139.36655
99.7013	-129.7237
97.982	-136.7585
93.6063	-144.61404
84.9058	-151.6932
82.4201	-149.42026
85.0821	-154.93027
82.5	-159.4145
75.5457	-163.88666
69.7662	-157.57806
77.5612	-163.03015
80.018	-166.8864
83.5064	-173.88806
90.4605	-187.12677
83.4564	-186.64316
74.4513	-197.44357
78.2813	-191.98297
68.0048	-182.86044
60.2039	-186.81845
64.9317	-185.1982
71.7857	-176.0463
67.622	-178.94608
66.5055	-169.09537
73.1823	-156.56195
75.1875	-150.72516
63.9984	-145.76706
48.7371	-148.50494
57.1989	-146.56372
58.6043	-142.76913
62.4679	-134.06528
66.691	-127.57562
67.3497	-134.0681
74.4973	-140.96753
74.3582	-140.0504
79.9476	-131.39133
83.5134	-136.19247
90.3841	-141.83234
91.0586	-139.2181
97.0943	-130.11536
99.4718	-124.43378
94.5234	-116.68262
88.1264	-110.07492
84.3949	-115.46018
81.2276	-122.17185
70.982	-128.38208
68.3575	-124.08798
63.3556	-116.0515
60.3787	-108.28906
54.3474	-98.4299
42.4334	-89.2538
37.5776	-90.65006
40.5374	-84.04715
55.1839	-77.3305
47.1942	-79.0835
44.4325	-74.3855
52.3612	-64.2343
60.2237	-67.5674
52.7596	-65.93936
60.1177	-58.3984
50.6644	-53.965
57.3213	-50.0035
63.6318	-45.5716
57.5443	-45.45956
61.7575	-35.13406
70.3803	-26.01956
69.5511	-28.3484
68.4216	-35.6222
75.5575	-41.7541
70.8188	-46.3379
65.5134	-51.2837
70.4987	-57.1343
79.2606	-60.7355
74.9908	-60.1132
68.9817	-67.4857
71.6932	-71.38675
74.4162	-78.1511
78.9561	-83.5984
85.0838	-75.47556
87.7227	-68.1069
94.7717	-56.4885
104.8053	-45.71146
106.4159	-47.746
97.4979	-37.8284
88.4278	-34.79446
82.2694	-38.9816
79.6959	-50.1479
79.6609	-40.289
88.158	-32.01895
94.6487	-28.7836
101.0854	-22.4161
109.6678	-27.2155
113.5625	-27.0643
117.8965	-32.9706
115.5496	-39.0331
110.6226	-47.5773
96.3672	-57.4721
98.822	-55.7788
108.96	-63.0087
112.8652	-66.41147
105.939	-76.4276
98.9944	-74.93796
101.1108	-72.44186
96.205	-82.43875
91.9764	-89.3464
96.8785	-99.52228
100.4468	-103.65387
105.9918	-96.244
113.4009	-92.12155
106.86	-99.44055
109.0186	-105.94305
119.3496	-118.51733
119.5377	-120.56683
131.8916	-109.42062
131.1017	-110.22714
122.2397	-100.57617
117.4167	-98.1152
110.7114	-91.0073
116.5743	-87.4638
123.8713	-82.1271
130.7011	-87.1672
130.8882	-81.8904
138.0671	-91.2865
144.8027	-87.5441
150.1797	-83.9571
137.1313	-77.39755
141.8099	-78.0076
150.0919	-69.01566
153.6384	-65.881
146.811	-56.04416
140.1273	-53.1499
154.2413	-52.5416
161.1234	-47.2648
160.0925	-46.1444
166.4946	-35.9131
170.6163	-36.46695
177.6367	-33.1265
183.8054	-36.4526
175.2209	-38.0892
168.474	-30.63455
170.5561	-20.761
170.1918	-8.5215
164.5771	1.814
157.7861	11.2398
159.9114	2.0787
161.5364	-11.2598
155.0189	-26.0037
149.8439	-22.8338
149.4286	-19.2521
145.4265	-9.4385
147.6746	-2.8412
143.9801	6.48624
136.5183	14.26913
134.3882	17.37643
137.6339	6.1962
137.929	-1.6274
142.1975	-10.8901
136.9911	-19.2725
144.7832	-27.0553
152.4958	-31.1828
151.4802	-31.1513
144.0154	-39.736
138.4308	-43.7352
135.749	-36.322
131.4729	-43.4749
134.97	-50.4553
131.4265	-60.1321
124.1597	-69.73807
120.8816	-77.5541
123.15	-67.111
126.6	-54.99637
129.7568	-42.25076
121.8506	-33.9927
127.8857	-30.803
132.9943	-25.6331
129.3789	-19.51987
123.2745	-12.6181
117.4227	-18.0894
113.812	-23.5112
106.0034	-15.885
99.5288	-18.72006
90.6139	-14.1216
82.7891	-15.36887
76.4648	-20.01157
71.0028	-24.95
75.3328	-18.77615
83.5101	-11.5116
91.0842	-9.813
98.155	-8.1987
95.6417	-7.0987
96.0005	-2.56485
104.385	4.2213
104.8948	4.0396
120.4652	-5.99466
129.1018	-8.0546
121.8213	-3.6594
126.4392	3.5341
130.4092	13.1973
143.158	23.0475
153.97	25.22354
155.3827	27.09744
165.0945	17.2286
173.3599	22.92734
175.0247	19.3042
180.5259	11.9018
183.0262	6.8583
179.6189	-1.1365
186.0602	-7.93857
179.6853	-12.2811
176.809	-17.1279
183.1665	-23.9789
186.2567	-31.15
196.198	-25.323
191.6562	-33.4324
192.5211	-39.0031
203.26	-51.28287
212.1399	-44.6559
224.6	-47.3582
217.2874	-33.29056
227.4669	-22.56357
230.4634	-18.1617
237.4537	-7.47147
250.3939	-15.5242
254.6526	-22.1199
261.9338	-27.2996
278.9976	-27.0823
289.0474	-32.0925
292.9414	-34.348
282.1792	-22.534
276.1567	-21.56796
273.6541	-11.3572
271.2191	-1.9664
264.7373	6.17905
261.8325	1.4742
254.8259	8.4875
248.7605	6.1277
250.0526	8.4011
255.3687	-0.1857
261.5165	-4.6303
266.8418	-3.4705
269.7356	-10.98306
258.2256	-22.0468
247.4973	-14.9314
248.0947	-15.7823
241.1364	-8.7504
237.6333	-5.5121
244.2108	1.86764
244.9294	3.9056
255.9618	15.04715
259.7935	15.2484
264.8812	21.6048
271.389	26.41275
270.3467	21.8155
281.6819	14.2064
291.051	7.27695
285.1074	6.4097
290.9062	-9.6406
300.4719	-3.60416
300.6614	2.6811
309.739	11.0023
314.3462	11.0753
306.5114	16.1838
296.009	21.74313
289.1675	16.89975
297.3657	22.4478
289.5991	27.3394
298.823	34.9455
304.8121	36.8951
312.5635	31.16745
308.2404	30.2775
300.054	39.7574
304.6672	45.1191
303.4771	52.1152
295.033	59.2738
292.0138	58.86764
287.3672	51.6639
277.9611	44.40384
278.3392	50.95554
281.052	39.1204
280.6296	29.7625
272.2437	19.2331
266.6066	30.4051
271.166	35.0953
263.577	43.3378
267.7457	44.2164
269.354	53.5837
270.26	63.9178
278.9731	74.8171
276.2108	70.0357
284.261	60.4898
288.0815	58.25143
295.6162	64.6658
302.3101	66.8934
308.8211	67.1411
313.9054	70.8881
309.0322	75.19833
304.1	82.6475
296.6918	76.02805
288.8346	75.8403
289.851	71.7994
280.5498	79.2952
276.2913	79.2992
286.1083	89.73746
290.3966	87.8424
294.6442	95.66586
300.4382	86.94113
304.4751	83.4025
300.1448	89.9426
286.1212	98.5791
293.8054	103.3901
301.7427	111.96677
307.6432	109.7636
302.124	105.1415
309.9901	119.16525
317.1494	120.6651
321.0305	125.66196
328.4621	135.23795
335.5881	127.7141
344.2244	134.6981
351.5361	136.6125
358.8403	136.5716
362.4673	139.9575
374.8938	134.6455
381.14	135.91086
371.3405	129.97275
363.8521	121.90915
365.0149	119.4879
357.7395	127.4855
352.1332	126.3879
344.4441	129.65036
336.9254	128.03867
345.0214	123.55044
352.6963	118.5677
355.0835	122.4904
362.8776	116.82443
356.4453	113.3725
356.0913	109.3586
347.8514	101.26364
348.2599	101.33865
334.3211	110.33896
324.9275	114.52676
317.1318	117.3592
327.7541	111.17013
338.4671	105.3971
341.7832	108.3229
341.432	102.679
335.5784	93.47024
327.0048	98.20364
332.6063	95.91165
332.2715	88.4247
324.3058	75.4473
317.5372	87.80887
311.6007	101.3483
316.4103	95.0797
316.614	89.619
321.6851	83.04446
323.8328	78.61307
320.6567	70.88126
312.2164	63.4047
314.396	65.25894
312.9091	56.98733
315.8862	49.0056
322.0325	40.8888
328.9272	34.42874
319.4114	26.693
323.3259	22.9391
331.9463	13.8401
338.2994	12.9734
346.582	25.8251
337.1105	25.9955
330.3684	37.07443
321.661	44.3597
325.5109	45.99716
328.0558	52.8005
333.4141	58.52115
342.0459	63.30795
340.2734	63.6951
351.4141	50.1376
349.1385	52.2007
361.8987	39.209
373.7522	39.5503
363.4999	28.12826
354.5894	26.12497
354.0308	30.11746
361.8575	19.03134
369.5248	15.3537
374.579	13.60763
383.9441	19.24124
376.9683	13.51614
371.4774	10.5192
366.7641	6.0619
361.7867	7.31784
361.3921	8.9385
358.8596	4.32407
366.8932	-0.7817
371.533	0.197
377.7963	-4.0565
383.9792	1.78506
390.4215	4.89346
393.3771	7.7183
386.637	1.54666
378.6018	-3.2419
373.9026	-7.36276
364.6674	-17.13144
372.3864	-31.51596
382.5288	-28.19186
385.4849	-25.70664
385.6783	-18.9598
393.7675	-11.91354
400.356	-7.10324
405.156	-6.8867
410.0214	-12.26694
415.9346	-7.48276
423.0751	-4.13583
429.0416	-2.7528
437.1266	1.93674
434.5837	2.3998
443.8105	9.715
445.2444	8.9224
443.5261	13.8567
434.0869	19.80875
440.0867	16.40005
448.4526	21.47104
441.3169	29.65414
437.1265	29.7268
431.8502	24.47336
425.1035	26.2192
424.0858	20.5228
417.272	10.61075
409.729	4.1099
402.1185	2.9538
402.4423	0.9457
408.136	8.2667
414.7256	12.98904
416.663	11.967
424.042	20.0907
434.2012	31.3839
442.6685	36.72635
446.663	38.97287
457.4409	47.84274
458.7473	52.2344
450.9883	39.0184
455.2845	38.50534
459.6277	29.734
450.1181	19.33273
453.2563	20.19205
446.5759	8.5171
442.3535	3.3287
432.7798	-4.4384
432.7588	-9.2211
422.3118	-21.0358
419.925	-24.3609
411.1895	-13.1425
402.3326	-21.0266
394.9388	-19.79184
392.6595	-15.26096
396.9591	-22.25656
392.4113	-25.4915
393.7613	-30.099
401.5811	-38.3504
409.3247	-30.69864
419.1006	-31.7639
405.0882	-35.47116
389.0392	-43.7664
383.1778	-48.7073
376.1552	-35.1422
372.3327	-41.3261
358.9832	-49.36966
353.115	-36.0365
360.5525	-41.8213
363.854	-43.9137
357.3929	-51.08695
352.5889	-54.40067
346.2338	-49.57425
345.1519	-50.8269
338.5542	-43.0882
331.9306	-47.22556
328.6011	-53.69473
332.782	-45.01334
340.6824	-37.6611
346.6045	-35.6494
351.4682	-35.8836
354.9139	-34.52615
352.1495	-27.7898
361.2519	-20.5676
365.7056	-19.2179
356.9537	-10.8352
349.1451	-7.5811
353.5591	-1.4315
347.2779	7.8182
339.1641	13.73337
343.531	16.32004
335.9754	6.1257
341.1648	3.863
333.35	-3.3213
338.1513	-5.25205
346.2531	-11.5265
352.2577	-11.22507
342.4439	-11.97775
345.6609	-18.59335
337.7217	-26.54666
332.0487	-28.78824
331.3892	-25.52
327.2452	-17.9396
324.6963	-12.1768
328.188	-4.79385
327.0765	0.14255
318.6372	5.9043
309.1248	5.29764
307.0518	4.047
316.6265	-2.2577
318.8921	-1.96115
308.8399	-9.98807
298.1591	-8.7388
303.534	-9.55527
303.2007	-17.71927
298.9037	-26.8869
297.4237	-33.43985
291.6999	-41.4104
296.3016	-45.4148
305.3929	-51.1691
305.845	-49.03885
310.2864	-41.76346
312.1707	-35.8772
313.2057	-26.5479
320.8169	-16.2908
322.6311	-19.7299
322.2588	-26.5166
319.1541	-33.5228
318.7635	-40.5216
313.4815	-47.2736
309.8234	-50.98135
323.7624	-57.20664
323.2461	-53.252
318.4469	-59.7294
315.1905	-62.6549
313.3705	-69.64957
309.2049	-64.67435
302.7922	-63.86484
296.3836	-65.0387
305.7846	-70.6815
307.5559	-71.8567
298.982	-77.17935
291.5914	-82.60007
288.0444	-81.5
283.8572	-94.307
287.1624	-85.3399
285.3398	-74.5252
292.2288	-66.6825
300.7691	-60.58206
284.7419	-57.9265
272.7258	-55.19315
278.8629	-53.1602
285.1176	-47.5375
274.1439	-43.6934
269.1027	-40.994
260.371	-34.0534
264.3045	-35.1994
267.0201	-41.72293
264.2532	-48.03397
275.5542	-57.29044
275.2752	-61.56015
278.7648	-70.32755
271.1357	-79.1856
263.9373	-78.42777
264.1452	-77.0263
263.5354	-65.19223
257.3542	-71.8852
263.9291	-77.6708
266.2897	-82.49966
276.1769	-89.5036
273.7957	-89.97134
272.729	-98.4544
255.0208	-106.29318
245.8089	-118.9667
237.8623	-115.9642
243.8472	-117.53204
236.1331	-124.27896
228.2929	-124.62668
229.5456	-121.16568
235.7515	-113.91434
242.8885	-108.77252
251.0332	-105.8791
249.7214	-111.1177
246.3431	-104.9743
242.4439	-99.27524
235.428	-93.63266
223.3931	-99.98566
226.1011	-107.97275
232.2116	-96.9516
224.6817	-90.44205
215.4522	-85.35965
206.8262	-92.21463
217.6058	-85.4715
216.1844	-81.8451
210.4091	-74.9365
216.2657	-70.8587
215.4018	-66.8627
220.1526	-61.4721
225.9097	-57.9594
223.3029	-62.4892
228.2489	-67.88876
233.1021	-73.0988
238.7583	-79.4962
254.1709	-86.3538
246.6355	-66.8393
240.7474	-59.0612
248.1877	-47.47653
255.4006	-49.572
258.7229	-55.16727
256.0173	-47.78586
252.3825	-42.14993
247.3008	-38.4091
245.3916	-37.1651
240.5138	-29.802
231.9206	-23.86514
238.9003	-28.4295
232.8419	-36.2763
214.7165	-42.3462
207.1055	-53.3646
205.4223	-56.3676
200.842	-66.3112
197.7925	-76.03116
188.6607	-61.50064
177.4073	-64.822
176.0664	-61.0689
184.0772	-53.02896
177.6443	-47.3114
172.2124	-42.5636
167.5351	-43.4776
165.0579	-46.9201
159.5804	-56.3541
160.4644	-63.1901
168.4725	-72.80704
174.9622	-68.9723
181.5354	-70.1065
188.4296	-71.147
192.552	-75.7183
180.3124	-82.71695
175.6203	-83.59244
167.1956	-78.109
158.1582	-81.8001
153.6705	-83.5639
150.4728	-92.1076
141.3853	-101.4006
143.2885	-96.7262
154.6944	-110.55228
160.99	-111.37235
170.1703	-103.85696
166.5979	-105.96597
177.7361	-116.0911
178.7631	-116.36392
165.8726	-103.78668
172.4825	-94.835
179.9021	-89.6878
186.1792	-92.1244
189.1714	-97.7844
198.1909	-89.6849
207.8147	-93.891
217.4324	-98.78104
203.9473	-102.32242
191.2669	-106.55658
194.9364	-105.22104
203.3312	-114.392
211.4656	-116.83746
219.6775	-114.4433
217.6233	-116.3226
223.1187	-124.3233
230.7622	-127.6657
235.6089	-127.69492
226.3229	-133.03714
226.1033	-132.66647
222.5696	-138.71814
217.3363	-147.05078
210.6541	-138.78564
200.971	-128.6643
192.6053	-125.71664
186.9527	-129.53183
183.3321	-117.9606
174.274	-128.30557
170.8682	-127.5298
170.0291	-136.92664
200.418	-145.47397
209.4861	-138.58713
209.6968	-138.66522
210.5826	-148.8327
219.1272	-156.97015
226.7414	-157.47275
230.2564	-154.9343
219.5813	-163.16525
224.2701	-166.9201
229.9126	-169.97418
235.4787	-169.82416
240.2984	-171.5721
242.6979	-175.58258
237.8881	-167.0439
236.1015	-161.81534
238.6054	-154.52054
233.8351	-147.31754
244.9539	-142.01044
243.2095	-138.289
251.8311	-132.01242
259.8559	-126.68005
254.2668	-130.3753
261.1961	-136.39218
263.943	-142.91696
256.3804	-156.30484
249.1161	-150.4483
246.5242	-144.36005
247.4801	-152.1862
255.3105	-160.40244
259.7923	-159.7005
256.0616	-164.6174
265.2456	-170.48264
263.7746	-168.21964
254.2237	-177.666
248.2889	-177.98776
245.9648	-171.94305
257.8999	-181.5952
270.287	-183.27298
265.803	-180.58536
259.4854	-189.07376
251.7973	-189.26938
243.6596	-188.80185
236.8936	-191.55344
228.0644	-184.3834
231.1687	-188.2523
225.8616	-177.00806
218.8348	-180.50793
213.117	-176.63388
214.7481	-170.98715
208.58	-163.3106
210.894	-165.13626
216.6565	-179.01157
214.8077	-185.40274
224.6797	-192.33795
219.2757	-195.16165
225.7456	-201.7601
233.9922	-202.7419
242.3692	-196.75555
238.4721	-198.94388
246.1446	-205.25735
249.5789	-206.50137
252.6722	-214.56772
261.8384	-201.47647
260.6402	-199.02768
257.2886	-211.7426
261.2826	-222.69577
250.5569	-232.9882
246.4751	-232.3671
237.9699	-225.4252
237.5712	-231.31644
242.4577	-222.99298
238.6299	-218.6397
232.0079	-212.4711
230.3357	-207.07767
230.8761	-215.61676
229.5449	-223.14688
237.8221	-238.38345
245.9615	-241.77496
254.2072	-240.0107
245.584	-243.4221
253.1134	-250.86594
246.3399	-257.02264
240.8586	-264.71964
239.5823	-270.43274
233.7901	-260.44388
228.0926	-254.57556
220.1185	-247.5899
211.9664	-241.9105
210.2901	-245.48837
220.8555	-255.5085
224.9445	-254.80487
221.4009	-262.9162
231.7454	-270.11295
240.1873	-269.90338
255.4798	-277.4785
263.819	-290.96722
258.3836	-297.651
259.372	-300.8268
266.037	-312.15524
272.8803	-305.18805
275.949	-309.25012
284.0584	-317.30096
279.7472	-317.17075
274.0155	-327.55222
270.1342	-336.50415
265.8716	-324.2419
258.0906	-316.8735
249.2652	-323.42932
249.9445	-323.51642
245.6143	-315.0387
253.9539	-306.8217
250.4292	-305.39127
236.5391	-296.70645
230.1436	-284.22635
232.1792	-280.3317
227.6971	-291.00528
220.7278	-298.79395
215.6365	-302.09387
224.1153	-294.15414
217.7906	-289.83365
223.0928	-284.10934
214.2706	-277.83408
211.0645	-274.30527
208.2742	-265.1354
209.0855	-279.74915
207.524	-288.05606
208.6289	-296.8512
217.0027	-305.00946
212.0226	-309.41202
203.1753	-316.51697
200.5307	-315.4413
187.1758	-307.52518
181.5182	-310.25085
168.3632	-321.86328
177.4275	-322.95822
171.8444	-312.80115
167.3457	-304.37476
157.2207	-313.00888
158.2691	-317.79868
163.367	-308.21457
158.8565	-302.18857
167.5804	-292.83752
176.2596	-295.0054
181.7127	-296.13107
187.5318	-303.3925
193.4419	-296.05676
197.6319	-306.64294
200.9825	-297.65714
198.8577	-290.09024
192.0525	-282.1236
185.3338	-286.36676
178.6962	-286.8618
172.0401	-287.88217
170.8078	-286.66995
164.6924	-276.86993
155.8013	-270.07382
159.9473	-264.7038
166.3105	-256.39554
174.2424	-251.98062
168.9671	-252.94672
176.226	-261.69305
186.3219	-265.07693
179.9355	-264.82587
182.1574	-272.29987
190.9622	-279.60068
201.5024	-274.4005
196.1229	-271.47186
201.4544	-261.50568
201.9916	-251.6332
209.0412	-239.9177
212.8238	-230.79654
225.2311	-236.3757
220.1987	-231.54355
208.2879	-225.50922
213.1099	-224.61664
222.2056	-219.05438
224.9712	-217.428
217.8173	-209.55417
214.563	-210.9052
210.4879	-201.5607
205.4014	-197.94586
211.2332	-204.1751
204.9793	-209.88617
199.5176	-214.84097
195.1049	-221.74738
190.1271	-229.26196
191.6027	-238.18356
183.5868	-248.63275
180.503	-255.95615
182.5889	-245.41464
174.2857	-231.35062
167.6706	-237.1782
160.3309	-242.3411
151.0643	-236.35394
143.0101	-240.54984
134.6523	-237.8524
125.7884	-232.69327
123.4849	-233.55124
115.32	-240.88437
105.7553	-240.40668
104.6733	-243.2669
96.5137	-234.60037
94.5883	-238.86542
87.2752	-247.86444
84.6928	-241.0372
89.856	-249.93365
97.1579	-257.5712
102.7754	-259.84805
112.003	-252.09747
121.3737	-250.40872
117.2867	-249.16116
110.9678	-257.34372
114.1973	-261.253
108.3913	-266.31778
104.8265	-269.65152
96.084	-260.7375
88.1547	-269.44342
86.2603	-268.3232
78.7	-277.9622
71.9073	-274.5006
76.5296	-278.14236
88.6684	-285.6362
96.4694	-288.15884
105.7815	-286.5482
100.2072	-288.69748
112.0662	-299.90668
111.5525	-296.49655
125.2784	-304.0838
128.4028	-302.49484
132.4778	-293.97745
123.1399	-284.5976
118.3827	-278.87262
109.9871	-288.73785
103.3872	-280.53897
96.6665	-277.83096
103.1094	-278.08047
114.0568	-270.1539
118.2994	-275.82205
122.4434	-271.47122
131.3941	-266.298
127.7639	-262.9238
130.3184	-255.97046
134.4219	-247.54752
141.2696	-241.11432
157.6466	-249.5059
150.6814	-246.90964
142.7063	-254.89865
132.0844	-261.72455
141.5605	-272.46725
145.6429	-273.05484
155.6289	-280.5242
164.9954	-274.8169
161.4281	-283.25385
154.1336	-287.32916
147.3748	-284.84976
155.883	-290.80322
147.8276	-299.04865
138.3097	-300.08615
138.0596	-294.26608
147.6062	-305.37354
147.3653	-309.82806
145.8853	-319.89725
158.5218	-329.0602
169.8471	-330.6589
174.7544	-333.36526
183.787	-341.82614
183.565	-341.13785
195.276	-332.04306
193.3111	-331.69492
204.0561	-320.2527
224.6851	-324.38416
232.2107	-333.5555
240.1347	-324.12994
236.9405	-318.16904
238.4765	-330.61935
229.2759	-337.98386
217.4947	-341.0625
211.3091	-344.7432
203.3421	-355.28723
194.3116	-350.78372
185.0171	-358.33334
190.7288	-363.0076
198.1803	-367.06897
191.1727	-366.5119
199.2983	-373.55215
206.8534	-375.7608
214.1209	-373.52887
208.5546	-377.8342
204.4583	-384.47302
216.3241	-388.77695
224.8857	-391.31668
221.5679	-388.5999
221.7605	-380.88016
214.3667	-370.9024
203.9744	-365.46976
223.8721	-362.10107
229.8654	-356.9323
235.7813	-367.6298
241.8611	-359.7503
233.0096	-352.05634
242.6056	-348.31226
248.4743	-342.94208
249.3094	-336.05765
263.7511	-330.11356
260.7295	-331.22675
250.3999	-341.66025
248.3656	-344.55606
254.623	-360.7372
265.4425	-353.05945
272.0791	-355.39716
282.3738	-347.8985
287.7854	-346.479
288.6485	-337.4546
296.5357	-326.4058
306.0768	-328.8079
298.5901	-335.6164
292.6287	-340.28125
288.5445	-348.0871
280.1319	-356.59564
286.2165	-358.3215
280.2336	-367.5714
276.2419	-372.9616
271.7919	-367.92844
260.9091	-362.4556
255.701	-363.96362
250.1675	-368.5388
242.4327	-371.74
236.9651	-368.37204
229.8976	-374.4132
233.4994	-378.9373
240.9054	-386.46582
248.0919	-382.7094
257.5415	-378.96744
263.3742	-377.47015
270.3512	-382.01505
265.6065	-382.06805
267.432	-376.45132
274.5472	-371.09717
276.5643	-375.72867
277.2329	-382.72446
287.7024	-391.46902
287.0726	-386.98804
280.7499	-396.72134
274.0085	-408.4519
266.3564	-402.07104
266.8542	-398.0288
257.8117	-389.3061
250.1905	-388.3649
245.2757	-387.6741
240.6103	-391.71765
236.1917	-392.40295
229.8057	-394.47012
223.2633	-394.63455
232.9544	-400.1988
241.6929	-405.11526
247.7895	-403.32755
254.1029	-404.65323
252.6439	-402.79425
259.6023	-395.85532
261.4844	-400.7304
251.3904	-408.17734
240.6174	-410.984
248.2041	-416.08652
255.5218	-419.39694
253.0227	-418.2696
257.9588	-427.32245
267.428	-435.8569
269.4189	-440.0581
263.6214	-432.53683
262.611	-426.9727
268.4913	-418.8342
273.1536	-411.9447
281.5937	-420.35205
290.1208	-420.85968
299.8352	-418.88034
292.2178	-423.15253
280.1987	-432.88577
280.7027	-432.24313
271.8501	-442.1296
269.5306	-444.6179
269.1443	-450.20004
268.0009	-455.69577
269.7589	-462.86
276.0601	-475.619
274.3851	-475.90668
281.3538	-489.61954
289.7331	-480.72357
297.5667	-479.51077
298.5744	-481.5129
307.2079	-489.13364
308.1391	-482.17267
311.7073	-489.32114
311.0659	-493.6468
303.3604	-501.08902
304.3798	-504.6349
296.2183	-497.14536
287.0655	-497.31107
282.8349	-490.4396
283.5966	-499.67905
296.9599	-509.91623
290.9322	-508.93167
298.1243	-518.37396
301.1009	-522.87
307.0003	-529.9061
315.3101	-536.8391
311.1097	-536.01605
321.0449	-528.4737
321.3444	-526.6033
315.5193	-520.3814
307.2741	-518.382
311.7105	-518.87103
322.1195	-509.23804
323.1348	-504.40555
327.5342	-513.0787
323.906	-520.87384
331.7908	-532.177
322.3283	-534.9599
328.0231	-541.60535
335.5379	-550.55664
343.8212	-545.081
346.5873	-538.4075
356.376	-549.8524
360.8492	-543.23956
371.8993	-551.94446
366.3094	-554.64795
372.2693	-542.19727
377.7073	-546.34503
381.5372	-549.0166
391.1622	-552.79266
380.7247	-549.9721
383.7586	-543.86847
373.8562	-538.5004
371.1281	-536.4349
365.9213	-526.0026
358.8344	-533.4822
352.7017	-532.5746
360.5354	-535.594
355.6141	-524.93823
348.1054	-516.4745
351.0229	-515.72473
349.3936	-523.5627
341.1817	-529.89056
333.4313	-529.62854
341.7651	-525.84973
334.3736	-520.3626
331.2704	-517.0132
342.0497	-508.79617
337.2837	-510.8141
330.5408	-504.00186
319.1744	-495.568
316.6512	-493.9442
324.8809	-481.41174
329.085	-474.88266
341.0101	-484.78992
344.1895	-483.6542
335.1543	-474.40704
327.9249	-468.5418
319.3362	-464.4067
311.8771	-463.7265
311.3406	-472.57755
308.5411	-465.15195
316.8172	-459.0352
327.3536	-453.73715
337.3247	-453.0609
344.0469	-456.61404
353.2194	-452.83414
343.3974	-453.91843
350.6526	-464.4944
358.173	-463.92633
366.8363	-463.63193
359.8244	-454.60284
365.196	-451.53738
372.1719	-447.0939
379.7441	-443.75262
374.438	-437.95517
368.3593	-430.49945
366.2679	-418.14444
361.3074	-404.49768
353.8736	-410.97922
349.4373	-412.66577
338.6159	-419.6534
343.8052	-414.86346
350.2483	-409.21207
358.9656	-402.47247
354.6847	-398.50986
364.2891	-391.31174
369.626	-390.9206
373.1042	-395.5919
376.8128	-404.25192
380.8247	-393.51715
382.6547	-387.05704
376.9587	-373.86615
369.5773	-379.49692
367.2669	-384.4759
359.2962	-376.11774
351.8401	-381.91962
351.2886	-370.29947
345.0677	-380.5013
348.612	-383.06982
340.1153	-389.10004
334.9114	-388.84955
346.7029	-393.99838
341.3077	-394.94943
336.3207	-397.60733
330.3722	-403.1134
321.9832	-407.1069
321.0104	-408.83414
321.8267	-415.04718
326.6599	-422.21976
329.6329	-428.37317
336.0094	-435.78052
336.4767	-433.3067
333.0639	-427.88504
329.7836	-421.9354
341.0364	-415.83292
345.5357	-422.5172
346.3549	-428.7182
355.2032	-436.4667
355.9993	-436.1177
365.0757	-426.55386
365.8279	-427.88614
364.465	-436.0128
360.0286	-441.38666
356.7815	-440.33984
351.8746	-444.0189
346.2499	-445.60355
340.2944	-446.11148
334.8889	-441.5455
327.5484	-445.69675
320.1822	-443.17706
314.3664	-440.15952
307.5428	-445.3609
305.9062	-443.60577
303.6132	-450.20535
297.4113	-454.94125
292.1015	-449.92465
286.7957	-454.6201
280.3562	-458.17606
290.1669	-457.8013
294.3561	-467.05615
299.3863	-461.92358
302.0546	-458.19852
303.1662	-465.2898
295.4021	-473.6714
283.6636	-471.4051
283.8156	-470.96536
274.0507	-464.03442
275.8868	-467.0705
275.9248	-460.32065
282.7258	-451.30603
287.5911	-451.73468
292.4138	-447.1326
299.8895	-443.13495
306.7419	-440.9739
308.9675	-435.1459
317.6575	-428.03113
312.2124	-430.9328
309.0444	-421.6351
311.238	-416.16083
315.3306	-410.35104
323.0299	-402.82788
321.6684	-402.27094
328.8277	-395.3926
320.9402	-393.81113
323.6798	-388.46124
319.8387	-382.6057
316.3159	-376.50293
307.6316	-370.50323
315.1636	-370.24332
308.685	-381.81503
313.2038	-385.70764
306.8894	-394.32974
298.9656	-403.25797
291.3806	-409.89093
302.3052	-404.69635
297.1962	-395.6476
284.4714	-387.95697
293.7502	-378.82712
302.9764	-376.2096
296.9751	-378.20132
299.9657	-365.2912
311.0464	-354.80652
307.0688	-360.31085
317.9224	-346.4839
315.4409	-345.26257
326.7432	-352.5698
324.0198	-357.0846
327.3265	-366.1661
331.2895	-375.66196
338.2873	-383.32498
343.2189	-380.6885
333.4879	-373.2933
340.4874	-369.8208
354.5482	-363.9929
358.1265	-359.6865
363.8494	-366.2918
368.1411	-370.32397
374.0694	-362.6856
379.5304	-369.35696
388.066	-363.57016
390.9695	-364.05435
398.3677	-371.57007
408.0095	-365.70776
399.6728	-370.36584
390.3957	-376.6439
389.0615	-382.0124
388.5255	-392.04044
379.6536	-400.98154
382.7534	-400.7745
385.6265	-405.68893
377.2148	-410.33774
379.9748	-413.6027
386.2506	-422.7457
386.6789	-428.7285
392.6359	-416.73044
402.0828	-420.80322
409.7397	-417.97397
415.2652	-422.1074
428.306	-428.7557
437.3888	-427.28622
445.1909	-422.0241
444.3696	-426.1355
434.011	-437.82974
422.8037	-436.88254
433.0401	-435.9241
441.978	-446.74173
451.2723	-451.4665
448.8135	-447.80405
459.4586	-459.59634
458.0769	-470.44043
458.9892	-455.98022
453.0531	-444.02188
458.7519	-439.0204
453.279	-433.6928
453.1716	-430.60397
449.587	-422.65475
443.2621	-413.89615
432.3464	-405.193
423.2721	-408.2183
424.7965	-409.9776
414.652	-419.7465
411.9475	-412.67227
403.678	-402.9724
394.103	-409.2438
394.969	-412.22427
398.4936	-405.1671
401.4851	-398.027
408.7861	-387.5158
423.5653	-395.25735
434.8592	-394.58087
416.1628	-392.46182
414.9548	-386.9593
414.9548	-386.9593
;end of file
