198.0	618.0
202.0	614.0
198.0	611.0
196.0	604.0
196.0	595.0
194.0	603.0
199.0	614.0
205.0	611.0
204.0	621.0
200.0	626.0
201.0	618.0
205.0	626.0
213.0	628.0
205.0	632.0
204.0	624.0
214.0	625.0
206.0	634.0
212.0	639.0
212.0	632.0
212.0	622.0
199.0	617.0
211.0	628.0
199.0	620.0
204.0	638.0
207.0	646.0
211.0	641.0
213.0	651.0
210.0	658.0
216.0	660.0
214.0	668.0
210.0	664.0
210.0	656.0
210.0	663.0
211.0	673.0
213.0	680.0
212.0	671.0
214.0	683.0
212.0	673.0
219.0	685.0
215.0	676.0
221.0	690.0
217.0	696.0
225.0	700.0
221.0	691.0
227.0	704.0
228.0	714.0
233.0	713.0
226.0	712.0
233.0	718.0
237.0	720.0
231.0	719.0
237.0	723.0
243.0	723.0
245.0	729.0
251.0	730.0
247.0	723.0
247.0	733.0
247.0	725.0
237.0	725.0
232.0	721.0
230.0	710.0
224.0	697.0
230.0	715.0
243.0	727.0
234.0	721.0
244.0	731.0
256.0	741.0
264.0	747.0
275.0	754.0
271.0	748.0
277.0	758.0
282.0	768.0
284.0	762.0
277.0	759.0
287.0	765.0
291.0	773.0
284.0	767.0
293.0	772.0
282.0	769.0
276.0	753.0
283.0	770.0
273.0	753.0
289.0	771.0
303.0	786.0
314.0	791.0
315.0	801.0
308.0	791.0
302.0	782.0
312.0	795.0
320.0	803.0
315.0	789.0
325.0	808.0
339.0	814.0
346.0	816.0
351.0	825.0
361.0	817.0
355.0	819.0
364.0	816.0
371.0	814.0
372.0	822.0
371.0	813.0
382.0	813.0
380.0	820.0
389.0	819.0
386.0	812.0
384.0	818.0
390.0	810.0
399.0	812.0
409.0	811.0
419.0	814.0
414.0	805.0
426.0	801.0
430.0	807.0
437.0	801.0
434.0	809.0
422.0	806.0
419.0	819.0
435.0	810.0
433.0	795.0
439.0	791.0
443.0	794.0
438.0	793.0
444.0	793.0
450.0	789.0
456.0	787.0
457.0	794.0
467.0	792.0
466.0	782.0
466.0	789.0
460.0	797.0
448.0	789.0
442.0	795.0
430.0	795.0
441.0	792.0
453.0	785.0
456.0	777.0
451.0	787.0
458.0	778.0
456.0	790.0
469.0	781.0
473.0	774.0
471.0	778.0
478.0	776.0
483.0	776.0
487.0	774.0
483.0	778.0
489.0	779.0
498.0	780.0
492.0	770.0
488.0	777.0
481.0	772.0
477.0	775.0
484.0	775.0
484.0	765.0
487.0	756.0
500.0	754.0
502.0	759.0
499.0	762.0
503.0	766.0
497.0	772.0
497.0	784.0
483.0	775.0
473.0	773.0
485.0	773.0
474.0	777.0
463.0	785.0
481.0	787.0
486.0	768.0
499.0	774.0
502.0	761.0
499.0	767.0
503.0	756.0
499.0	760.0
508.0	758.0
513.0	754.0
511.0	759.0
512.0	766.0
515.0	758.0
521.0	754.0
517.0	760.0
523.0	764.0
519.0	758.0
517.0	766.0
527.0	767.0
517.0	757.0
522.0	764.0
512.0	758.0
503.0	753.0
502.0	763.0
509.0	773.0
510.0	753.0
522.0	751.0
528.0	754.0
536.0	752.0
527.0	748.0
523.0	753.0
531.0	746.0
530.0	739.0
525.0	738.0
521.0	742.0
523.0	737.0
517.0	740.0
521.0	735.0
514.0	740.0
523.0	746.0
532.0	746.0
537.0	738.0
532.0	735.0
529.0	730.0
530.0	724.0
535.0	730.0
541.0	731.0
545.0	728.0
541.0	725.0
545.0	730.0
550.0	728.0
549.0	733.0
543.0	732.0
548.0	728.0
549.0	722.0
556.0	723.0
552.0	729.0
550.0	736.0
543.0	731.0
539.0	738.0
536.0	731.0
543.0	730.0
535.0	726.0
537.0	733.0
531.0	728.0
533.0	736.0
541.0	736.0
532.0	742.0
542.0	746.0
528.0	752.0
517.0	742.0
513.0	751.0
519.0	742.0
525.0	733.0
521.0	744.0
534.0	738.0
525.0	747.0
531.0	761.0
549.0	775.0
554.0	791.0
527.0	799.0
555.0	778.0
578.0	764.0
578.0	749.0
579.0	764.0
586.0	746.0
580.0	734.0
566.0	733.0
553.0	735.0
543.0	738.0
550.0	726.0
551.0	716.0
557.0	712.0
558.0	708.0
555.0	710.0
559.0	707.0
563.0	709.0
557.0	708.0
552.0	710.0
547.0	713.0
550.0	719.0
549.0	710.0
557.0	711.0
562.0	706.0
556.0	705.0
551.0	700.0
555.0	697.0
548.0	697.0
544.0	701.0
553.0	698.0
561.0	698.0
565.0	692.0
571.0	694.0
577.0	691.0
583.0	687.0
586.0	692.0
579.0	688.0
576.0	682.0
574.0	688.0
578.0	695.0
578.0	703.0
585.0	701.0
593.0	695.0
585.0	686.0
579.0	681.0
579.0	674.0
585.0	673.0
580.0	678.0
585.0	674.0
591.0	679.0
587.0	685.0
587.0	678.0
591.0	686.0
584.0	677.0
575.0	675.0
576.0	668.0
575.0	662.0
571.0	661.0
569.0	665.0
574.0	663.0
572.0	667.0
566.0	668.0
571.0	666.0
567.0	660.0
568.0	654.0
564.0	658.0
556.0	659.0
562.0	666.0
566.0	659.0
558.0	659.0
558.0	649.0
570.0	652.0
568.0	646.0
574.0	642.0
572.0	637.0
575.0	640.0
580.0	637.0
581.0	643.0
584.0	647.0
584.0	642.0
587.0	648.0
581.0	647.0
577.0	652.0
571.0	654.0
573.0	661.0
575.0	656.0
580.0	657.0
577.0	661.0
583.0	662.0
577.0	659.0
570.0	658.0
579.0	653.0
580.0	646.0
572.0	646.0
571.0	655.0
582.0	656.0
583.0	648.0
573.0	648.0
569.0	638.0
576.0	636.0
581.0	638.0
588.0	635.0
588.0	629.0
581.0	630.0
577.0	633.0
571.0	633.0
565.0	638.0
564.0	629.0
565.0	621.0
564.0	626.0
570.0	621.0
576.0	621.0
572.0	622.0
577.0	623.0
579.0	628.0
575.0	633.0
583.0	632.0
575.0	631.0
569.0	625.0
562.0	622.0
570.0	618.0
564.0	620.0
572.0	615.0
578.0	614.0
579.0	617.0
583.0	618.0
579.0	615.0
579.0	620.0
577.0	615.0
578.0	620.0
571.0	622.0
564.0	617.0
574.0	621.0
577.0	612.0
582.0	614.0
576.0	612.0
576.0	619.0
580.0	610.0
586.0	615.0
583.0	621.0
583.0	631.0
590.0	637.0
596.0	644.0
597.0	654.0
588.0	652.0
591.0	661.0
597.0	655.0
589.0	663.0
592.0	653.0
585.0	648.0
580.0	660.0
571.0	663.0
580.0	666.0
576.0	675.0
572.0	682.0
566.0	684.0
559.0	684.0
552.0	682.0
559.0	691.0
552.0	696.0
561.0	693.0
554.0	688.0
565.0	691.0
562.0	700.0
564.0	708.0
561.0	702.0
555.0	709.0
563.0	714.0
558.0	720.0
569.0	719.0
569.0	708.0
567.0	715.0
570.0	724.0
558.0	714.0
554.0	703.0
546.0	711.0
549.0	701.0
541.0	714.0
550.0	708.0
534.0	709.0
533.0	728.0
549.0	724.0
555.0	736.0
544.0	746.0
526.0	733.0
538.0	746.0
529.0	723.0
553.0	724.0
562.0	738.0
563.0	718.0
573.0	704.0
566.0	706.0
576.0	712.0
575.0	700.0
578.0	709.0
587.0	716.0
586.0	703.0
574.0	692.0
577.0	702.0
587.0	707.0
585.0	727.0
584.0	707.0
566.0	702.0
554.0	709.0
568.0	698.0
562.0	683.0
563.0	675.0
568.0	680.0
572.0	677.0
566.0	680.0
569.0	672.0
571.0	680.0
565.0	671.0
574.0	668.0
562.0	667.0
552.0	659.0
563.0	644.0
578.0	645.0
580.0	633.0
571.0	636.0
579.0	624.0
579.0	612.0
575.0	604.0
572.0	600.0
569.0	595.0
574.0	600.0
580.0	602.0
587.0	602.0
582.0	601.0
588.0	598.0
594.0	599.0
590.0	604.0
590.0	596.0
594.0	592.0
590.0	587.0
586.0	584.0
581.0	588.0
586.0	593.0
593.0	594.0
599.0	600.0
590.0	595.0
584.0	600.0
585.0	591.0
590.0	583.0
585.0	580.0
578.0	580.0
575.0	590.0
578.0	600.0
575.0	609.0
582.0	602.0
573.0	610.0
568.0	600.0
568.0	609.0
559.0	607.0
568.0	599.0
572.0	589.0
574.0	598.0
568.0	587.0
564.0	600.0
564.0	612.0
579.0	606.0
564.0	601.0
564.0	585.0
573.0	574.0
576.0	561.0
569.0	572.0
570.0	591.0
554.0	594.0
563.0	620.0
562.0	640.0
554.0	658.0
547.0	638.0
573.0	643.0
563.0	630.0
587.0	633.0
572.0	630.0
589.0	620.0
585.0	631.0
592.0	646.0
588.0	631.0
595.0	610.0
601.0	602.0
587.0	600.0
599.0	602.0
590.0	592.0
600.0	585.0
590.0	579.0
585.0	586.0
593.0	581.0
592.0	572.0
594.0	564.0
593.0	558.0
589.0	562.0
592.0	569.0
597.0	562.0
604.0	558.0
597.0	558.0
594.0	563.0
588.0	557.0
595.0	557.0
601.0	553.0
601.0	547.0
600.0	553.0
606.0	549.0
609.0	542.0
609.0	549.0
604.0	541.0
610.0	539.0
615.0	535.0
614.0	527.0
615.0	522.0
618.0	517.0
612.0	514.0
616.0	521.0
610.0	524.0
606.0	530.0
608.0	523.0
615.0	525.0
620.0	519.0
614.0	512.0
607.0	517.0
614.0	508.0
622.0	503.0
628.0	500.0
619.0	503.0
623.0	495.0
617.0	493.0
623.0	494.0
620.0	488.0
625.0	486.0
618.0	490.0
619.0	482.0
617.0	491.0
627.0	496.0
620.0	507.0
611.0	517.0
614.0	529.0
608.0	535.0
606.0	543.0
598.0	546.0
602.0	540.0
596.0	546.0
590.0	553.0
598.0	548.0
605.0	552.0
593.0	554.0
593.0	541.0
606.0	535.0
608.0	545.0
596.0	541.0
601.0	555.0
587.0	561.0
599.0	555.0
588.0	567.0
601.0	573.0
588.0	575.0
588.0	588.0
596.0	574.0
582.0	578.0
565.0	584.0
594.0	587.0
608.0	575.0
615.0	553.0
616.0	530.0
603.0	527.0
604.0	516.0
616.0	503.0
622.0	487.0
621.0	476.0
629.0	478.0
631.0	472.0
628.0	476.0
627.0	470.0
633.0	473.0
635.0	467.0
634.0	460.0
638.0	455.0
635.0	446.0
629.0	442.0
624.0	446.0
624.0	453.0
628.0	457.0
629.0	452.0
624.0	450.0
624.0	458.0
630.0	462.0
626.0	468.0
633.0	469.0
632.0	478.0
621.0	483.0
622.0	495.0
627.0	478.0
619.0	472.0
624.0	484.0
626.0	499.0
612.0	521.0
621.0	512.0
610.0	532.0
622.0	522.0
603.0	544.0
619.0	527.0
620.0	492.0
624.0	466.0
632.0	461.0
629.0	454.0
627.0	447.0
621.0	444.0
631.0	443.0
632.0	451.0
625.0	459.0
630.0	449.0
626.0	439.0
621.0	433.0
622.0	438.0
614.0	432.0
621.0	428.0
614.0	430.0
607.0	427.0
607.0	420.0
611.0	423.0
608.0	428.0
599.0	424.0
606.0	420.0
608.0	414.0
610.0	417.0
616.0	418.0
617.0	412.0
609.0	412.0
607.0	406.0
601.0	411.0
596.0	417.0
590.0	418.0
587.0	423.0
592.0	420.0
598.0	415.0
603.0	409.0
607.0	417.0
611.0	425.0
605.0	430.0
608.0	416.0
613.0	408.0
611.0	416.0
618.0	423.0
617.0	416.0
622.0	423.0
622.0	431.0
631.0	426.0
622.0	434.0
616.0	422.0
605.0	424.0
593.0	419.0
589.0	411.0
586.0	418.0
582.0	426.0
575.0	431.0
579.0	424.0
571.0	428.0
565.0	434.0
560.0	438.0
553.0	440.0
562.0	435.0
572.0	432.0
565.0	437.0
575.0	430.0
583.0	424.0
573.0	431.0
585.0	418.0
590.0	407.0
592.0	401.0
589.0	396.0
593.0	400.0
596.0	394.0
596.0	387.0
593.0	391.0
587.0	393.0
588.0	387.0
583.0	382.0
592.0	384.0
599.0	382.0
596.0	378.0
600.0	372.0
594.0	376.0
597.0	384.0
592.0	388.0
600.0	388.0
596.0	391.0
603.0	388.0
598.0	386.0
590.0	386.0
593.0	376.0
602.0	383.0
603.0	389.0
608.0	386.0
607.0	380.0
613.0	378.0
610.0	374.0
605.0	377.0
607.0	384.0
601.0	385.0
606.0	393.0
605.0	387.0
614.0	385.0
616.0	391.0
619.0	398.0
624.0	393.0
614.0	398.0
618.0	402.0
619.0	410.0
623.0	420.0
631.0	428.0
632.0	443.0
627.0	455.0
627.0	441.0
614.0	425.0
625.0	435.0
629.0	418.0
619.0	400.0
624.0	391.0
614.0	400.0
606.0	397.0
612.0	394.0
619.0	388.0
611.0	382.0
618.0	381.0
616.0	372.0
612.0	365.0
606.0	364.0
612.0	360.0
613.0	356.0
615.0	352.0
614.0	357.0
612.0	363.0
618.0	368.0
607.0	371.0
614.0	366.0
614.0	376.0
604.0	374.0
614.0	371.0
609.0	361.0
608.0	353.0
613.0	357.0
609.0	365.0
610.0	379.0
604.0	388.0
597.0	378.0
585.0	388.0
592.0	392.0
588.0	402.0
595.0	398.0
586.0	398.0
581.0	393.0
576.0	389.0
575.0	397.0
571.0	400.0
572.0	394.0
573.0	401.0
567.0	399.0
563.0	395.0
565.0	389.0
572.0	398.0
578.0	404.0
570.0	401.0
562.0	403.0
552.0	403.0
547.0	397.0
550.0	402.0
554.0	395.0
563.0	399.0
552.0	396.0
545.0	403.0
546.0	394.0
558.0	397.0
547.0	401.0
533.0	400.0
539.0	393.0
528.0	393.0
540.0	398.0
521.0	400.0
510.0	396.0
502.0	392.0
489.0	394.0
496.0	395.0
486.0	394.0
478.0	394.0
483.0	393.0
480.0	400.0
478.0	393.0
479.0	402.0
482.0	393.0
483.0	402.0
477.0	394.0
468.0	399.0
476.0	396.0
488.0	399.0
499.0	406.0
497.0	418.0
506.0	420.0
496.0	418.0
505.0	424.0
516.0	426.0
524.0	422.0
514.0	422.0
517.0	416.0
516.0	423.0
516.0	414.0
516.0	402.0
505.0	395.0
497.0	405.0
493.0	395.0
505.0	407.0
491.0	404.0
489.0	418.0
480.0	419.0
473.0	417.0
463.0	417.0
454.0	420.0
463.0	419.0
453.0	422.0
446.0	425.0
457.0	427.0
451.0	420.0
442.0	430.0
460.0	432.0
457.0	419.0
442.0	427.0
461.0	438.0
469.0	450.0
465.0	440.0
479.0	447.0
471.0	450.0
484.0	446.0
490.0	450.0
493.0	444.0
486.0	444.0
492.0	440.0
483.0	448.0
494.0	448.0
484.0	449.0
500.0	447.0
510.0	447.0
519.0	442.0
508.0	446.0
491.0	444.0
509.0	445.0
490.0	448.0
512.0	444.0
531.0	446.0
538.0	443.0
527.0	442.0
544.0	441.0
530.0	444.0
550.0	441.0
532.0	443.0
507.0	447.0
533.0	443.0
521.0	419.0
527.0	399.0
509.0	396.0
511.0	418.0
493.0	417.0
489.0	403.0
487.0	419.0
502.0	419.0
484.0	417.0
473.0	401.0
462.0	392.0
472.0	397.0
489.0	398.0
478.0	418.0
455.0	422.0
451.0	402.0
446.0	405.0
438.0	406.0
435.0	397.0
440.0	400.0
437.0	393.0
430.0	394.0
430.0	400.0
426.0	401.0
431.0	403.0
426.0	408.0
428.0	398.0
424.0	395.0
419.0	397.0
416.0	391.0
421.0	394.0
417.0	390.0
418.0	384.0
422.0	394.0
431.0	395.0
427.0	402.0
434.0	397.0
425.0	398.0
434.0	400.0
442.0	393.0
450.0	399.0
443.0	401.0
454.0	397.0
443.0	398.0
428.0	403.0
416.0	395.0
409.0	393.0
412.0	396.0
405.0	393.0
401.0	398.0
396.0	397.0
403.0	400.0
397.0	405.0
396.0	413.0
391.0	403.0
384.0	411.0
389.0	417.0
383.0	419.0
388.0	423.0
385.0	417.0
388.0	410.0
382.0	420.0
390.0	423.0
395.0	428.0
389.0	428.0
394.0	431.0
392.0	437.0
392.0	429.0
384.0	430.0
375.0	428.0
375.0	439.0
377.0	432.0
384.0	441.0
379.0	438.0
384.0	432.0
385.0	442.0
391.0	446.0
387.0	450.0
387.0	444.0
380.0	447.0
377.0	441.0
383.0	433.0
394.0	435.0
387.0	439.0
394.0	447.0
388.0	445.0
397.0	448.0
401.0	455.0
393.0	444.0
400.0	438.0
400.0	447.0
401.0	437.0
394.0	429.0
398.0	441.0
401.0	454.0
384.0	455.0
392.0	452.0
385.0	444.0
382.0	455.0
373.0	457.0
382.0	450.0
373.0	450.0
376.0	460.0
394.0	460.0
403.0	438.0
390.0	428.0
404.0	433.0
417.0	425.0
421.0	418.0
413.0	428.0
394.0	432.0
388.0	449.0
401.0	457.0
375.0	442.0
381.0	421.0
398.0	413.0
402.0	398.0
409.0	395.0
400.0	400.0
412.0	393.0
416.0	384.0
408.0	396.0
419.0	389.0
433.0	394.0
426.0	411.0
422.0	392.0
443.0	392.0
461.0	401.0
448.0	397.0
426.0	396.0
452.0	401.0
472.0	417.0
465.0	398.0
478.0	419.0
476.0	392.0
464.0	419.0
458.0	393.0
459.0	432.0
482.0	418.0
452.0	429.0
425.0	407.0
415.0	385.0
415.0	420.0
398.0	402.0
411.0	389.0
386.0	414.0
399.0	394.0
416.0	422.0
408.0	394.0
387.0	421.0
410.0	427.0
386.0	406.0
376.0	444.0
407.0	431.0
393.0	398.0
378.0	453.0
436.0	431.0
468.0	396.0
465.0	447.0
453.0	400.0
489.0	446.0
523.0	444.0
517.0	417.0
536.0	402.0
561.0	405.0
564.0	390.0
581.0	391.0
576.0	399.0
566.0	395.0
581.0	400.0
574.0	407.0
581.0	394.0
594.0	396.0
605.0	395.0
610.0	387.0
612.0	399.0
599.0	401.0
589.0	401.0
578.0	397.0
592.0	407.0
601.0	400.0
592.0	410.0
605.0	415.0
593.0	420.0
586.0	404.0
580.0	388.0
565.0	371.0
547.0	399.0
565.0	373.0
600.0	377.0
618.0	380.0
612.0	403.0
628.0	406.0
606.0	403.0
615.0	421.0
596.0	413.0
604.0	394.0
582.0	393.0
584.0	415.0
566.0	434.0
582.0	423.0
599.0	404.0
609.0	377.0
611.0	355.0
615.0	347.0
609.0	343.0
616.0	336.0
623.0	335.0
621.0	340.0
626.0	338.0
621.0	342.0
614.0	345.0
619.0	353.0
618.0	341.0
623.0	332.0
620.0	326.0
629.0	322.0
628.0	314.0
620.0	317.0
615.0	313.0
615.0	317.0
617.0	310.0
614.0	314.0
617.0	306.0
613.0	311.0
608.0	321.0
613.0	307.0
622.0	305.0
615.0	310.0
615.0	298.0
610.0	293.0
604.0	294.0
609.0	292.0
611.0	285.0
618.0	293.0
610.0	298.0
619.0	300.0
627.0	311.0
616.0	314.0
616.0	327.0
614.0	338.0
621.0	326.0
624.0	316.0
629.0	330.0
631.0	320.0
616.0	322.0
630.0	330.0
620.0	337.0
631.0	334.0
618.0	347.0
628.0	338.0
611.0	353.0
631.0	341.0
606.0	351.0
588.0	372.0
564.0	397.0
568.0	437.0
598.0	424.0
571.0	410.0
588.0	377.0
623.0	344.0
626.0	314.0
615.0	295.0
605.0	302.0
596.0	301.0
596.0	295.0
590.0	297.0
583.0	290.0
582.0	284.0
587.0	286.0
588.0	290.0
589.0	283.0
589.0	279.0
582.0	279.0
576.0	276.0
575.0	270.0
571.0	263.0
569.0	270.0
569.0	276.0
574.0	279.0
568.0	280.0
571.0	274.0
579.0	275.0
575.0	284.0
578.0	289.0
586.0	285.0
593.0	284.0
587.0	285.0
578.0	285.0
586.0	282.0
577.0	280.0
568.0	275.0
566.0	283.0
564.0	273.0
565.0	261.0
563.0	256.0
565.0	260.0
571.0	261.0
566.0	254.0
561.0	252.0
561.0	247.0
558.0	251.0
554.0	248.0
551.0	243.0
555.0	240.0
555.0	234.0
550.0	229.0
547.0	224.0
545.0	219.0
550.0	218.0
554.0	215.0
553.0	210.0
552.0	204.0
553.0	199.0
547.0	202.0
548.0	207.0
544.0	212.0
549.0	211.0
542.0	212.0
548.0	214.0
554.0	217.0
560.0	217.0
551.0	218.0
544.0	216.0
546.0	222.0
542.0	218.0
548.0	223.0
550.0	231.0
557.0	234.0
559.0	241.0
563.0	236.0
569.0	241.0
577.0	240.0
570.0	249.0
568.0	256.0
572.0	250.0
577.0	257.0
570.0	260.0
562.0	254.0
561.0	248.0
561.0	241.0
568.0	243.0
571.0	252.0
581.0	255.0
590.0	266.0
581.0	261.0
583.0	273.0
571.0	280.0
582.0	276.0
590.0	287.0
595.0	297.0
589.0	299.0
577.0	298.0
572.0	283.0
567.0	270.0
561.0	258.0
555.0	259.0
559.0	255.0
556.0	261.0
549.0	260.0
543.0	257.0
546.0	251.0
551.0	254.0
558.0	256.0
558.0	248.0
553.0	243.0
556.0	249.0
548.0	249.0
545.0	255.0
542.0	246.0
545.0	239.0
546.0	232.0
543.0	225.0
540.0	232.0
548.0	225.0
539.0	228.0
548.0	237.0
549.0	246.0
551.0	239.0
558.0	234.0
565.0	229.0
557.0	227.0
547.0	226.0
558.0	227.0
561.0	217.0
564.0	226.0
555.0	231.0
568.0	230.0
569.0	215.0
554.0	220.0
555.0	207.0
553.0	198.0
545.0	202.0
540.0	203.0
534.0	204.0
535.0	197.0
534.0	192.0
533.0	197.0
536.0	191.0
537.0	185.0
538.0	178.0
532.0	183.0
530.0	178.0
528.0	173.0
520.0	179.0
522.0	184.0
524.0	190.0
524.0	196.0
528.0	189.0
531.0	194.0
526.0	188.0
523.0	192.0
517.0	189.0
523.0	196.0
533.0	190.0
536.0	197.0
542.0	202.0
550.0	203.0
541.0	205.0
533.0	204.0
523.0	198.0
516.0	186.0
511.0	181.0
508.0	178.0
512.0	177.0
512.0	181.0
507.0	182.0
504.0	175.0
504.0	170.0
510.0	172.0
511.0	176.0
514.0	178.0
516.0	182.0
516.0	174.0
510.0	178.0
506.0	172.0
510.0	167.0
508.0	174.0
501.0	177.0
508.0	175.0
503.0	182.0
497.0	171.0
496.0	161.0
489.0	160.0
481.0	153.0
471.0	150.0
459.0	147.0
469.0	149.0
456.0	144.0
447.0	144.0
442.0	137.0
432.0	141.0
441.0	142.0
430.0	142.0
424.0	132.0
433.0	140.0
422.0	132.0
415.0	123.0
405.0	130.0
398.0	131.0
392.0	134.0
401.0	133.0
409.0	132.0
404.0	125.0
395.0	133.0
402.0	138.0
416.0	137.0
403.0	131.0
390.0	133.0
382.0	128.0
374.0	127.0
374.0	132.0
366.0	126.0
374.0	125.0
373.0	131.0
384.0	129.0
384.0	120.0
384.0	127.0
388.0	119.0
380.0	124.0
375.0	116.0
380.0	114.0
380.0	120.0
384.0	113.0
375.0	114.0
376.0	108.0
371.0	104.0
379.0	103.0
383.0	109.0
376.0	114.0
372.0	108.0
376.0	100.0
384.0	104.0
387.0	116.0
373.0	115.0
373.0	106.0
371.0	118.0
372.0	110.0
382.0	102.0
382.0	116.0
369.0	123.0
372.0	115.0
371.0	129.0
385.0	131.0
403.0	134.0
420.0	138.0
444.0	144.0
460.0	144.0
476.0	152.0
461.0	143.0
439.0	142.0
413.0	137.0
418.0	113.0
422.0	104.0
430.0	108.0
417.0	105.0
419.0	112.0
414.0	126.0
402.0	110.0
403.0	99.0
399.0	107.0
387.0	103.0
379.0	89.0
374.0	94.0
379.0	83.0
380.0	92.0
376.0	82.0
372.0	72.0
380.0	68.0
376.0	70.0
380.0	64.0
383.0	60.0
378.0	60.0
378.0	55.0
375.0	58.0
379.0	60.0
373.0	61.0
375.0	54.0
378.0	59.0
379.0	52.0
375.0	45.0
383.0	41.0
379.0	51.0
371.0	50.0
371.0	61.0
377.0	67.0
384.0	67.0
378.0	71.0
377.0	62.0
381.0	71.0
384.0	61.0
381.0	55.0
373.0	58.0
382.0	53.0
390.0	57.0
387.0	51.0
384.0	41.0
390.0	56.0
380.0	63.0
374.0	75.0
375.0	89.0
388.0	88.0
367.0	90.0
375.0	100.0
381.0	79.0
364.0	67.0
361.0	60.0
358.0	66.0
356.0	62.0
362.0	57.0
361.0	67.0
355.0	64.0
347.0	67.0
358.0	73.0
356.0	65.0
364.0	60.0
351.0	67.0
355.0	79.0
346.0	81.0
356.0	77.0
350.0	69.0
358.0	83.0
358.0	70.0
358.0	86.0
345.0	86.0
357.0	90.0
356.0	76.0
375.0	71.0
372.0	88.0
348.0	99.0
354.0	96.0
356.0	85.0
337.0	86.0
346.0	96.0
338.0	99.0
345.0	102.0
340.0	107.0
346.0	109.0
345.0	116.0
348.0	121.0
353.0	117.0
345.0	125.0
335.0	126.0
334.0	120.0
328.0	122.0
332.0	117.0
337.0	111.0
336.0	103.0
338.0	111.0
348.0	115.0
348.0	106.0
338.0	108.0
347.0	104.0
338.0	109.0
337.0	98.0
349.0	87.0
326.0	82.0
344.0	81.0
321.0	90.0
314.0	103.0
312.0	94.0
316.0	104.0
320.0	113.0
314.0	113.0
313.0	119.0
310.0	123.0
304.0	128.0
307.0	134.0
313.0	133.0
312.0	141.0
303.0	134.0
305.0	139.0
301.0	133.0
295.0	138.0
290.0	144.0
286.0	140.0
287.0	135.0
283.0	126.0
286.0	135.0
280.0	144.0
274.0	143.0
270.0	151.0
280.0	150.0
281.0	141.0
289.0	139.0
299.0	137.0
293.0	146.0
301.0	139.0
291.0	146.0
279.0	148.0
289.0	143.0
301.0	131.0
305.0	119.0
299.0	114.0
304.0	110.0
302.0	105.0
299.0	100.0
302.0	106.0
309.0	102.0
301.0	104.0
301.0	97.0
305.0	107.0
304.0	115.0
296.0	117.0
301.0	123.0
295.0	113.0
303.0	107.0
299.0	98.0
285.0	103.0
293.0	110.0
282.0	106.0
273.0	103.0
273.0	113.0
281.0	117.0
282.0	126.0
294.0	117.0
283.0	122.0
274.0	111.0
282.0	118.0
269.0	115.0
275.0	127.0
268.0	145.0
260.0	156.0
247.0	164.0
230.0	172.0
216.0	164.0
211.0	171.0
215.0	165.0
205.0	168.0
206.0	175.0
202.0	165.0
202.0	159.0
205.0	152.0
207.0	146.0
204.0	153.0
212.0	153.0
209.0	145.0
215.0	144.0
210.0	154.0
214.0	147.0
205.0	158.0
215.0	162.0
205.0	160.0
214.0	165.0
209.0	154.0
215.0	166.0
199.0	167.0
193.0	178.0
192.0	183.0
190.0	187.0
191.0	193.0
196.0	191.0
197.0	183.0
191.0	182.0
197.0	181.0
189.0	186.0
193.0	180.0
184.0	186.0
189.0	194.0
191.0	198.0
190.0	203.0
186.0	205.0
190.0	209.0
196.0	207.0
191.0	200.0
188.0	206.0
192.0	202.0
190.0	210.0
187.0	203.0
185.0	196.0
181.0	197.0
187.0	195.0
182.0	193.0
182.0	201.0
189.0	197.0
184.0	189.0
195.0	185.0
199.0	197.0
211.0	200.0
216.0	202.0
222.0	198.0
213.0	194.0
215.0	200.0
208.0	197.0
214.0	206.0
216.0	192.0
212.0	200.0
217.0	188.0
219.0	200.0
225.0	182.0
238.0	192.0
233.0	169.0
254.0	157.0
253.0	140.0
233.0	125.0
227.0	122.0
232.0	119.0
235.0	126.0
225.0	130.0
222.0	123.0
228.0	129.0
228.0	119.0
231.0	110.0
228.0	126.0
234.0	115.0
221.0	128.0
212.0	140.0
226.0	131.0
229.0	113.0
250.0	101.0
255.0	104.0
260.0	106.0
255.0	102.0
249.0	100.0
257.0	108.0
250.0	99.0
258.0	109.0
253.0	97.0
264.0	86.0
275.0	74.0
270.0	82.0
278.0	71.0
289.0	64.0
297.0	56.0
294.0	61.0
304.0	56.0
311.0	53.0
299.0	57.0
310.0	52.0
295.0	56.0
281.0	70.0
268.0	84.0
284.0	69.0
301.0	54.0
325.0	40.0
316.0	47.0
331.0	37.0
320.0	43.0
300.0	55.0
328.0	39.0
344.0	36.0
352.0	33.0
359.0	28.0
349.0	33.0
350.0	43.0
344.0	38.0
348.0	48.0
342.0	32.0
349.0	45.0
336.0	34.0
355.0	27.0
372.0	22.0
384.0	19.0
390.0	21.0
390.0	17.0
385.0	21.0
391.0	18.0
400.0	15.0
410.0	15.0
404.0	22.0
413.0	14.0
422.0	12.0
409.0	15.0
423.0	16.0
408.0	16.0
388.0	18.0
380.0	26.0
382.0	39.0
371.0	51.0
387.0	57.0
373.0	44.0
387.0	58.0
364.0	58.0
387.0	62.0
356.0	67.0
387.0	65.0
402.0	99.0
419.0	101.0
430.0	98.0
411.0	103.0
419.0	110.0
398.0	116.0
408.0	98.0
399.0	120.0
409.0	100.0
382.0	84.0
364.0	120.0
379.0	127.0
350.0	121.0
337.0	123.0
329.0	124.0
335.0	123.0
326.0	126.0
334.0	125.0
324.0	121.0
318.0	123.0
323.0	119.0
316.0	119.0
321.0	117.0
314.0	119.0
307.0	113.0
313.0	120.0
323.0	116.0
321.0	128.0
311.0	131.0
322.0	131.0
311.0	139.0
323.0	134.0
306.0	135.0
316.0	117.0
327.0	114.0
328.0	130.0
324.0	115.0
319.0	130.0
303.0	130.0
289.0	116.0
308.0	114.0
297.0	107.0
289.0	94.0
272.0	82.0
280.0	107.0
296.0	115.0
278.0	110.0
256.0	109.0
240.0	115.0
219.0	133.0
208.0	149.0
213.0	168.0
229.0	175.0
203.0	170.0
221.0	179.0
218.0	203.0
204.0	219.0
201.0	225.0
202.0	231.0
201.0	236.0
196.0	241.0
203.0	234.0
199.0	243.0
191.0	250.0
193.0	259.0
199.0	252.0
193.0	267.0
194.0	277.0
194.0	271.0
203.0	274.0
195.0	281.0
195.0	289.0
192.0	297.0
191.0	290.0
195.0	298.0
188.0	291.0
187.0	301.0
184.0	311.0
186.0	299.0
199.0	291.0
198.0	276.0
194.0	268.0
191.0	281.0
196.0	268.0
190.0	282.0
194.0	299.0
181.0	318.0
184.0	307.0
183.0	326.0
182.0	336.0
186.0	346.0
180.0	347.0
182.0	352.0
183.0	357.0
181.0	348.0
184.0	356.0
183.0	345.0
187.0	329.0
183.0	346.0
181.0	327.0
183.0	349.0
180.0	367.0
190.0	376.0
186.0	389.0
190.0	397.0
187.0	393.0
187.0	385.0
190.0	398.0
187.0	392.0
184.0	402.0
193.0	404.0
188.0	407.0
186.0	414.0
194.0	414.0
193.0	408.0
199.0	406.0
195.0	409.0
201.0	410.0
198.0	415.0
193.0	421.0
190.0	429.0
185.0	435.0
192.0	439.0
186.0	433.0
187.0	442.0
183.0	455.0
188.0	439.0
193.0	426.0
194.0	437.0
205.0	442.0
215.0	448.0
224.0	445.0
231.0	439.0
230.0	428.0
239.0	433.0
249.0	431.0
251.0	423.0
255.0	431.0
245.0	431.0
255.0	438.0
265.0	452.0
283.0	450.0
289.0	449.0
282.0	448.0
274.0	451.0
260.0	449.0
248.0	429.0
239.0	423.0
232.0	412.0
228.0	418.0
221.0	421.0
221.0	426.0
221.0	434.0
230.0	442.0
222.0	428.0
233.0	425.0
221.0	420.0
230.0	414.0
237.0	409.0
242.0	407.0
236.0	409.0
229.0	406.0
241.0	406.0
246.0	402.0
252.0	405.0
249.0	401.0
242.0	405.0
234.0	405.0
221.0	408.0
224.0	418.0
216.0	410.0
207.0	411.0
211.0	404.0
199.0	408.0
195.0	401.0
187.0	399.0
188.0	410.0
198.0	412.0
193.0	420.0
203.0	416.0
191.0	410.0
201.0	412.0
188.0	415.0
197.0	402.0
186.0	395.0
203.0	406.0
193.0	395.0
185.0	416.0
197.0	432.0
184.0	441.0
183.0	459.0
181.0	482.0
179.0	497.0
180.0	476.0
185.0	454.0
204.0	440.0
218.0	445.0
228.0	444.0
208.0	446.0
227.0	443.0
223.0	422.0
236.0	410.0
252.0	407.0
242.0	408.0
251.0	420.0
247.0	406.0
260.0	400.0
266.0	403.0
263.0	399.0
257.0	405.0
268.0	403.0
276.0	400.0
282.0	395.0
273.0	396.0
269.0	405.0
274.0	396.0
264.0	398.0
276.0	396.0
286.0	402.0
279.0	404.0
287.0	397.0
293.0	407.0
287.0	406.0
296.0	409.0
287.0	407.0
284.0	418.0
289.0	410.0
285.0	423.0
294.0	427.0
303.0	423.0
298.0	428.0
304.0	424.0
308.0	417.0
302.0	421.0
298.0	430.0
305.0	420.0
301.0	431.0
307.0	442.0
317.0	433.0
302.0	417.0
292.0	426.0
303.0	436.0
292.0	451.0
283.0	447.0
298.0	447.0
297.0	431.0
297.0	412.0
310.0	417.0
307.0	440.0
303.0	416.0
280.0	421.0
273.0	419.0
280.0	422.0
286.0	407.0
302.0	413.0
276.0	421.0
292.0	411.0
270.0	419.0
252.0	420.0
253.0	435.0
273.0	420.0
262.0	402.0
254.0	419.0
256.0	437.0
278.0	421.0
256.0	406.0
250.0	421.0
233.0	439.0
209.0	436.0
217.0	453.0
222.0	419.0
242.0	403.0
270.0	403.0
249.0	407.0
219.0	408.0
194.0	398.0
186.0	420.0
211.0	408.0
187.0	424.0
214.0	409.0
192.0	433.0
221.0	422.0
190.0	406.0
186.0	370.0
182.0	348.0
182.0	373.0
181.0	339.0
182.0	367.0
148.0	373.0
148.0	365.0
146.0	371.0
147.0	361.0
147.0	352.0
149.0	337.0
147.0	329.0
143.0	324.0
143.0	314.0
150.0	315.0
155.0	308.0
155.0	299.0
153.0	291.0
146.0	296.0
141.0	297.0
140.0	303.0
146.0	300.0
147.0	292.0
154.0	286.0
161.0	280.0
156.0	282.0
162.0	278.0
160.0	267.0
158.0	280.0
145.0	294.0
140.0	304.0
134.0	309.0
139.0	301.0
146.0	309.0
137.0	312.0
133.0	320.0
128.0	327.0
128.0	320.0
124.0	318.0
130.0	324.0
124.0	321.0
124.0	330.0
125.0	325.0
130.0	319.0
125.0	330.0
128.0	335.0
122.0	338.0
127.0	334.0
126.0	341.0
122.0	347.0
118.0	345.0
123.0	346.0
117.0	350.0
125.0	344.0
117.0	347.0
126.0	337.0
134.0	340.0
138.0	333.0
142.0	326.0
134.0	319.0
138.0	308.0
150.0	312.0
160.0	304.0
148.0	316.0
136.0	308.0
144.0	296.0
155.0	306.0
138.0	303.0
130.0	318.0
131.0	334.0
134.0	343.0
136.0	355.0
122.0	348.0
119.0	334.0
129.0	328.0
140.0	335.0
133.0	342.0
119.0	344.0
133.0	350.0
117.0	359.0
124.0	384.0
120.0	390.0
126.0	389.0
126.0	395.0
123.0	391.0
120.0	386.0
127.0	391.0
120.0	396.0
115.0	391.0
117.0	398.0
123.0	396.0
116.0	396.0
116.0	404.0
110.0	403.0
115.0	406.0
113.0	411.0
112.0	405.0
106.0	406.0
115.0	404.0
111.0	398.0
101.0	397.0
92.0	405.0
88.0	399.0
88.0	405.0
85.0	399.0
85.0	392.0
84.0	388.0
87.0	401.0
86.0	393.0
93.0	403.0
84.0	395.0
85.0	411.0
84.0	421.0
87.0	427.0
90.0	422.0
86.0	423.0
90.0	418.0
85.0	419.0
92.0	425.0
96.0	421.0
88.0	422.0
94.0	428.0
101.0	428.0
97.0	433.0
98.0	439.0
103.0	436.0
98.0	434.0
91.0	436.0
94.0	445.0
97.0	452.0
98.0	461.0
93.0	466.0
94.0	470.0
90.0	465.0
95.0	469.0
92.0	463.0
100.0	466.0
90.0	463.0
90.0	472.0
93.0	464.0
86.0	472.0
97.0	477.0
103.0	477.0
97.0	482.0
99.0	486.0
95.0	483.0
98.0	489.0
100.0	493.0
104.0	492.0
109.0	489.0
106.0	500.0
100.0	502.0
101.0	499.0
98.0	503.0
100.0	508.0
102.0	504.0
104.0	509.0
104.0	516.0
98.0	516.0
95.0	511.0
90.0	515.0
97.0	511.0
101.0	517.0
102.0	524.0
101.0	532.0
93.0	528.0
87.0	525.0
87.0	518.0
92.0	510.0
87.0	506.0
91.0	506.0
95.0	508.0
100.0	512.0
99.0	504.0
94.0	508.0
103.0	506.0
94.0	503.0
98.0	495.0
92.0	494.0
100.0	489.0
96.0	493.0
102.0	487.0
95.0	491.0
104.0	495.0
96.0	489.0
87.0	484.0
86.0	473.0
97.0	465.0
93.0	453.0
100.0	442.0
106.0	438.0
113.0	441.0
104.0	446.0
97.0	451.0
101.0	440.0
92.0	439.0
100.0	432.0
95.0	438.0
104.0	444.0
108.0	433.0
109.0	425.0
103.0	425.0
104.0	417.0
107.0	408.0
100.0	402.0
112.0	411.0
120.0	409.0
123.0	411.0
119.0	413.0
125.0	416.0
121.0	412.0
125.0	407.0
124.0	402.0
130.0	405.0
123.0	410.0
130.0	414.0
126.0	419.0
121.0	420.0
125.0	427.0
118.0	428.0
124.0	428.0
119.0	434.0
109.0	431.0
110.0	422.0
118.0	420.0
118.0	429.0
107.0	430.0
104.0	419.0
92.0	419.0
88.0	431.0
85.0	417.0
87.0	402.0
94.0	420.0
94.0	434.0
95.0	448.0
101.0	469.0
88.0	470.0
100.0	479.0
94.0	484.0
86.0	476.0
98.0	484.0
100.0	496.0
104.0	483.0
118.0	478.0
129.0	473.0
124.0	468.0
133.0	466.0
127.0	470.0
135.0	463.0
128.0	458.0
132.0	470.0
138.0	479.0
129.0	474.0
135.0	487.0
132.0	464.0
134.0	453.0
135.0	442.0
132.0	459.0
114.0	463.0
102.0	449.0
105.0	426.0
93.0	425.0
104.0	441.0
122.0	432.0
134.0	427.0
129.0	418.0
125.0	423.0
116.0	427.0
126.0	418.0
121.0	408.0
114.0	412.0
124.0	407.0
127.0	399.0
120.0	406.0
112.0	396.0
125.0	392.0
133.0	384.0
120.0	381.0
113.0	392.0
127.0	389.0
120.0	402.0
132.0	406.0
134.0	418.0
142.0	413.0
146.0	421.0
139.0	408.0
128.0	410.0
141.0	409.0
135.0	396.0
114.0	387.0
133.0	379.0
144.0	367.0
132.0	384.0
134.0	406.0
127.0	392.0
125.0	418.0
113.0	410.0
128.0	423.0
117.0	411.0
121.0	429.0
138.0	419.0
115.0	431.0
134.0	440.0
142.0	418.0
107.0	404.0
86.0	395.0
109.0	415.0
89.0	426.0
93.0	459.0
115.0	470.0
98.0	478.0
80.0	483.0
87.0	470.0
74.0	490.0
72.0	498.0
76.0	504.0
84.0	507.0
88.0	503.0
79.0	505.0
89.0	506.0
89.0	518.0
79.0	513.0
75.0	518.0
73.0	526.0
67.0	521.0
68.0	529.0
74.0	534.0
79.0	530.0
85.0	531.0
90.0	531.0
90.0	536.0
94.0	530.0
86.0	533.0
81.0	527.0
87.0	532.0
77.0	533.0
78.0	526.0
69.0	531.0
68.0	539.0
71.0	542.0
66.0	537.0
70.0	542.0
77.0	539.0
81.0	547.0
89.0	547.0
98.0	545.0
104.0	543.0
93.0	539.0
90.0	532.0
91.0	542.0
100.0	544.0
113.0	551.0
112.0	531.0
102.0	531.0
96.0	540.0
83.0	532.0
75.0	521.0
86.0	520.0
82.0	509.0
73.0	514.0
65.0	508.0
66.0	501.0
64.0	509.0
66.0	519.0
78.0	512.0
69.0	503.0
66.0	514.0
52.0	512.0
45.0	514.0
46.0	506.0
50.0	502.0
43.0	501.0
38.0	500.0
36.0	494.0
31.0	490.0
36.0	492.0
30.0	493.0
26.0	495.0
28.0	490.0
33.0	495.0
28.0	500.0
28.0	492.0
36.0	487.0
38.0	493.0
46.0	492.0
45.0	486.0
40.0	488.0
40.0	481.0
44.0	483.0
42.0	489.0
40.0	496.0
47.0	494.0
49.0	500.0
42.0	503.0
46.0	499.0
42.0	505.0
36.0	503.0
32.0	507.0
36.0	507.0
39.0	503.0
34.0	509.0
38.0	506.0
30.0	508.0
28.0	503.0
25.0	509.0
17.0	510.0
24.0	505.0
23.0	516.0
31.0	516.0
35.0	524.0
40.0	522.0
43.0	526.0
37.0	526.0
41.0	529.0
35.0	529.0
36.0	524.0
31.0	519.0
22.0	521.0
17.0	515.0
16.0	507.0
13.0	521.0
14.0	527.0
14.0	532.0
17.0	536.0
22.0	533.0
28.0	530.0
36.0	534.0
36.0	526.0
34.0	534.0
39.0	545.0
35.0	538.0
45.0	540.0
51.0	537.0
52.0	532.0
55.0	526.0
57.0	517.0
54.0	528.0
56.0	536.0
55.0	541.0
53.0	546.0
51.0	540.0
55.0	544.0
58.0	536.0
65.0	538.0
61.0	544.0
59.0	553.0
54.0	543.0
60.0	536.0
68.0	533.0
78.0	540.0
76.0	550.0
81.0	556.0
73.0	560.0
71.0	566.0
78.0	571.0
68.0	560.0
65.0	553.0
70.0	560.0
70.0	552.0
70.0	561.0
73.0	553.0
85.0	549.0
74.0	557.0
71.0	569.0
79.0	548.0
81.0	534.0
93.0	546.0
73.0	545.0
86.0	552.0
66.0	555.0
77.0	540.0
60.0	533.0
70.0	536.0
53.0	539.0
45.0	545.0
48.0	535.0
43.0	525.0
36.0	531.0
22.0	530.0
30.0	531.0
26.0	518.0
17.0	525.0
11.0	531.0
9.0	538.0
14.0	544.0
20.0	546.0
16.0	538.0
10.0	543.0
12.0	535.0
3.0	532.0
8.0	545.0
1.0	540.0
13.0	547.0
11.0	554.0
18.0	555.0
20.0	547.0
24.0	557.0
32.0	551.0
41.0	551.0
48.0	549.0
46.0	538.0
58.0	546.0
70.0	557.0
42.0	555.0
42.0	544.0
31.0	552.0
42.0	553.0
31.0	550.0
42.0	559.0
35.0	571.0
38.0	555.0
32.0	569.0
17.0	572.0
16.0	559.0
6.0	564.0
7.0	553.0
14.0	554.0
20.0	544.0
7.0	547.0
17.0	554.0
2.0	550.0
3.0	565.0
12.0	576.0
4.0	562.0
10.0	549.0
1.0	562.0
17.0	577.0
17.0	559.0
1.0	553.0
10.0	530.0
18.0	536.0
19.0	522.0
12.0	517.0
2.0	525.0
18.0	530.0
22.0	519.0
29.0	509.0
29.0	495.0
32.0	506.0
43.0	508.0
50.0	516.0
51.0	527.0
38.0	526.0
46.0	514.0
51.0	505.0
43.0	493.0
39.0	482.0
46.0	481.0
35.0	483.0
46.0	484.0
47.0	495.0
37.0	481.0
24.0	475.0
18.0	479.0
19.0	472.0
18.0	478.0
24.0	474.0
16.0	467.0
15.0	473.0
18.0	480.0
16.0	489.0
26.0	491.0
17.0	483.0
17.0	471.0
28.0	472.0
17.0	461.0
17.0	487.0
2.0	490.0
21.0	491.0
27.0	508.0
28.0	491.0
40.0	479.0
49.0	498.0
66.0	505.0
81.0	508.0
67.0	517.0
51.0	509.0
66.0	502.0
85.0	504.0
78.0	488.0
90.0	505.0
102.0	515.0
110.0	519.0
105.0	527.0
110.0	516.0
95.0	519.0
108.0	525.0
118.0	530.0
110.0	515.0
101.0	501.0
102.0	480.0
75.0	485.0
101.0	474.0
105.0	504.0
81.0	517.0
100.0	503.0
88.0	529.0
106.0	514.0
98.0	539.0
121.0	544.0
139.0	533.0
114.0	531.0
95.0	524.0
100.0	491.0
130.0	480.0
141.0	460.0
134.0	488.0
105.0	518.0
73.0	495.0
52.0	520.0
43.0	505.0
51.0	523.0
56.0	542.0
34.0	547.0
21.0	530.0
31.0	517.0
13.0	517.0
16.0	534.0
6.0	558.0
5.0	587.0
10.0	602.0
4.0	603.0
3.0	594.0
8.0	603.0
14.0	606.0
17.0	603.0
10.0	606.0
2.0	604.0
7.0	615.0
14.0	627.0
26.0	630.0
33.0	621.0
20.0	620.0
33.0	619.0
36.0	602.0
36.0	620.0
55.0	614.0
62.0	589.0
74.0	567.0
102.0	586.0
124.0	597.0
130.0	598.0
124.0	599.0
124.0	591.0
129.0	583.0
129.0	604.0
131.0	612.0
132.0	595.0
129.0	606.0
102.0	591.0
130.0	596.0
101.0	584.0
61.0	591.0
38.0	612.0
22.0	626.0
15.0	608.0
13.0	594.0
22.0	601.0
6.0	592.0
13.0	606.0
25.0	596.0
3.0	591.0
19.0	574.0
39.0	558.0
53.0	535.0
35.0	552.0
59.0	552.0
43.0	521.0
15.0	523.0
36.0	512.0
8.0	525.0
38.0	529.0
32.0	566.0
16.0	541.0
1.0	506.0
23.0	490.0
12.0	471.0
16.0	487.0
37.0	480.0
14.0	467.0
1.0	497.0
17.0	466.0
32.0	505.0
68.0	496.0
67.0	535.0
34.0	569.0
36.0	601.0
60.0	590.0
17.0	604.0
17.0	627.0
2.0	616.0
24.0	627.0
44.0	639.0
25.0	632.0
24.0	652.0
18.0	643.0
14.0	655.0
12.0	662.0
6.0	660.0
11.0	664.0
4.0	662.0
9.0	653.0
13.0	646.0
2.0	648.0
16.0	654.0
7.0	664.0
12.0	673.0
6.0	664.0
7.0	676.0
3.0	691.0
25.0	689.0
42.0	686.0
48.0	672.0
51.0	664.0
47.0	672.0
54.0	663.0
58.0	676.0
51.0	667.0
54.0	681.0
41.0	687.0
50.0	670.0
70.0	678.0
55.0	670.0
72.0	682.0
75.0	704.0
68.0	694.0
60.0	678.0
49.0	655.0
45.0	684.0
70.0	696.0
72.0	714.0
74.0	723.0
74.0	728.0
70.0	735.0
70.0	723.0
65.0	724.0
71.0	728.0
59.0	725.0
52.0	727.0
54.0	722.0
59.0	719.0
50.0	721.0
47.0	717.0
53.0	719.0
49.0	724.0
50.0	729.0
52.0	724.0
49.0	717.0
53.0	711.0
60.0	720.0
70.0	725.0
58.0	720.0
46.0	722.0
43.0	717.0
37.0	720.0
32.0	719.0
38.0	718.0
43.0	715.0
33.0	715.0
35.0	723.0
42.0	721.0
40.0	714.0
42.0	726.0
40.0	720.0
32.0	727.0
38.0	725.0
34.0	732.0
30.0	726.0
22.0	723.0
17.0	720.0
24.0	720.0
27.0	716.0
22.0	719.0
27.0	722.0
22.0	715.0
18.0	712.0
11.0	716.0
17.0	714.0
25.0	718.0
23.0	709.0
24.0	719.0
17.0	713.0
9.0	720.0
13.0	724.0
8.0	719.0
5.0	724.0
10.0	726.0
4.0	725.0
9.0	731.0
15.0	732.0
10.0	732.0
15.0	733.0
10.0	729.0
8.0	722.0
3.0	729.0
8.0	718.0
19.0	716.0
8.0	724.0
11.0	734.0
10.0	742.0
6.0	735.0
17.0	735.0
17.0	742.0
13.0	736.0
8.0	743.0
9.0	733.0
1.0	743.0
14.0	741.0
23.0	747.0
30.0	747.0
32.0	742.0
30.0	748.0
32.0	753.0
33.0	759.0
33.0	751.0
31.0	744.0
38.0	741.0
41.0	747.0
38.0	753.0
46.0	755.0
52.0	756.0
48.0	752.0
48.0	745.0
54.0	747.0
55.0	741.0
53.0	745.0
56.0	739.0
55.0	733.0
47.0	735.0
41.0	737.0
42.0	745.0
33.0	746.0
41.0	751.0
42.0	743.0
32.0	741.0
24.0	736.0
25.0	744.0
33.0	742.0
22.0	747.0
19.0	738.0
25.0	750.0
19.0	756.0
20.0	763.0
15.0	755.0
7.0	758.0
1.0	762.0
11.0	757.0
4.0	752.0
12.0	753.0
1.0	753.0
18.0	762.0
29.0	760.0
34.0	767.0
39.0	775.0
36.0	781.0
42.0	782.0
46.0	784.0
46.0	778.0
51.0	778.0
57.0	777.0
61.0	783.0
62.0	788.0
67.0	789.0
72.0	783.0
64.0	779.0
57.0	784.0
53.0	779.0
48.0	784.0
41.0	786.0
33.0	788.0
29.0	782.0
23.0	784.0
27.0	789.0
31.0	782.0
39.0	783.0
31.0	780.0
24.0	776.0
20.0	772.0
18.0	778.0
22.0	781.0
18.0	774.0
11.0	771.0
9.0	779.0
6.0	774.0
5.0	782.0
12.0	778.0
19.0	781.0
18.0	789.0
15.0	798.0
20.0	805.0
15.0	806.0
18.0	811.0
26.0	808.0
20.0	812.0
24.0	803.0
30.0	806.0
22.0	803.0
16.0	808.0
19.0	800.0
10.0	801.0
1.0	802.0
12.0	801.0
2.0	804.0
14.0	808.0
4.0	809.0
16.0	811.0
21.0	799.0
32.0	799.0
34.0	810.0
43.0	812.0
37.0	810.0
46.0	809.0
53.0	806.0
62.0	807.0
62.0	812.0
55.0	816.0
55.0	828.0
66.0	834.0
65.0	842.0
75.0	843.0
81.0	850.0
80.0	840.0
68.0	837.0
77.0	833.0
68.0	828.0
75.0	825.0
67.0	823.0
71.0	816.0
72.0	823.0
67.0	817.0
75.0	816.0
68.0	813.0
69.0	805.0
67.0	809.0
73.0	809.0
70.0	802.0
65.0	805.0
65.0	799.0
60.0	796.0
54.0	793.0
55.0	799.0
49.0	806.0
41.0	799.0
43.0	809.0
45.0	796.0
38.0	806.0
35.0	792.0
28.0	803.0
20.0	791.0
22.0	777.0
17.0	784.0
8.0	782.0
15.0	775.0
14.0	788.0
5.0	776.0
5.0	760.0
10.0	776.0
26.0	773.0
36.0	768.0
44.0	772.0
47.0	778.0
46.0	770.0
44.0	765.0
51.0	763.0
47.0	758.0
40.0	754.0
30.0	749.0
20.0	741.0
33.0	734.0
44.0	734.0
43.0	727.0
49.0	729.0
49.0	735.0
57.0	733.0
49.0	726.0
54.0	716.0
47.0	730.0
35.0	726.0
45.0	728.0
51.0	714.0
40.0	731.0
27.0	730.0
29.0	716.0
19.0	731.0
2.0	723.0
2.0	746.0
24.0	758.0
33.0	767.0
23.0	761.0
29.0	775.0
41.0	770.0
51.0	771.0
57.0	774.0
59.0	767.0
64.0	764.0
61.0	759.0
55.0	757.0
59.0	759.0
53.0	758.0
59.0	752.0
54.0	749.0
58.0	742.0
52.0	733.0
56.0	747.0
46.0	747.0
43.0	758.0
51.0	767.0
58.0	769.0
51.0	774.0
59.0	769.0
56.0	778.0
50.0	770.0
54.0	760.0
48.0	765.0
58.0	757.0
61.0	766.0
64.0	759.0
68.0	766.0
71.0	772.0
78.0	770.0
82.0	774.0
85.0	781.0
77.0	784.0
84.0	790.0
78.0	792.0
85.0	794.0
87.0	799.0
80.0	800.0
88.0	796.0
80.0	793.0
88.0	790.0
89.0	800.0
90.0	810.0
89.0	803.0
91.0	814.0
79.0	812.0
89.0	808.0
87.0	795.0
89.0	807.0
73.0	814.0
68.0	804.0
64.0	809.0
62.0	796.0
58.0	789.0
63.0	792.0
64.0	783.0
57.0	792.0
65.0	788.0
77.0	789.0
70.0	799.0
79.0	794.0
71.0	807.0
85.0	799.0
90.0	815.0
69.0	826.0
67.0	838.0
69.0	824.0
54.0	822.0
64.0	836.0
50.0	830.0
35.0	814.0
52.0	797.0
64.0	803.0
80.0	811.0
77.0	792.0
65.0	804.0
75.0	821.0
73.0	841.0
82.0	853.0
76.0	859.0
82.0	858.0
86.0	862.0
90.0	865.0
85.0	867.0
89.0	865.0
84.0	866.0
88.0	869.0
82.0	871.0
87.0	870.0
81.0	871.0
85.0	875.0
80.0	877.0
86.0	877.0
92.0	880.0
87.0	874.0
88.0	882.0
92.0	890.0
88.0	885.0
96.0	886.0
102.0	892.0
99.0	897.0
101.0	893.0
103.0	898.0
103.0	892.0
97.0	887.0
88.0	892.0
87.0	898.0
82.0	897.0
81.0	902.0
83.0	908.0
88.0	911.0
85.0	906.0
90.0	904.0
93.0	899.0
87.0	903.0
84.0	909.0
77.0	912.0
74.0	908.0
78.0	912.0
77.0	905.0
80.0	898.0
83.0	892.0
86.0	897.0
94.0	900.0
100.0	895.0
92.0	893.0
86.0	886.0
88.0	879.0
88.0	868.0
80.0	863.0
80.0	869.0
74.0	873.0
81.0	876.0
73.0	881.0
78.0	875.0
76.0	884.0
80.0	890.0
78.0	883.0
85.0	879.0
73.0	883.0
66.0	877.0
68.0	867.0
76.0	866.0
69.0	863.0
77.0	862.0
70.0	858.0
79.0	858.0
90.0	858.0
98.0	861.0
86.0	861.0
96.0	856.0
90.0	867.0
78.0	873.0
66.0	878.0
67.0	889.0
60.0	888.0
56.0	883.0
50.0	888.0
62.0	891.0
55.0	887.0
44.0	885.0
29.0	881.0
35.0	894.0
45.0	909.0
58.0	908.0
67.0	911.0
66.0	904.0
73.0	911.0
68.0	917.0
73.0	920.0
68.0	925.0
70.0	931.0
65.0	933.0
65.0	939.0
59.0	936.0
56.0	941.0
51.0	940.0
57.0	939.0
54.0	935.0
55.0	929.0
63.0	931.0
59.0	926.0
58.0	919.0
50.0	916.0
48.0	908.0
50.0	922.0
60.0	929.0
56.0	936.0
51.0	942.0
56.0	947.0
61.0	951.0
62.0	957.0
58.0	966.0
53.0	971.0
54.0	963.0
59.0	956.0
59.0	947.0
64.0	953.0
69.0	945.0
68.0	935.0
60.0	936.0
63.0	944.0
70.0	947.0
71.0	935.0
65.0	929.0
67.0	920.0
73.0	924.0
74.0	916.0
81.0	920.0
87.0	921.0
92.0	921.0
95.0	915.0
90.0	913.0
96.0	918.0
91.0	922.0
83.0	918.0
90.0	915.0
82.0	917.0
74.0	913.0
64.0	917.0
56.0	918.0
47.0	922.0
48.0	936.0
52.0	945.0
61.0	948.0
53.0	939.0
61.0	947.0
62.0	961.0
71.0	965.0
58.0	972.0
68.0	969.0
54.0	972.0
51.0	959.0
44.0	963.0
51.0	961.0
43.0	957.0
34.0	961.0
30.0	965.0
32.0	960.0
39.0	963.0
31.0	957.0
38.0	960.0
31.0	952.0
27.0	962.0
30.0	970.0
30.0	979.0
20.0	974.0
13.0	970.0
9.0	976.0
17.0	979.0
18.0	986.0
13.0	983.0
16.0	988.0
23.0	991.0
17.0	996.0
18.0	1004.0
17.0	1010.0
12.0	1004.0
16.0	991.0
8.0	988.0
13.0	980.0
14.0	988.0
23.0	993.0
14.0	1001.0
7.0	991.0
15.0	1005.0
20.0	1018.0
15.0	1026.0
17.0	1031.0
17.0	1027.0
20.0	1023.0
20.0	1030.0
19.0	1036.0
14.0	1030.0
22.0	1033.0
15.0	1028.0
21.0	1020.0
14.0	1032.0
23.0	1029.0
16.0	1040.0
18.0	1049.0
12.0	1051.0
20.0	1050.0
14.0	1059.0
18.0	1054.0
17.0	1045.0
12.0	1058.0
20.0	1053.0
15.0	1064.0
15.0	1071.0
20.0	1069.0
14.0	1074.0
16.0	1067.0
10.0	1059.0
6.0	1072.0
17.0	1077.0
17.0	1062.0
12.0	1077.0
12.0	1048.0
14.0	1068.0
20.0	1039.0
17.0	1061.0
18.0	1028.0
18.0	1003.0
26.0	991.0
17.0	982.0
27.0	981.0
17.0	976.0
16.0	986.0
11.0	972.0
2.0	968.0
10.0	957.0
18.0	954.0
19.0	961.0
20.0	967.0
28.0	963.0
17.0	960.0
18.0	952.0
9.0	954.0
1.0	951.0
8.0	956.0
17.0	951.0
20.0	941.0
15.0	941.0
12.0	933.0
19.0	930.0
11.0	927.0
5.0	932.0
12.0	929.0
20.0	934.0
20.0	943.0
18.0	950.0
27.0	944.0
34.0	948.0
41.0	941.0
31.0	940.0
22.0	944.0
33.0	952.0
40.0	964.0
50.0	955.0
57.0	943.0
42.0	940.0
32.0	929.0
30.0	921.0
25.0	919.0
34.0	920.0
32.0	927.0
34.0	917.0
30.0	929.0
21.0	922.0
15.0	932.0
3.0	930.0
8.0	921.0
2.0	907.0
10.0	897.0
2.0	889.0
1.0	900.0
1.0	883.0
22.0	879.0
35.0	864.0
54.0	862.0
60.0	865.0
65.0	864.0
56.0	864.0
68.0	862.0
56.0	862.0
42.0	864.0
51.0	849.0
55.0	866.0
40.0	862.0
59.0	873.0
60.0	886.0
54.0	879.0
58.0	863.0
67.0	881.0
72.0	893.0
78.0	892.0
76.0	898.0
76.0	889.0
71.0	898.0
73.0	906.0
72.0	894.0
80.0	888.0
83.0	901.0
75.0	892.0
64.0	899.0
63.0	886.0
81.0	889.0
65.0	892.0
56.0	909.0
66.0	898.0
63.0	916.0
62.0	927.0
74.0	930.0
82.0	934.0
84.0	939.0
87.0	939.0
84.0	936.0
85.0	941.0
79.0	940.0
77.0	933.0
85.0	937.0
78.0	938.0
68.0	939.0
55.0	930.0
55.0	912.0
69.0	929.0
79.0	921.0
78.0	910.0
85.0	896.0
88.0	909.0
98.0	914.0
98.0	906.0
105.0	910.0
110.0	908.0
110.0	901.0
108.0	909.0
108.0	915.0
110.0	912.0
106.0	918.0
111.0	921.0
108.0	912.0
103.0	906.0
111.0	905.0
101.0	910.0
107.0	918.0
98.0	922.0
97.0	913.0
87.0	908.0
84.0	925.0
80.0	936.0
81.0	925.0
86.0	939.0
96.0	938.0
103.0	938.0
102.0	932.0
99.0	933.0
102.0	930.0
106.0	931.0
100.0	935.0
104.0	939.0
105.0	930.0
96.0	932.0
87.0	935.0
91.0	924.0
103.0	920.0
99.0	932.0
99.0	945.0
99.0	953.0
97.0	957.0
94.0	961.0
91.0	955.0
86.0	953.0
87.0	946.0
81.0	951.0
93.0	949.0
96.0	954.0
94.0	958.0
95.0	952.0
101.0	953.0
100.0	960.0
94.0	962.0
102.0	959.0
104.0	949.0
92.0	953.0
100.0	948.0
101.0	962.0
94.0	950.0
87.0	940.0
100.0	933.0
110.0	918.0
104.0	933.0
97.0	952.0
83.0	948.0
81.0	928.0
100.0	921.0
105.0	902.0
98.0	894.0
91.0	901.0
106.0	901.0
107.0	915.0
102.0	933.0
99.0	956.0
82.0	941.0
65.0	924.0
86.0	925.0
65.0	909.0
95.0	912.0
89.0	890.0
105.0	875.0
102.0	898.0
79.0	876.0
85.0	861.0
99.0	864.0
72.0	864.0
88.0	865.0
78.0	847.0
98.0	847.0
77.0	825.0
55.0	838.0
82.0	838.0
95.0	859.0
65.0	840.0
71.0	866.0
53.0	887.0
30.0	877.0
57.0	865.0
33.0	880.0
64.0	877.0
48.0	913.0
28.0	922.0
13.0	930.0
2.0	937.0
2.0	951.0
1.0	964.0
17.0	965.0
7.0	971.0
12.0	987.0
25.0	998.0
4.0	993.0
18.0	1017.0
24.0	990.0
15.0	1010.0
19.0	976.0
31.0	968.0
17.0	968.0
30.0	976.0
46.0	968.0
30.0	972.0
47.0	955.0
31.0	947.0
23.0	960.0
26.0	980.0
1.0	959.0
5.0	941.0
2.0	953.0
17.0	940.0
17.0	957.0
1.0	944.0
22.0	941.0
30.0	923.0
38.0	941.0
33.0	962.0
32.0	938.0
59.0	939.0
81.0	953.0
67.0	967.0
54.0	956.0
66.0	972.0
91.0	959.0
58.0	973.0
81.0	997.0
98.0	962.0
83.0	998.0
54.0	965.0
16.0	965.0
4.0	930.0
29.0	924.0
2.0	926.0
4.0	955.0
30.0	919.0
2.0	931.0
2.0	896.0
27.0	907.0
1.0	895.0
31.0	902.0
36.0	939.0
68.0	966.0
64.0	920.0
104.0	921.0
90.0	949.0
127.0	921.0
105.0	897.0
70.0	918.0
69.0	964.0
14.0	1003.0
16.0	940.0
23.0	880.0
2.0	859.0
2.0	832.0
12.0	837.0
10.0	821.0
2.0	828.0
14.0	835.0
1.0	823.0
7.0	810.0
1.0	825.0
1.0	848.0
29.0	838.0
39.0	809.0
24.0	790.0
30.0	773.0
42.0	778.0
47.0	787.0
60.0	784.0
73.0	788.0
84.0	777.0
78.0	767.0
80.0	760.0
85.0	757.0
79.0	756.0
85.0	760.0
91.0	766.0
101.0	764.0
106.0	760.0
99.0	767.0
88.0	773.0
87.0	785.0
72.0	771.0
66.0	764.0
74.0	759.0
80.0	765.0
76.0	758.0
67.0	763.0
76.0	768.0
70.0	760.0
57.0	759.0
57.0	744.0
46.0	738.0
61.0	747.0
72.0	760.0
86.0	763.0
99.0	761.0
107.0	758.0
99.0	751.0
87.0	749.0
97.0	753.0
86.0	757.0
98.0	753.0
106.0	763.0
87.0	757.0
79.0	770.0
84.0	781.0
102.0	767.0
81.0	759.0
98.0	751.0
87.0	738.0
69.0	743.0
85.0	749.0
105.0	762.0
74.0	770.0
61.0	785.0
44.0	781.0
32.0	783.0
42.0	771.0
38.0	755.0
53.0	742.0
34.0	735.0
17.0	724.0
34.0	711.0
26.0	691.0
7.0	700.0
26.0	717.0
7.0	701.0
34.0	691.0
12.0	676.0
13.0	657.0
14.0	672.0
15.0	652.0
25.0	639.0
10.0	657.0
30.0	651.0
5.0	639.0
1.0	606.0
45.0	595.0
3.0	606.0
45.0	585.0
101.0	591.0
137.0	561.0
114.0	532.0
64.0	528.0
26.0	568.0
1.0	507.0
46.0	493.0
2.0	514.0
70.0	495.0
106.0	449.0
138.0	443.0
106.0	424.0
127.0	455.0
132.0	420.0
91.0	405.0
119.0	374.0
148.0	369.0
118.0	364.0
134.0	337.0
149.0	339.0
150.0	326.0
142.0	337.0
122.0	332.0
133.0	311.0
149.0	326.0
156.0	303.0
141.0	292.0
159.0	301.0
158.0	279.0
159.0	259.0
152.0	246.0
158.0	239.0
167.0	229.0
172.0	215.0
176.0	220.0
184.0	216.0
177.0	210.0
183.0	211.0
175.0	208.0
170.0	214.0
170.0	225.0
171.0	210.0
183.0	208.0
176.0	215.0
167.0	226.0
154.0	245.0
160.0	260.0
158.0	276.0
150.0	299.0
124.0	283.0
144.0	260.0
158.0	281.0
126.0	284.0
146.0	313.0
152.0	288.0
157.0	250.0
169.0	221.0
189.0	207.0
177.0	212.0
187.0	198.0
187.0	211.0
204.0	217.0
192.0	210.0
204.0	223.0
201.0	232.0
204.0	224.0
198.0	240.0
196.0	254.0
195.0	275.0
195.0	250.0
194.0	274.0
185.0	305.0
204.0	276.0
205.0	232.0
191.0	256.0
160.0	239.0
197.0	247.0
156.0	244.0
202.0	234.0
178.0	203.0
187.0	183.0
197.0	193.0
197.0	177.0
185.0	195.0
196.0	172.0
182.0	196.0
215.0	189.0
205.0	163.0
189.0	191.0
221.0	186.0
213.0	149.0
225.0	118.0
258.0	105.0
280.0	97.0
302.0	95.0
319.0	81.0
339.0	100.0
321.0	99.0
303.0	98.0
284.0	115.0
313.0	109.0
315.0	130.0
338.0	127.0
350.0	118.0
345.0	100.0
343.0	124.0
363.0	125.0
387.0	135.0
427.0	140.0
393.0	133.0
432.0	143.0
475.0	149.0
455.0	138.0
491.0	157.0
502.0	162.0
493.0	167.0
502.0	175.0
513.0	179.0
510.0	169.0
518.0	176.0
513.0	167.0
521.0	175.0
511.0	174.0
520.0	165.0
532.0	176.0
541.0	178.0
532.0	180.0
526.0	183.0
533.0	182.0
530.0	191.0
530.0	181.0
518.0	181.0
527.0	188.0
527.0	176.0
511.0	166.0
498.0	178.0
494.0	157.0
477.0	154.0
497.0	174.0
485.0	156.0
516.0	178.0
537.0	184.0
544.0	194.0
551.0	198.0
542.0	205.0
533.0	208.0
545.0	211.0
540.0	201.0
542.0	214.0
545.0	199.0
544.0	184.0
539.0	198.0
555.0	204.0
540.0	217.0
558.0	219.0
541.0	220.0
545.0	242.0
539.0	233.0
544.0	252.0
549.0	241.0
556.0	254.0
563.0	246.0
575.0	247.0
583.0	259.0
568.0	249.0
557.0	260.0
551.0	267.0
541.0	256.0
554.0	261.0
542.0	254.0
558.0	244.0
564.0	259.0
567.0	274.0
585.0	271.0
600.0	275.0
593.0	286.0
604.0	283.0
592.0	282.0
597.0	269.0
609.0	286.0
600.0	296.0
596.0	289.0
602.0	298.0
592.0	302.0
579.0	292.0
600.0	297.0
588.0	286.0
601.0	275.0
600.0	300.0
621.0	306.0
602.0	290.0
623.0	299.0
592.0	299.0
623.0	297.0
621.0	336.0
616.0	293.0
577.0	292.0
575.0	264.0
560.0	246.0
569.0	228.0
554.0	241.0
550.0	264.0
563.0	286.0
601.0	286.0
562.0	272.0
546.0	248.0
580.0	252.0
548.0	261.0
583.0	239.0
563.0	266.0
537.0	228.0
566.0	236.0
552.0	214.0
536.0	193.0
517.0	192.0
545.0	183.0
523.0	186.0
502.0	166.0
542.0	193.0
522.0	208.0
545.0	245.0
589.0	267.0
626.0	315.0
617.0	379.0
625.0	420.0
619.0	387.0
622.0	331.0
650.0	253.0
571.0	216.0
550.0	178.0
569.0	220.0
572.0	287.0
649.0	251.0
614.0	355.0
573.0	425.0
619.0	434.0
629.0	462.0
620.0	471.0
632.0	454.0
630.0	473.0
641.0	441.0
634.0	479.0
604.0	519.0
587.0	559.0
580.0	582.0
572.0	605.0
592.0	617.0
596.0	637.0
572.0	640.0
564.0	667.0
567.0	681.0
575.0	690.0
587.0	684.0
595.0	673.0
587.0	665.0
584.0	653.0
593.0	666.0
597.0	653.0
578.0	657.0
567.0	676.0
581.0	682.0
587.0	668.0
599.0	656.0
585.0	681.0
600.0	670.0
571.0	677.0
558.0	667.0
568.0	691.0
550.0	695.0
569.0	701.0
560.0	680.0
587.0	676.0
600.0	652.0
599.0	609.0
593.0	590.0
592.0	612.0
561.0	610.0
602.0	595.0
585.0	617.0
601.0	575.0
596.0	608.0
575.0	659.0
568.0	693.0
587.0	717.0
584.0	745.0
567.0	735.0
587.0	728.0
585.0	696.0
587.0	733.0
580.0	766.0
562.0	783.0
576.0	752.0
554.0	733.0
570.0	711.0
536.0	711.0
557.0	685.0
539.0	721.0
512.0	741.0
498.0	758.0
505.0	769.0
490.0	783.0
486.0	807.0
459.0	782.0
477.0	773.0
488.0	757.0
470.0	776.0
445.0	790.0
428.0	797.0
440.0	793.0
460.0	785.0
441.0	808.0
420.0	805.0
401.0	802.0
389.0	808.0
401.0	811.0
388.0	816.0
400.0	807.0
385.0	815.0
369.0	817.0
358.0	818.0
343.0	818.0
329.0	811.0
320.0	801.0
301.0	794.0
287.0	769.0
262.0	743.0
242.0	728.0
227.0	709.0
217.0	690.0
210.0	666.0
214.0	653.0
204.0	652.0
211.0	653.0
208.0	643.0
209.0	634.0
198.0	621.0
207.0	642.0
206.0	657.0
213.0	670.0
204.0	649.0
212.0	617.0
193.0	596.0
192.0	587.0
195.0	594.0
191.0	582.0
190.0	572.0
190.0	581.0
196.0	591.0
191.0	574.0
198.0	584.0
188.0	568.0
190.0	555.0
187.0	545.0
185.0	536.0
181.0	532.0
183.0	523.0
180.0	514.0
183.0	527.0
180.0	517.0
182.0	534.0
181.0	522.0
182.0	540.0
187.0	555.0
189.0	571.0
187.0	548.0
191.0	565.0
183.0	538.0
188.0	563.0
192.0	597.0
190.0	553.0
193.0	587.0
210.0	639.0
197.0	609.0
205.0	654.0
220.0	694.0
238.0	727.0
263.0	747.0
292.0	776.0
324.0	810.0
313.0	788.0
341.0	816.0
361.0	816.0
340.0	815.0
315.0	795.0
360.0	820.0
333.0	815.0
297.0	782.0
251.0	734.0
222.0	696.0
207.0	649.0
151.0	673.0
141.0	698.0
133.0	710.0
132.0	720.0
111.0	722.0
133.0	713.0
141.0	699.0
132.0	711.0
143.0	691.0
146.0	668.0
127.0	702.0
105.0	722.0
132.0	714.0
106.0	749.0
94.0	712.0
75.0	727.0
72.0	711.0
86.0	713.0
86.0	737.0
75.0	713.0
53.0	709.0
76.0	691.0
72.0	724.0
84.0	751.0
57.0	738.0
71.0	719.0
73.0	679.0
43.0	643.0
7.0	663.0
50.0	672.0
12.0	647.0
5.0	592.0
16.0	676.0
5.0	716.0
3.0	755.0
28.0	757.0
19.0	776.0
2.0	769.0
20.0	747.0
45.0	726.0
74.0	710.0
43.0	751.0
29.0	732.0
54.0	755.0
29.0	756.0
54.0	769.0
42.0	779.0
58.0	794.0
68.0	774.0
53.0	788.0
47.0	811.0
49.0	780.0
63.0	803.0
33.0	783.0
56.0	766.0
26.0	797.0
6.0	787.0
20.0	809.0
45.0	808.0
4.0	800.0
3.0	827.0
1.0	866.0
28.0	841.0
63.0	824.0
84.0	778.0
121.0	815.0
134.0	831.0
135.0	818.0
140.0	836.0
122.0	813.0
89.0	811.0
69.0	768.0
10.0	749.0
61.0	757.0
2.0	777.0
1.0	834.0
2.0	892.0
47.0	945.0
2.0	897.0
74.0	853.0
97.0	899.0
101.0	961.0
156.0	938.0
179.0	933.0
156.0	933.0
181.0	935.0
155.0	937.0
129.0	920.0
168.0	897.0
157.0	938.0
181.0	891.0
233.0	847.0
280.0	759.0
338.0	718.0
351.0	719.0
347.0	726.0
358.0	726.0
361.0	718.0
356.0	721.0
365.0	721.0
363.0	725.0
371.0	723.0
377.0	723.0
371.0	726.0
368.0	718.0
363.0	721.0
373.0	720.0
366.0	717.0
377.0	721.0
367.0	723.0
352.0	726.0
338.0	719.0
338.0	688.0
320.0	681.0
314.0	683.0
310.0	679.0
304.0	683.0
297.0	676.0
302.0	683.0
295.0	674.0
287.0	680.0
301.0	678.0
290.0	674.0
310.0	676.0
318.0	684.0
330.0	684.0
350.0	688.0
364.0	681.0
367.0	675.0
374.0	681.0
369.0	687.0
375.0	690.0
378.0	680.0
386.0	676.0
390.0	679.0
387.0	681.0
392.0	678.0
398.0	676.0
390.0	676.0
386.0	681.0
387.0	688.0
387.0	680.0
389.0	689.0
392.0	681.0
400.0	675.0
411.0	675.0
406.0	679.0
408.0	689.0
399.0	689.0
396.0	694.0
391.0	693.0
400.0	693.0
393.0	693.0
402.0	689.0
394.0	681.0
395.0	693.0
407.0	692.0
395.0	696.0
409.0	706.0
418.0	688.0
426.0	685.0
433.0	683.0
421.0	687.0
415.0	677.0
422.0	673.0
430.0	672.0
439.0	669.0
444.0	675.0
432.0	669.0
444.0	667.0
422.0	670.0
435.0	668.0
419.0	672.0
424.0	685.0
425.0	673.0
438.0	679.0
420.0	688.0
413.0	675.0
399.0	676.0
399.0	692.0
416.0	688.0
401.0	693.0
378.0	691.0
371.0	678.0
361.0	676.0
372.0	682.0
366.0	691.0
356.0	687.0
369.0	684.0
376.0	672.0
363.0	685.0
384.0	677.0
405.0	677.0
425.0	687.0
442.0	667.0
408.0	631.0
410.0	622.0
412.0	617.0
410.0	624.0
405.0	630.0
408.0	619.0
405.0	609.0
398.0	611.0
391.0	607.0
386.0	602.0
382.0	610.0
376.0	603.0
372.0	606.0
368.0	604.0
373.0	608.0
368.0	603.0
361.0	609.0
351.0	608.0
345.0	621.0
338.0	628.0
339.0	619.0
330.0	627.0
332.0	634.0
332.0	627.0
329.0	635.0
325.0	626.0
337.0	620.0
350.0	612.0
339.0	625.0
327.0	633.0
338.0	640.0
344.0	649.0
357.0	645.0
363.0	652.0
369.0	647.0
360.0	645.0
374.0	647.0
383.0	645.0
383.0	640.0
388.0	636.0
383.0	642.0
379.0	646.0
388.0	642.0
380.0	644.0
390.0	641.0
381.0	647.0
393.0	636.0
406.0	630.0
411.0	616.0
409.0	627.0
413.0	607.0
401.0	604.0
393.0	607.0
387.0	598.0
377.0	607.0
368.0	605.0
380.0	605.0
394.0	606.0
409.0	604.0
409.0	620.0
397.0	634.0
377.0	648.0
389.0	636.0
385.0	608.0
401.0	608.0
402.0	630.0
397.0	605.0
374.0	603.0
353.0	611.0
372.0	602.0
345.0	615.0
324.0	627.0
337.0	638.0
328.0	624.0
342.0	645.0
327.0	634.0
305.0	612.0
352.0	612.0
345.0	647.0
363.0	651.0
387.0	644.0
356.0	649.0
366.0	679.0
387.0	691.0
361.0	691.0
389.0	681.0
359.0	689.0
370.0	720.0
384.0	727.0
365.0	720.0
344.0	719.0
379.0	721.0
401.0	703.0
417.0	675.0
388.0	640.0
387.0	605.0
411.0	619.0
361.0	611.0
361.0	650.0
368.0	684.0
387.0	716.0
386.0	674.0
430.0	686.0
377.0	719.0
341.0	685.0
306.0	679.0
320.0	682.0
291.0	678.0
316.0	682.0
283.0	677.0
235.0	720.0
287.0	674.0
340.0	646.0
318.0	682.0
348.0	723.0
309.0	683.0
358.0	719.0
359.0	651.0
314.0	680.0
372.0	645.0
411.0	611.0
445.0	671.0
375.0	605.0
303.0	610.0
294.0	680.0
301.0	608.0
209.0	651.0
146.0	666.0
131.0	606.0
196.0	599.0
127.0	597.0
98.0	540.0
125.0	594.0
138.0	530.0
183.0	520.0
180.0	489.0
182.0	522.0
132.0	531.0
180.0	506.0
182.0	457.0
221.0	445.0
181.0	469.0
132.0	474.0
181.0	495.0
134.0	460.0
94.0	416.0
116.0	478.0
146.0	414.0
188.0	382.0
223.0	410.0
268.0	399.0
304.0	432.0
274.0	421.0
274.0	449.0
297.0	445.0
289.0	408.0
254.0	434.0
275.0	472.0
267.0	478.0
287.0	449.0
273.0	476.0
287.0	448.0
283.0	395.0
269.0	476.0
254.0	402.0
281.0	471.0
378.0	456.0
284.0	447.0
199.0	405.0
144.0	369.0
151.0	333.0
121.0	333.0
144.0	311.0
112.0	299.0
149.0	331.0
180.0	320.0
144.0	336.0
148.0	374.0
112.0	394.0
149.0	353.0
124.0	320.0
182.0	318.0
158.0	269.0
113.0	300.0
147.0	364.0
85.0	391.0
113.0	296.0
189.0	287.0
202.0	224.0
196.0	182.0
211.0	141.0
259.0	154.0
280.0	147.0
300.0	142.0
270.0	154.0
241.0	164.0
214.0	132.0
267.0	152.0
272.0	107.0
278.0	73.0
255.0	107.0
284.0	143.0
316.0	115.0
341.0	114.0
369.0	119.0
403.0	105.0
391.0	51.0
389.0	19.0
407.0	16.0
429.0	12.0
444.0	12.0
454.0	11.0
449.0	22.0
458.0	22.0
445.0	18.0
437.0	10.0
450.0	20.0
458.0	34.0
443.0	46.0
439.0	21.0
456.0	25.0
464.0	8.0
481.0	8.0
483.0	14.0
476.0	10.0
484.0	17.0
484.0	8.0
496.0	9.0
503.0	22.0
513.0	18.0
503.0	23.0
505.0	9.0
502.0	24.0
498.0	38.0
510.0	49.0
540.0	35.0
538.0	16.0
530.0	15.0
523.0	11.0
512.0	13.0
508.0	27.0
519.0	12.0
534.0	15.0
526.0	11.0
542.0	16.0
552.0	21.0
557.0	27.0
553.0	21.0
558.0	28.0
565.0	25.0
562.0	22.0
565.0	26.0
563.0	21.0
557.0	21.0
567.0	22.0
574.0	22.0
568.0	20.0
575.0	25.0
584.0	27.0
588.0	38.0
587.0	28.0
576.0	22.0
560.0	26.0
548.0	19.0
565.0	23.0
572.0	41.0
582.0	52.0
595.0	47.0
583.0	54.0
596.0	58.0
595.0	71.0
600.0	71.0
599.0	75.0
599.0	68.0
596.0	62.0
597.0	74.0
600.0	68.0
604.0	78.0
616.0	76.0
608.0	78.0
620.0	79.0
621.0	71.0
616.0	80.0
629.0	82.0
620.0	76.0
614.0	67.0
624.0	80.0
619.0	66.0
622.0	83.0
600.0	70.0
587.0	66.0
579.0	49.0
594.0	42.0
602.0	32.0
610.0	35.0
618.0	39.0
627.0	37.0
613.0	40.0
607.0	33.0
617.0	39.0
627.0	43.0
626.0	55.0
621.0	40.0
610.0	47.0
601.0	35.0
612.0	37.0
618.0	52.0
636.0	47.0
618.0	49.0
640.0	47.0
625.0	54.0
654.0	55.0
663.0	60.0
654.0	53.0
667.0	64.0
656.0	58.0
672.0	68.0
686.0	75.0
671.0	67.0
690.0	80.0
711.0	95.0
691.0	84.0
716.0	104.0
728.0	118.0
738.0	128.0
730.0	119.0
740.0	135.0
749.0	142.0
742.0	135.0
748.0	145.0
756.0	149.0
759.0	156.0
756.0	152.0
761.0	159.0
767.0	166.0
760.0	159.0
768.0	169.0
777.0	182.0
785.0	191.0
790.0	205.0
788.0	217.0
791.0	208.0
785.0	196.0
794.0	214.0
800.0	228.0
804.0	239.0
808.0	247.0
803.0	235.0
809.0	246.0
815.0	263.0
818.0	276.0
816.0	268.0
818.0	279.0
822.0	290.0
825.0	304.0
829.0	316.0
830.0	325.0
834.0	331.0
829.0	324.0
829.0	312.0
832.0	327.0
832.0	339.0
833.0	349.0
830.0	338.0
829.0	321.0
832.0	341.0
834.0	358.0
833.0	347.0
833.0	330.0
835.0	357.0
844.0	372.0
836.0	378.0
845.0	371.0
856.0	373.0
854.0	365.0
859.0	376.0
859.0	384.0
862.0	386.0
857.0	382.0
859.0	386.0
857.0	391.0
857.0	384.0
852.0	385.0
856.0	380.0
862.0	384.0
870.0	387.0
867.0	381.0
874.0	376.0
876.0	382.0
876.0	376.0
881.0	375.0
885.0	371.0
889.0	369.0
890.0	374.0
886.0	378.0
889.0	372.0
888.0	367.0
886.0	361.0
882.0	361.0
888.0	361.0
887.0	355.0
885.0	358.0
883.0	362.0
885.0	355.0
887.0	363.0
883.0	355.0
875.0	362.0
866.0	363.0
870.0	361.0
867.0	367.0
860.0	374.0
863.0	363.0
856.0	367.0
843.0	373.0
836.0	362.0
838.0	382.0
850.0	389.0
856.0	394.0
848.0	396.0
846.0	403.0
847.0	398.0
853.0	402.0
856.0	395.0
865.0	400.0
871.0	399.0
871.0	404.0
873.0	409.0
872.0	414.0
876.0	418.0
882.0	414.0
884.0	421.0
882.0	426.0
886.0	427.0
884.0	424.0
887.0	421.0
889.0	426.0
891.0	422.0
894.0	426.0
900.0	423.0
904.0	419.0
906.0	426.0
909.0	431.0
904.0	435.0
900.0	439.0
905.0	441.0
911.0	440.0
916.0	443.0
910.0	438.0
918.0	439.0
926.0	438.0
930.0	432.0
933.0	437.0
932.0	441.0
928.0	444.0
933.0	450.0
930.0	454.0
935.0	451.0
934.0	445.0
939.0	439.0
946.0	439.0
940.0	432.0
938.0	438.0
937.0	431.0
937.0	424.0
932.0	420.0
935.0	426.0
942.0	430.0
938.0	423.0
928.0	420.0
926.0	428.0
919.0	428.0
923.0	431.0
918.0	434.0
924.0	430.0
931.0	437.0
935.0	443.0
934.0	433.0
937.0	423.0
926.0	425.0
927.0	434.0
918.0	429.0
913.0	423.0
907.0	420.0
910.0	426.0
903.0	421.0
910.0	425.0
902.0	431.0
905.0	438.0
912.0	439.0
903.0	433.0
900.0	440.0
892.0	440.0
887.0	440.0
882.0	438.0
882.0	433.0
877.0	434.0
880.0	429.0
886.0	429.0
890.0	426.0
884.0	428.0
883.0	434.0
882.0	427.0
888.0	422.0
881.0	423.0
874.0	427.0
870.0	420.0
870.0	427.0
865.0	422.0
862.0	426.0
865.0	423.0
864.0	428.0
858.0	431.0
854.0	427.0
855.0	423.0
854.0	418.0
847.0	419.0
841.0	419.0
849.0	424.0
851.0	419.0
853.0	426.0
859.0	426.0
853.0	424.0
860.0	423.0
856.0	429.0
857.0	437.0
851.0	437.0
855.0	440.0
859.0	445.0
867.0	444.0
868.0	437.0
863.0	436.0
855.0	438.0
849.0	443.0
844.0	448.0
851.0	452.0
855.0	455.0
852.0	458.0
858.0	454.0
864.0	458.0
867.0	463.0
872.0	466.0
874.0	460.0
873.0	465.0
879.0	464.0
873.0	468.0
879.0	470.0
876.0	474.0
882.0	473.0
877.0	472.0
870.0	472.0
865.0	467.0
863.0	473.0
860.0	477.0
864.0	476.0
866.0	481.0
863.0	485.0
863.0	477.0
864.0	472.0
868.0	477.0
867.0	484.0
864.0	478.0
857.0	479.0
854.0	472.0
848.0	477.0
858.0	477.0
858.0	467.0
864.0	468.0
858.0	473.0
861.0	463.0
857.0	458.0
858.0	465.0
866.0	461.0
859.0	462.0
866.0	455.0
873.0	459.0
876.0	453.0
871.0	459.0
863.0	458.0
867.0	448.0
861.0	440.0
854.0	435.0
851.0	427.0
843.0	430.0
847.0	438.0
855.0	433.0
861.0	424.0
861.0	414.0
855.0	410.0
850.0	411.0
856.0	415.0
855.0	406.0
848.0	403.0
853.0	410.0
843.0	412.0
840.0	404.0
837.0	396.0
840.0	408.0
846.0	416.0
858.0	417.0
864.0	425.0
874.0	430.0
866.0	433.0
876.0	433.0
885.0	433.0
887.0	427.0
892.0	419.0
896.0	425.0
896.0	433.0
899.0	427.0
896.0	436.0
894.0	443.0
900.0	443.0
892.0	446.0
887.0	451.0
892.0	454.0
898.0	454.0
898.0	457.0
900.0	452.0
897.0	448.0
903.0	452.0
896.0	455.0
900.0	460.0
899.0	453.0
890.0	455.0
884.0	450.0
881.0	456.0
888.0	455.0
894.0	451.0
887.0	457.0
883.0	466.0
882.0	459.0
887.0	450.0
879.0	445.0
876.0	439.0
871.0	436.0
880.0	435.0
871.0	438.0
879.0	442.0
886.0	435.0
891.0	443.0
891.0	431.0
900.0	435.0
904.0	423.0
914.0	428.0
914.0	438.0
922.0	429.0
922.0	416.0
913.0	416.0
908.0	406.0
904.0	398.0
913.0	398.0
906.0	404.0
901.0	412.0
893.0	418.0
887.0	426.0
879.0	417.0
882.0	409.0
887.0	402.0
884.0	412.0
877.0	403.0
869.0	403.0
872.0	398.0
868.0	392.0
875.0	399.0
883.0	395.0
882.0	387.0
887.0	394.0
892.0	385.0
883.0	388.0
873.0	393.0
881.0	400.0
870.0	395.0
869.0	385.0
879.0	384.0
871.0	382.0
879.0	377.0
887.0	374.0
885.0	367.0
881.0	376.0
889.0	371.0
878.0	368.0
870.0	360.0
864.0	349.0
872.0	357.0
885.0	353.0
881.0	343.0
867.0	338.0
857.0	348.0
866.0	360.0
861.0	345.0
864.0	361.0
877.0	375.0
873.0	388.0
876.0	401.0
874.0	411.0
869.0	416.0
871.0	409.0
874.0	403.0
866.0	409.0
867.0	404.0
869.0	412.0
865.0	404.0
870.0	411.0
862.0	405.0
865.0	413.0
855.0	408.0
843.0	414.0
842.0	401.0
837.0	391.0
837.0	375.0
854.0	379.0
854.0	392.0
857.0	402.0
869.0	408.0
881.0	416.0
866.0	420.0
851.0	421.0
847.0	435.0
856.0	428.0
843.0	421.0
845.0	438.0
854.0	445.0
847.0	451.0
854.0	451.0
845.0	453.0
847.0	463.0
844.0	451.0
850.0	439.0
860.0	449.0
866.0	440.0
878.0	442.0
882.0	453.0
869.0	451.0
871.0	463.0
876.0	472.0
884.0	470.0
880.0	475.0
886.0	472.0
891.0	474.0
895.0	471.0
901.0	475.0
896.0	473.0
903.0	470.0
909.0	471.0
908.0	466.0
908.0	459.0
900.0	463.0
899.0	455.0
893.0	463.0
893.0	472.0
891.0	479.0
897.0	479.0
897.0	486.0
888.0	485.0
885.0	478.0
889.0	474.0
886.0	468.0
877.0	473.0
883.0	481.0
889.0	479.0
880.0	481.0
887.0	476.0
881.0	485.0
871.0	486.0
878.0	495.0
886.0	496.0
880.0	497.0
881.0	503.0
878.0	507.0
875.0	511.0
869.0	510.0
868.0	518.0
872.0	513.0
869.0	519.0
875.0	521.0
872.0	517.0
878.0	519.0
874.0	523.0
879.0	527.0
877.0	533.0
873.0	537.0
879.0	540.0
884.0	534.0
887.0	530.0
881.0	531.0
874.0	531.0
870.0	524.0
874.0	519.0
882.0	516.0
886.0	514.0
882.0	509.0
878.0	505.0
882.0	500.0
877.0	505.0
879.0	513.0
886.0	516.0
878.0	516.0
883.0	509.0
891.0	507.0
895.0	511.0
900.0	512.0
904.0	516.0
907.0	511.0
913.0	516.0
911.0	508.0
916.0	504.0
919.0	508.0
924.0	510.0
928.0	512.0
922.0	514.0
918.0	509.0
924.0	509.0
922.0	502.0
923.0	508.0
916.0	507.0
918.0	500.0
924.0	498.0
930.0	500.0
935.0	502.0
935.0	508.0
932.0	505.0
935.0	511.0
943.0	508.0
944.0	503.0
950.0	503.0
947.0	495.0
953.0	490.0
951.0	482.0
948.0	477.0
942.0	477.0
940.0	480.0
941.0	485.0
934.0	487.0
930.0	485.0
935.0	486.0
935.0	492.0
935.0	498.0
936.0	505.0
928.0	505.0
924.0	514.0
932.0	508.0
932.0	519.0
933.0	525.0
938.0	526.0
935.0	523.0
936.0	529.0
943.0	528.0
941.0	522.0
942.0	527.0
935.0	527.0
928.0	529.0
927.0	535.0
929.0	540.0
937.0	541.0
943.0	540.0
935.0	538.0
929.0	533.0
937.0	534.0
945.0	530.0
939.0	530.0
946.0	535.0
941.0	543.0
927.0	542.0
938.0	542.0
924.0	534.0
917.0	537.0
911.0	535.0
907.0	537.0
910.0	533.0
905.0	535.0
902.0	531.0
907.0	533.0
911.0	539.0
915.0	543.0
907.0	536.0
912.0	530.0
920.0	532.0
915.0	539.0
919.0	529.0
928.0	524.0
936.0	520.0
929.0	523.0
924.0	533.0
918.0	523.0
915.0	533.0
925.0	530.0
938.0	537.0
944.0	525.0
943.0	519.0
947.0	514.0
952.0	509.0
949.0	518.0
953.0	524.0
954.0	519.0
946.0	520.0
951.0	526.0
956.0	522.0
949.0	526.0
956.0	530.0
954.0	535.0
953.0	528.0
951.0	536.0
942.0	537.0
957.0	534.0
965.0	530.0
966.0	539.0
956.0	532.0
956.0	543.0
964.0	531.0
951.0	530.0
959.0	520.0
957.0	530.0
942.0	525.0
955.0	517.0
945.0	510.0
949.0	500.0
947.0	508.0
942.0	497.0
939.0	490.0
944.0	496.0
936.0	497.0
927.0	495.0
920.0	492.0
916.0	496.0
910.0	492.0
907.0	497.0
904.0	501.0
907.0	496.0
906.0	502.0
900.0	500.0
896.0	506.0
889.0	502.0
884.0	499.0
892.0	498.0
884.0	496.0
896.0	497.0
894.0	505.0
898.0	496.0
904.0	489.0
910.0	485.0
913.0	489.0
919.0	488.0
924.0	485.0
920.0	481.0
919.0	487.0
918.0	494.0
920.0	486.0
915.0	480.0
914.0	474.0
921.0	473.0
925.0	478.0
929.0	474.0
934.0	473.0
941.0	474.0
941.0	467.0
935.0	462.0
933.0	467.0
939.0	462.0
938.0	454.0
936.0	460.0
932.0	454.0
931.0	460.0
923.0	460.0
929.0	456.0
922.0	457.0
921.0	464.0
923.0	473.0
927.0	466.0
934.0	459.0
927.0	453.0
934.0	460.0
941.0	452.0
936.0	447.0
944.0	451.0
946.0	457.0
941.0	453.0
948.0	447.0
954.0	451.0
949.0	453.0
943.0	451.0
949.0	460.0
947.0	464.0
949.0	469.0
950.0	463.0
953.0	459.0
948.0	461.0
943.0	465.0
952.0	461.0
958.0	458.0
964.0	459.0
966.0	463.0
961.0	460.0
954.0	460.0
954.0	468.0
958.0	470.0
951.0	467.0
949.0	476.0
942.0	476.0
945.0	484.0
943.0	479.0
936.0	479.0
929.0	479.0
924.0	474.0
916.0	476.0
918.0	483.0
917.0	491.0
916.0	500.0
909.0	498.0
913.0	492.0
922.0	496.0
917.0	505.0
926.0	502.0
939.0	497.0
945.0	507.0
943.0	521.0
933.0	511.0
924.0	520.0
914.0	511.0
907.0	519.0
905.0	512.0
906.0	521.0
906.0	529.0
908.0	522.0
898.0	517.0
900.0	523.0
908.0	524.0
899.0	531.0
894.0	530.0
897.0	525.0
890.0	524.0
895.0	530.0
900.0	535.0
897.0	541.0
893.0	534.0
899.0	540.0
896.0	530.0
897.0	539.0
900.0	529.0
889.0	530.0
893.0	538.0
885.0	531.0
878.0	538.0
876.0	546.0
871.0	551.0
865.0	549.0
864.0	557.0
869.0	553.0
871.0	545.0
866.0	539.0
860.0	545.0
852.0	542.0
857.0	553.0
860.0	542.0
861.0	531.0
853.0	531.0
865.0	525.0
872.0	530.0
865.0	532.0
870.0	539.0
870.0	529.0
874.0	522.0
871.0	532.0
883.0	532.0
887.0	541.0
888.0	549.0
895.0	550.0
895.0	561.0
891.0	562.0
897.0	564.0
893.0	563.0
887.0	562.0
892.0	560.0
899.0	564.0
895.0	567.0
901.0	569.0
900.0	564.0
906.0	566.0
903.0	561.0
908.0	559.0
912.0	561.0
917.0	564.0
923.0	564.0
931.0	567.0
935.0	572.0
928.0	573.0
930.0	578.0
928.0	570.0
935.0	566.0
925.0	572.0
917.0	572.0
917.0	578.0
912.0	588.0
922.0	598.0
911.0	591.0
905.0	606.0
910.0	589.0
904.0	575.0
897.0	572.0
891.0	577.0
886.0	568.0
880.0	568.0
881.0	561.0
884.0	566.0
888.0	571.0
889.0	562.0
893.0	570.0
898.0	562.0
905.0	565.0
907.0	571.0
903.0	575.0
908.0	567.0
915.0	566.0
912.0	573.0
904.0	571.0
914.0	574.0
912.0	563.0
906.0	560.0
899.0	555.0
888.0	552.0
895.0	557.0
907.0	559.0
903.0	567.0
906.0	556.0
912.0	567.0
921.0	563.0
912.0	557.0
913.0	542.0
915.0	558.0
928.0	567.0
940.0	575.0
931.0	570.0
945.0	573.0
952.0	580.0
957.0	577.0
955.0	583.0
961.0	583.0
965.0	588.0
963.0	578.0
966.0	571.0
960.0	577.0
952.0	576.0
946.0	577.0
956.0	573.0
965.0	573.0
956.0	580.0
952.0	572.0
951.0	587.0
953.0	592.0
957.0	597.0
964.0	591.0
953.0	589.0
948.0	587.0
940.0	586.0
951.0	580.0
953.0	593.0
962.0	590.0
961.0	601.0
955.0	611.0
947.0	610.0
954.0	606.0
942.0	600.0
951.0	606.0
949.0	619.0
960.0	620.0
951.0	620.0
948.0	609.0
957.0	622.0
960.0	630.0
957.0	625.0
964.0	630.0
955.0	635.0
952.0	642.0
950.0	652.0
954.0	658.0
951.0	655.0
955.0	660.0
955.0	653.0
952.0	660.0
961.0	656.0
953.0	657.0
943.0	655.0
933.0	655.0
929.0	651.0
922.0	657.0
912.0	655.0
905.0	647.0
912.0	647.0
914.0	658.0
906.0	645.0
914.0	653.0
900.0	647.0
896.0	662.0
901.0	645.0
923.0	649.0
932.0	658.0
938.0	659.0
931.0	655.0
937.0	662.0
946.0	662.0
935.0	660.0
933.0	671.0
933.0	662.0
927.0	674.0
935.0	676.0
941.0	670.0
950.0	676.0
946.0	672.0
949.0	680.0
951.0	672.0
961.0	670.0
960.0	659.0
961.0	672.0
962.0	684.0
950.0	691.0
953.0	701.0
946.0	694.0
947.0	683.0
936.0	682.0
930.0	688.0
925.0	690.0
933.0	689.0
931.0	683.0
926.0	676.0
934.0	685.0
931.0	693.0
936.0	698.0
928.0	694.0
922.0	698.0
917.0	688.0
928.0	680.0
933.0	694.0
937.0	706.0
938.0	696.0
929.0	687.0
931.0	670.0
931.0	651.0
949.0	645.0
950.0	632.0
961.0	629.0
950.0	634.0
962.0	628.0
950.0	637.0
960.0	625.0
952.0	641.0
957.0	656.0
964.0	641.0
962.0	623.0
940.0	635.0
931.0	618.0
939.0	609.0
930.0	619.0
924.0	607.0
920.0	591.0
933.0	600.0
930.0	616.0
908.0	616.0
931.0	623.0
908.0	614.0
931.0	601.0
921.0	619.0
927.0	645.0
905.0	657.0
892.0	672.0
892.0	689.0
888.0	701.0
885.0	714.0
906.0	715.0
904.0	725.0
914.0	725.0
914.0	735.0
911.0	742.0
910.0	735.0
918.0	734.0
915.0	743.0
921.0	737.0
914.0	729.0
913.0	716.0
908.0	706.0
898.0	697.0
891.0	688.0
889.0	704.0
904.0	696.0
889.0	700.0
911.0	708.0
926.0	708.0
932.0	715.0
938.0	713.0
931.0	719.0
932.0	725.0
931.0	718.0
935.0	711.0
926.0	718.0
927.0	710.0
931.0	721.0
922.0	718.0
914.0	726.0
928.0	722.0
943.0	721.0
949.0	716.0
953.0	723.0
946.0	721.0
954.0	724.0
951.0	716.0
959.0	716.0
964.0	720.0
958.0	726.0
955.0	735.0
964.0	739.0
959.0	731.0
954.0	723.0
965.0	723.0
954.0	716.0
945.0	719.0
956.0	711.0
964.0	713.0
953.0	711.0
945.0	704.0
949.0	691.0
950.0	706.0
965.0	708.0
965.0	699.0
952.0	702.0
957.0	688.0
953.0	704.0
965.0	716.0
965.0	700.0
949.0	683.0
961.0	694.0
950.0	673.0
955.0	656.0
948.0	674.0
934.0	659.0
954.0	675.0
930.0	680.0
908.0	680.0
922.0	694.0
930.0	707.0
914.0	715.0
905.0	731.0
908.0	723.0
916.0	736.0
925.0	742.0
914.0	748.0
905.0	746.0
899.0	746.0
894.0	743.0
895.0	739.0
895.0	745.0
901.0	743.0
896.0	740.0
900.0	747.0
894.0	752.0
890.0	757.0
899.0	757.0
903.0	759.0
905.0	766.0
899.0	766.0
893.0	766.0
900.0	767.0
894.0	769.0
901.0	766.0
909.0	766.0
915.0	766.0
919.0	770.0
918.0	776.0
913.0	776.0
912.0	771.0
913.0	765.0
914.0	758.0
914.0	764.0
914.0	756.0
912.0	766.0
916.0	758.0
910.0	748.0
899.0	748.0
899.0	739.0
897.0	732.0
906.0	735.0
898.0	742.0
901.0	733.0
890.0	734.0
892.0	746.0
901.0	754.0
890.0	753.0
902.0	757.0
896.0	768.0
891.0	775.0
899.0	780.0
910.0	781.0
917.0	781.0
919.0	785.0
923.0	782.0
921.0	775.0
915.0	776.0
920.0	781.0
914.0	778.0
914.0	770.0
906.0	769.0
916.0	766.0
917.0	777.0
924.0	779.0
914.0	777.0
921.0	783.0
926.0	790.0
918.0	792.0
915.0	785.0
911.0	774.0
899.0	776.0
884.0	771.0
899.0	778.0
914.0	787.0
918.0	799.0
913.0	787.0
927.0	793.0
936.0	798.0
940.0	805.0
946.0	808.0
946.0	815.0
938.0	819.0
932.0	819.0
931.0	813.0
935.0	817.0
929.0	820.0
922.0	816.0
930.0	815.0
923.0	818.0
917.0	824.0
925.0	813.0
921.0	803.0
937.0	804.0
934.0	812.0
928.0	812.0
938.0	805.0
946.0	802.0
953.0	802.0
952.0	807.0
955.0	813.0
955.0	808.0
958.0	804.0
958.0	811.0
954.0	808.0
959.0	811.0
950.0	815.0
942.0	812.0
934.0	817.0
942.0	815.0
936.0	824.0
939.0	834.0
940.0	843.0
936.0	832.0
941.0	823.0
936.0	809.0
949.0	805.0
950.0	797.0
943.0	800.0
942.0	788.0
935.0	782.0
928.0	790.0
916.0	787.0
907.0	774.0
916.0	760.0
927.0	768.0
934.0	764.0
939.0	756.0
940.0	745.0
940.0	754.0
930.0	759.0
931.0	771.0
941.0	775.0
950.0	779.0
956.0	785.0
952.0	789.0
958.0	786.0
959.0	781.0
963.0	787.0
956.0	790.0
951.0	788.0
960.0	786.0
957.0	793.0
959.0	790.0
962.0	785.0
959.0	775.0
960.0	767.0
966.0	761.0
960.0	774.0
951.0	779.0
960.0	779.0
962.0	791.0
964.0	800.0
959.0	794.0
954.0	798.0
960.0	795.0
959.0	806.0
952.0	799.0
960.0	792.0
949.0	799.0
948.0	789.0
937.0	787.0
945.0	776.0
936.0	769.0
922.0	765.0
939.0	759.0
940.0	744.0
930.0	742.0
945.0	740.0
955.0	745.0
966.0	740.0
961.0	752.0
957.0	767.0
947.0	756.0
965.0	758.0
964.0	738.0
953.0	724.0
944.0	736.0
938.0	724.0
934.0	708.0
937.0	724.0
926.0	740.0
918.0	755.0
932.0	765.0
934.0	746.0
929.0	725.0
941.0	749.0
919.0	757.0
926.0	737.0
930.0	714.0
934.0	739.0
907.0	742.0
898.0	754.0
904.0	741.0
885.0	743.0
900.0	730.0
891.0	756.0
901.0	770.0
916.0	783.0
932.0	791.0
925.0	774.0
947.0	778.0
957.0	770.0
941.0	785.0
956.0	796.0
949.0	809.0
957.0	799.0
958.0	815.0
954.0	835.0
950.0	851.0
953.0	836.0
949.0	852.0
961.0	865.0
952.0	875.0
951.0	881.0
955.0	881.0
959.0	883.0
959.0	877.0
960.0	871.0
961.0	880.0
954.0	881.0
949.0	879.0
953.0	884.0
948.0	888.0
951.0	878.0
959.0	879.0
947.0	879.0
955.0	879.0
948.0	870.0
940.0	880.0
933.0	888.0
932.0	896.0
935.0	893.0
930.0	898.0
936.0	896.0
930.0	899.0
937.0	899.0
937.0	905.0
936.0	895.0
929.0	901.0
931.0	890.0
934.0	902.0
927.0	885.0
914.0	887.0
910.0	876.0
907.0	886.0
906.0	873.0
918.0	890.0
910.0	903.0
900.0	904.0
914.0	890.0
927.0	898.0
940.0	883.0
952.0	882.0
943.0	876.0
933.0	865.0
939.0	843.0
953.0	837.0
935.0	825.0
936.0	810.0
956.0	809.0
940.0	827.0
933.0	841.0
911.0	849.0
929.0	838.0
918.0	820.0
903.0	823.0
906.0	838.0
900.0	821.0
909.0	847.0
917.0	872.0
938.0	879.0
934.0	899.0
950.0	888.0
966.0	885.0
944.0	886.0
934.0	904.0
953.0	909.0
960.0	919.0
955.0	922.0
960.0	918.0
951.0	918.0
947.0	910.0
953.0	922.0
960.0	928.0
966.0	926.0
963.0	935.0
964.0	927.0
956.0	923.0
958.0	932.0
965.0	929.0
964.0	918.0
954.0	932.0
944.0	930.0
947.0	923.0
938.0	924.0
934.0	923.0
931.0	928.0
928.0	933.0
930.0	924.0
939.0	929.0
933.0	929.0
939.0	925.0
941.0	920.0
932.0	924.0
942.0	926.0
932.0	935.0
942.0	925.0
957.0	929.0
955.0	940.0
942.0	924.0
956.0	934.0
936.0	926.0
954.0	937.0
935.0	924.0
911.0	922.0
927.0	939.0
961.0	922.0
939.0	900.0
909.0	903.0
908.0	879.0
907.0	905.0
926.0	884.0
908.0	906.0
934.0	934.0
907.0	902.0
925.0	860.0
948.0	874.0
943.0	841.0
918.0	822.0
938.0	812.0
961.0	807.0
950.0	777.0
941.0	796.0
957.0	812.0
921.0	800.0
921.0	771.0
896.0	760.0
893.0	739.0
903.0	758.0
925.0	786.0
931.0	817.0
903.0	800.0
891.0	766.0
923.0	794.0
905.0	826.0
902.0	878.0
907.0	825.0
909.0	880.0
948.0	847.0
909.0	848.0
901.0	905.0
962.0	936.0
961.0	877.0
935.0	837.0
951.0	785.0
954.0	737.0
961.0	716.0
966.0	739.0
957.0	707.0
932.0	693.0
952.0	670.0
927.0	681.0
903.0	697.0
902.0	671.0
914.0	644.0
931.0	616.0
940.0	592.0
954.0	596.0
954.0	609.0
958.0	587.0
963.0	572.0
967.0	559.0
965.0	566.0
964.0	583.0
967.0	565.0
968.0	547.0
966.0	565.0
966.0	588.0
941.0	594.0
952.0	608.0
952.0	636.0
964.0	668.0
965.0	706.0
955.0	741.0
939.0	773.0
956.0	737.0
911.0	745.0
942.0	722.0
962.0	680.0
923.0	707.0
899.0	735.0
893.0	689.0
890.0	724.0
933.0	696.0
962.0	655.0
908.0	642.0
876.0	655.0
932.0	661.0
911.0	700.0
960.0	726.0
894.0	688.0
906.0	613.0
928.0	590.0
919.0	572.0
933.0	575.0
950.0	588.0
966.0	561.0
965.0	533.0
965.0	555.0
965.0	522.0
948.0	507.0
939.0	493.0
950.0	493.0
940.0	499.0
926.0	493.0
934.0	489.0
934.0	480.0
932.0	488.0
924.0	486.0
933.0	485.0
942.0	478.0
949.0	485.0
944.0	477.0
952.0	471.0
949.0	481.0
952.0	469.0
953.0	457.0
949.0	464.0
953.0	452.0
945.0	455.0
958.0	454.0
966.0	453.0
962.0	459.0
960.0	451.0
951.0	450.0
955.0	464.0
966.0	459.0
965.0	450.0
965.0	438.0
959.0	429.0
965.0	434.0
956.0	427.0
948.0	428.0
946.0	436.0
934.0	435.0
946.0	435.0
957.0	430.0
949.0	423.0
950.0	412.0
943.0	407.0
935.0	406.0
929.0	409.0
926.0	404.0
919.0	405.0
913.0	408.0
924.0	403.0
918.0	406.0
927.0	411.0
930.0	403.0
939.0	401.0
945.0	411.0
934.0	409.0
928.0	401.0
937.0	409.0
926.0	412.0
915.0	412.0
911.0	425.0
907.0	439.0
897.0	429.0
897.0	415.0
893.0	402.0
905.0	394.0
913.0	404.0
907.0	391.0
902.0	377.0
898.0	388.0
902.0	400.0
919.0	402.0
901.0	409.0
881.0	411.0
898.0	401.0
899.0	420.0
890.0	439.0
899.0	452.0
900.0	465.0
900.0	474.0
905.0	468.0
911.0	461.0
917.0	455.0
922.0	450.0
915.0	452.0
907.0	454.0
915.0	448.0
905.0	449.0
892.0	443.0
889.0	462.0
898.0	474.0
889.0	480.0
888.0	468.0
873.0	466.0
882.0	476.0
868.0	482.0
859.0	478.0
849.0	483.0
850.0	497.0
852.0	479.0
863.0	469.0
875.0	478.0
888.0	483.0
873.0	481.0
868.0	461.0
878.0	448.0
864.0	445.0
874.0	432.0
884.0	445.0
867.0	438.0
850.0	451.0
845.0	433.0
856.0	457.0
875.0	458.0
885.0	438.0
868.0	420.0
873.0	443.0
852.0	460.0
877.0	461.0
904.0	461.0
916.0	466.0
908.0	474.0
915.0	476.0
908.0	482.0
908.0	488.0
910.0	479.0
902.0	479.0
904.0	471.0
898.0	485.0
911.0	481.0
905.0	472.0
912.0	486.0
901.0	493.0
910.0	486.0
903.0	498.0
890.0	498.0
878.0	502.0
883.0	512.0
872.0	509.0
884.0	518.0
877.0	509.0
879.0	523.0
866.0	526.0
861.0	514.0
858.0	501.0
867.0	487.0
849.0	487.0
869.0	481.0
846.0	474.0
860.0	499.0
854.0	517.0
865.0	535.0
853.0	541.0
864.0	555.0
873.0	550.0
868.0	557.0
878.0	553.0
877.0	546.0
879.0	556.0
876.0	548.0
867.0	555.0
879.0	562.0
870.0	564.0
861.0	570.0
860.0	556.0
862.0	572.0
877.0	569.0
889.0	571.0
890.0	560.0
879.0	557.0
883.0	546.0
876.0	532.0
890.0	540.0
902.0	534.0
896.0	520.0
903.0	519.0
894.0	525.0
896.0	514.0
887.0	513.0
897.0	515.0
911.0	521.0
923.0	533.0
928.0	550.0
909.0	535.0
905.0	559.0
911.0	542.0
929.0	521.0
949.0	522.0
965.0	504.0
963.0	527.0
939.0	509.0
927.0	490.0
931.0	476.0
926.0	486.0
925.0	471.0
915.0	459.0
927.0	455.0
914.0	456.0
921.0	470.0
906.0	478.0
887.0	471.0
885.0	500.0
897.0	485.0
896.0	463.0
921.0	481.0
928.0	500.0
910.0	502.0
901.0	511.0
912.0	505.0
894.0	509.0
910.0	500.0
888.0	507.0
906.0	493.0
929.0	481.0
909.0	476.0
925.0	454.0
912.0	450.0
919.0	430.0
935.0	438.0
924.0	449.0
914.0	435.0
935.0	440.0
954.0	449.0
942.0	461.0
932.0	446.0
955.0	452.0
962.0	467.0
966.0	477.0
963.0	463.0
965.0	475.0
949.0	482.0
965.0	487.0
949.0	483.0
966.0	492.0
966.0	468.0
942.0	473.0
937.0	453.0
958.0	468.0
965.0	442.0
957.0	424.0
966.0	431.0
951.0	425.0
946.0	411.0
934.0	417.0
939.0	430.0
958.0	430.0
967.0	418.0
951.0	419.0
967.0	415.0
965.0	398.0
968.0	408.0
967.0	390.0
967.0	400.0
968.0	384.0
967.0	370.0
967.0	384.0
957.0	364.0
947.0	349.0
934.0	344.0
946.0	337.0
934.0	345.0
947.0	335.0
966.0	331.0
967.0	346.0
950.0	350.0
967.0	334.0
967.0	313.0
928.0	331.0
913.0	347.0
923.0	340.0
912.0	348.0
896.0	360.0
892.0	375.0
879.0	380.0
887.0	390.0
902.0	379.0
884.0	390.0
866.0	402.0
844.0	404.0
850.0	386.0
850.0	400.0
860.0	389.0
858.0	409.0
839.0	393.0
859.0	382.0
857.0	362.0
876.0	352.0
865.0	339.0
886.0	354.0
884.0	372.0
870.0	377.0
889.0	367.0
875.0	378.0
885.0	357.0
891.0	380.0
893.0	414.0
908.0	387.0
934.0	407.0
927.0	420.0
945.0	408.0
925.0	398.0
947.0	420.0
965.0	436.0
937.0	419.0
919.0	442.0
902.0	417.0
877.0	423.0
841.0	410.0
835.0	375.0
843.0	401.0
836.0	361.0
854.0	386.0
894.0	376.0
882.0	344.0
869.0	365.0
899.0	357.0
870.0	335.0
830.0	333.0
823.0	301.0
819.0	282.0
815.0	265.0
820.0	286.0
828.0	312.0
816.0	270.0
805.0	243.0
801.0	225.0
787.0	218.0
783.0	191.0
770.0	171.0
780.0	187.0
793.0	214.0
806.0	241.0
793.0	216.0
808.0	249.0
796.0	218.0
773.0	176.0
759.0	155.0
751.0	142.0
758.0	152.0
744.0	138.0
728.0	117.0
743.0	133.0
723.0	111.0
744.0	140.0
763.0	163.0
781.0	191.0
755.0	150.0
778.0	188.0
735.0	126.0
701.0	88.0
682.0	119.0
677.0	72.0
649.0	53.0
632.0	87.0
598.0	73.0
579.0	50.0
560.0	53.0
569.0	25.0
589.0	33.0
577.0	26.0
577.0	45.0
592.0	29.0
570.0	22.0
577.0	47.0
566.0	24.0
557.0	51.0
596.0	43.0
571.0	43.0
593.0	71.0
588.0	39.0
557.0	24.0
519.0	16.0
539.0	18.0
502.0	25.0
492.0	8.0
508.0	13.0
499.0	38.0
475.0	24.0
488.0	22.0
484.0	9.0
484.0	25.0
479.0	11.0
470.0	22.0
484.0	34.0
471.0	10.0
447.0	13.0
471.0	27.0
443.0	22.0
441.0	47.0
420.0	13.0
388.0	24.0
366.0	24.0
387.0	21.0
411.0	13.0
449.0	24.0
480.0	9.0
433.0	8.0
382.0	23.0
352.0	29.0
351.0	47.0
328.0	41.0
296.0	60.0
335.0	35.0
365.0	64.0
367.0	22.0
395.0	16.0
440.0	44.0
380.0	45.0
430.0	80.0
453.0	142.0
428.0	90.0
476.0	23.0
533.0	15.0
476.0	22.0
545.0	21.0
600.0	30.0
591.0	73.0
597.0	33.0
650.0	54.0
683.0	74.0
719.0	104.0
760.0	160.0
802.0	233.0
770.0	172.0
817.0	269.0
831.0	318.0
868.0	335.0
912.0	352.0
887.0	358.0
853.0	382.0
868.0	332.0
915.0	351.0
966.0	360.0
968.0	332.0
935.0	343.0
967.0	327.0
921.0	340.0
966.0	361.0
967.0	325.0
966.0	381.0
952.0	347.0
965.0	392.0
925.0	406.0
967.0	414.0
966.0	455.0
949.0	490.0
940.0	517.0
965.0	502.0
925.0	512.0
894.0	515.0
913.0	508.0
886.0	526.0
866.0	517.0
883.0	504.0
858.0	515.0
866.0	541.0
863.0	559.0
882.0	563.0
883.0	548.0
884.0	530.0
858.0	530.0
863.0	504.0
855.0	540.0
883.0	538.0
884.0	565.0
871.0	571.0
889.0	578.0
898.0	567.0
897.0	587.0
905.0	573.0
888.0	568.0
891.0	544.0
917.0	557.0
931.0	540.0
920.0	576.0
901.0	572.0
884.0	552.0
915.0	560.0
949.0	572.0
966.0	547.0
949.0	590.0
968.0	556.0
916.0	575.0
899.0	602.0
932.0	573.0
932.0	525.0
929.0	473.0
965.0	456.0
917.0	452.0
889.0	419.0
844.0	434.0
890.0	436.0
862.0	475.0
902.0	499.0
851.0	485.0
892.0	519.0
861.0	568.0
896.0	589.0
858.0	567.0
852.0	516.0
851.0	447.0
836.0	367.0
916.0	344.0
926.0	416.0
968.0	375.0
945.0	433.0
950.0	484.0
966.0	403.0
961.0	324.0
834.0	350.0
811.0	259.0
753.0	146.0
668.0	61.0
621.0	85.0
628.0	44.0
627.0	89.0
673.0	71.0
727.0	116.0
802.0	228.0
714.0	101.0
607.0	31.0
535.0	16.0
613.0	70.0
510.0	45.0
420.0	104.0
342.0	99.0
312.0	106.0
334.0	129.0
374.0	124.0
311.0	119.0
324.0	82.0
356.0	45.0
348.0	112.0
346.0	38.0
329.0	118.0
273.0	77.0
229.0	123.0
277.0	150.0
321.0	93.0
359.0	35.0
262.0	88.0
343.0	113.0
256.0	158.0
207.0	200.0
151.0	248.0
213.0	195.0
286.0	146.0
203.0	229.0
184.0	324.0
154.0	253.0
203.0	162.0
303.0	53.0
448.0	142.0
551.0	178.0
583.0	236.0
510.0	166.0
414.0	109.0
528.0	185.0
606.0	295.0
545.0	399.0
512.0	422.0
502.0	447.0
468.0	449.0
415.0	426.0
503.0	404.0
531.0	447.0
532.0	398.0
557.0	439.0
507.0	475.0
514.0	398.0
474.0	449.0
387.0	426.0
518.0	421.0
622.0	415.0
632.0	472.0
612.0	404.0
549.0	439.0
633.0	462.0
603.0	538.0
602.0	572.0
610.0	533.0
570.0	580.0
594.0	535.0
625.0	463.0
575.0	556.0
544.0	651.0
593.0	687.0
536.0	723.0
507.0	752.0
526.0	767.0
526.0	797.0
505.0	754.0
481.0	773.0
522.0	770.0
487.0	762.0
522.0	799.0
471.0	783.0
436.0	818.0
434.0	789.0
409.0	809.0
430.0	802.0
459.0	779.0
401.0	804.0
375.0	814.0
350.0	818.0
390.0	812.0
425.0	806.0
364.0	818.0
365.0	860.0
371.0	866.0
369.0	869.0
367.0	872.0
369.0	867.0
372.0	862.0
371.0	869.0
368.0	864.0
366.0	855.0
370.0	871.0
366.0	878.0
365.0	884.0
368.0	873.0
365.0	883.0
372.0	869.0
379.0	865.0
384.0	863.0
386.0	869.0
389.0	873.0
394.0	876.0
401.0	877.0
393.0	875.0
395.0	868.0
388.0	870.0
382.0	866.0
376.0	865.0
385.0	868.0
378.0	867.0
369.0	874.0
382.0	864.0
390.0	873.0
386.0	864.0
396.0	875.0
391.0	868.0
378.0	864.0
391.0	880.0
402.0	872.0
390.0	871.0
398.0	889.0
406.0	876.0
414.0	883.0
419.0	882.0
420.0	887.0
417.0	884.0
414.0	889.0
420.0	888.0
414.0	890.0
408.0	893.0
403.0	882.0
416.0	883.0
410.0	885.0
421.0	884.0
426.0	883.0
428.0	888.0
424.0	883.0
430.0	886.0
432.0	880.0
435.0	885.0
428.0	884.0
430.0	877.0
436.0	884.0
428.0	881.0
427.0	873.0
417.0	875.0
427.0	876.0
432.0	888.0
438.0	892.0
443.0	890.0
449.0	894.0
454.0	898.0
454.0	892.0
458.0	902.0
451.0	899.0
450.0	907.0
453.0	911.0
452.0	916.0
447.0	910.0
456.0	910.0
452.0	914.0
446.0	908.0
446.0	898.0
437.0	899.0
434.0	893.0
434.0	887.0
444.0	888.0
436.0	893.0
443.0	901.0
435.0	894.0
447.0	891.0
436.0	890.0
445.0	900.0
449.0	910.0
459.0	906.0
458.0	913.0
466.0	912.0
474.0	912.0
478.0	906.0
482.0	911.0
485.0	915.0
487.0	910.0
491.0	908.0
496.0	909.0
498.0	903.0
501.0	913.0
496.0	914.0
493.0	918.0
491.0	912.0
486.0	908.0
490.0	913.0
492.0	920.0
488.0	914.0
495.0	910.0
502.0	908.0
500.0	915.0
502.0	921.0
497.0	921.0
498.0	927.0
493.0	927.0
491.0	919.0
482.0	915.0
481.0	921.0
483.0	928.0
495.0	931.0
502.0	927.0
506.0	923.0
501.0	922.0
497.0	917.0
500.0	925.0
498.0	933.0
504.0	924.0
496.0	924.0
498.0	912.0
489.0	910.0
483.0	902.0
473.0	908.0
464.0	909.0
459.0	903.0
450.0	908.0
462.0	912.0
470.0	904.0
483.0	906.0
478.0	915.0
472.0	919.0
469.0	909.0
478.0	919.0
486.0	914.0
499.0	916.0
510.0	920.0
514.0	924.0
518.0	922.0
515.0	927.0
521.0	927.0
521.0	918.0
523.0	913.0
524.0	909.0
529.0	909.0
524.0	911.0
529.0	911.0
525.0	913.0
530.0	912.0
533.0	916.0
528.0	913.0
522.0	914.0
527.0	917.0
527.0	924.0
530.0	932.0
535.0	942.0
520.0	938.0
512.0	929.0
515.0	936.0
515.0	947.0
508.0	929.0
510.0	921.0
512.0	926.0
519.0	922.0
524.0	917.0
531.0	915.0
533.0	922.0
537.0	916.0
540.0	922.0
543.0	916.0
539.0	918.0
545.0	916.0
543.0	910.0
543.0	905.0
546.0	908.0
540.0	906.0
544.0	909.0
551.0	909.0
546.0	912.0
539.0	914.0
545.0	919.0
536.0	917.0
538.0	926.0
529.0	919.0
517.0	918.0
511.0	917.0
507.0	913.0
511.0	908.0
516.0	906.0
521.0	907.0
518.0	910.0
522.0	908.0
518.0	913.0
515.0	907.0
521.0	903.0
523.0	909.0
521.0	900.0
530.0	898.0
539.0	897.0
537.0	905.0
544.0	904.0
542.0	898.0
550.0	901.0
547.0	906.0
539.0	907.0
530.0	907.0
519.0	908.0
510.0	912.0
513.0	919.0
513.0	911.0
514.0	921.0
513.0	931.0
500.0	932.0
484.0	930.0
480.0	910.0
479.0	897.0
502.0	903.0
503.0	919.0
514.0	915.0
519.0	906.0
524.0	894.0
540.0	902.0
549.0	896.0
544.0	899.0
552.0	905.0
552.0	897.0
559.0	900.0
555.0	905.0
560.0	901.0
563.0	907.0
568.0	908.0
572.0	903.0
565.0	905.0
562.0	899.0
569.0	901.0
568.0	893.0
564.0	888.0
558.0	889.0
554.0	894.0
561.0	897.0
555.0	901.0
559.0	893.0
567.0	895.0
574.0	890.0
571.0	886.0
569.0	892.0
574.0	886.0
579.0	884.0
579.0	890.0
584.0	885.0
585.0	879.0
582.0	883.0
578.0	889.0
572.0	886.0
571.0	895.0
576.0	903.0
568.0	907.0
577.0	905.0
585.0	903.0
580.0	910.0
581.0	916.0
579.0	909.0
571.0	904.0
580.0	912.0
581.0	920.0
586.0	910.0
593.0	916.0
598.0	926.0
611.0	915.0
618.0	901.0
626.0	894.0
632.0	890.0
628.0	884.0
620.0	886.0
617.0	891.0
611.0	889.0
615.0	885.0
618.0	879.0
617.0	885.0
617.0	878.0
620.0	872.0
617.0	868.0
618.0	874.0
610.0	873.0
603.0	877.0
599.0	875.0
595.0	874.0
588.0	875.0
590.0	883.0
586.0	879.0
585.0	872.0
594.0	880.0
597.0	873.0
604.0	872.0
604.0	879.0
610.0	879.0
602.0	878.0
597.0	883.0
603.0	885.0
598.0	886.0
603.0	888.0
602.0	894.0
607.0	895.0
601.0	894.0
602.0	889.0
605.0	894.0
598.0	896.0
599.0	889.0
606.0	888.0
597.0	889.0
590.0	891.0
597.0	891.0
590.0	895.0
581.0	893.0
573.0	885.0
582.0	881.0
573.0	881.0
562.0	883.0
560.0	889.0
559.0	881.0
565.0	880.0
562.0	890.0
564.0	881.0
553.0	882.0
551.0	891.0
555.0	882.0
541.0	886.0
553.0	896.0
555.0	908.0
563.0	908.0
572.0	913.0
583.0	918.0
596.0	922.0
581.0	913.0
595.0	909.0
590.0	898.0
599.0	904.0
589.0	904.0
603.0	903.0
596.0	908.0
596.0	893.0
593.0	883.0
601.0	876.0
608.0	886.0
599.0	888.0
610.0	885.0
602.0	877.0
613.0	886.0
609.0	877.0
618.0	871.0
626.0	870.0
628.0	877.0
628.0	868.0
621.0	865.0
629.0	861.0
638.0	867.0
636.0	875.0
642.0	880.0
647.0	884.0
653.0	883.0
650.0	874.0
646.0	882.0
649.0	876.0
643.0	882.0
649.0	879.0
643.0	888.0
635.0	891.0
641.0	888.0
648.0	882.0
652.0	894.0
655.0	901.0
656.0	905.0
657.0	910.0
662.0	908.0
659.0	916.0
660.0	922.0
654.0	921.0
653.0	926.0
656.0	933.0
649.0	936.0
643.0	940.0
642.0	950.0
650.0	941.0
658.0	938.0
661.0	944.0
665.0	940.0
662.0	935.0
660.0	941.0
653.0	938.0
661.0	931.0
668.0	933.0
666.0	930.0
671.0	930.0
671.0	936.0
673.0	941.0
669.0	947.0
671.0	951.0
674.0	955.0
672.0	951.0
676.0	956.0
680.0	962.0
674.0	963.0
677.0	958.0
674.0	965.0
671.0	959.0
668.0	953.0
671.0	946.0
665.0	944.0
661.0	938.0
669.0	934.0
677.0	932.0
667.0	933.0
670.0	944.0
666.0	935.0
668.0	946.0
657.0	944.0
645.0	939.0
642.0	953.0
659.0	959.0
649.0	959.0
640.0	971.0
648.0	956.0
649.0	939.0
636.0	931.0
644.0	926.0
634.0	924.0
629.0	932.0
634.0	919.0
633.0	910.0
627.0	911.0
629.0	901.0
635.0	906.0
639.0	908.0
639.0	913.0
644.0	912.0
649.0	915.0
645.0	920.0
638.0	926.0
625.0	925.0
624.0	944.0
595.0	948.0
571.0	922.0
557.0	920.0
563.0	927.0
554.0	933.0
543.0	929.0
556.0	928.0
552.0	916.0
559.0	911.0
569.0	917.0
582.0	911.0
577.0	893.0
587.0	881.0
599.0	873.0
594.0	890.0
595.0	903.0
609.0	890.0
621.0	889.0
632.0	891.0
635.0	898.0
634.0	905.0
637.0	898.0
631.0	900.0
622.0	895.0
632.0	886.0
623.0	881.0
626.0	871.0
617.0	874.0
619.0	887.0
607.0	897.0
593.0	896.0
577.0	895.0
561.0	904.0
571.0	916.0
554.0	909.0
544.0	917.0
530.0	916.0
523.0	902.0
511.0	914.0
523.0	919.0
534.0	905.0
551.0	897.0
557.0	910.0
541.0	898.0
522.0	897.0
543.0	914.0
560.0	910.0
548.0	929.0
547.0	945.0
549.0	924.0
530.0	935.0
507.0	936.0
532.0	941.0
554.0	921.0
538.0	903.0
557.0	886.0
540.0	885.0
569.0	888.0
581.0	875.0
566.0	892.0
590.0	884.0
614.0	879.0
621.0	863.0
605.0	863.0
630.0	866.0
634.0	877.0
644.0	873.0
642.0	863.0
641.0	876.0
635.0	889.0
642.0	899.0
643.0	905.0
641.0	911.0
643.0	904.0
643.0	897.0
638.0	903.0
631.0	898.0
635.0	910.0
624.0	911.0
632.0	925.0
637.0	908.0
649.0	910.0
642.0	913.0
649.0	903.0
648.0	897.0
654.0	895.0
658.0	900.0
653.0	904.0
649.0	899.0
653.0	906.0
660.0	909.0
655.0	902.0
646.0	902.0
659.0	905.0
656.0	914.0
661.0	920.0
669.0	921.0
658.0	925.0
649.0	921.0
642.0	915.0
656.0	911.0
655.0	922.0
658.0	909.0
660.0	897.0
655.0	916.0
652.0	901.0
655.0	885.0
638.0	894.0
643.0	910.0
660.0	918.0
673.0	926.0
677.0	913.0
653.0	919.0
674.0	916.0
654.0	898.0
631.0	906.0
614.0	915.0
601.0	896.0
582.0	885.0
547.0	884.0
560.0	925.0
594.0	923.0
616.0	902.0
619.0	873.0
636.0	871.0
622.0	869.0
601.0	874.0
630.0	863.0
644.0	878.0
645.0	898.0
617.0	894.0
617.0	861.0
639.0	889.0
649.0	861.0
647.0	918.0
660.0	893.0
669.0	930.0
665.0	946.0
668.0	934.0
655.0	925.0
670.0	948.0
668.0	958.0
675.0	964.0
672.0	957.0
677.0	968.0
677.0	974.0
672.0	971.0
665.0	968.0
674.0	973.0
665.0	970.0
669.0	982.0
672.0	991.0
679.0	989.0
673.0	989.0
681.0	994.0
677.0	993.0
681.0	998.0
676.0	998.0
683.0	996.0
682.0	992.0
686.0	997.0
690.0	1000.0
694.0	995.0
685.0	993.0
688.0	998.0
682.0	993.0
678.0	1000.0
685.0	1001.0
682.0	1008.0
676.0	1015.0
678.0	1022.0
677.0	1029.0
685.0	1026.0
692.0	1022.0
696.0	1025.0
693.0	1020.0
698.0	1019.0
701.0	1016.0
702.0	1021.0
706.0	1023.0
700.0	1023.0
704.0	1028.0
703.0	1032.0
702.0	1035.0
699.0	1038.0
698.0	1033.0
701.0	1031.0
700.0	1035.0
700.0	1040.0
701.0	1033.0
705.0	1030.0
699.0	1030.0
703.0	1025.0
701.0	1018.0
695.0	1021.0
691.0	1026.0
691.0	1019.0
685.0	1020.0
677.0	1023.0
687.0	1023.0
677.0	1022.0
671.0	1013.0
677.0	1004.0
687.0	1001.0
679.0	998.0
685.0	988.0
686.0	994.0
684.0	984.0
686.0	978.0
679.0	978.0
686.0	982.0
684.0	974.0
687.0	981.0
689.0	993.0
682.0	982.0
671.0	987.0
683.0	984.0
678.0	971.0
685.0	967.0
677.0	957.0
679.0	969.0
683.0	985.0
669.0	987.0
679.0	976.0
670.0	990.0
662.0	973.0
648.0	975.0
663.0	979.0
662.0	959.0
677.0	966.0
677.0	945.0
659.0	954.0
679.0	949.0
685.0	968.0
679.0	996.0
672.0	1009.0
676.0	1021.0
667.0	1014.0
666.0	1031.0
686.0	1038.0
682.0	1045.0
684.0	1051.0
689.0	1046.0
684.0	1048.0
685.0	1055.0
678.0	1051.0
685.0	1047.0
678.0	1053.0
684.0	1060.0
676.0	1056.0
672.0	1066.0
675.0	1056.0
680.0	1068.0
688.0	1065.0
682.0	1072.0
689.0	1073.0
689.0	1059.0
687.0	1044.0
696.0	1048.0
698.0	1039.0
694.0	1032.0
699.0	1037.0
695.0	1045.0
697.0	1034.0
697.0	1043.0
685.0	1044.0
677.0	1030.0
692.0	1033.0
690.0	1022.0
697.0	1017.0
700.0	1009.0
692.0	1006.0
701.0	1003.0
696.0	1016.0
688.0	1012.0
681.0	1005.0
695.0	1011.0
686.0	1018.0
673.0	1019.0
689.0	1032.0
698.0	1021.0
700.0	1032.0
710.0	1035.0
711.0	1027.0
713.0	1031.0
709.0	1036.0
705.0	1046.0
712.0	1035.0
706.0	1027.0
712.0	1022.0
712.0	1031.0
720.0	1033.0
708.0	1028.0
704.0	1016.0
689.0	1014.0
701.0	1030.0
690.0	1043.0
673.0	1058.0
685.0	1070.0
670.0	1067.0
685.0	1074.0
703.0	1067.0
719.0	1074.0
710.0	1076.0
721.0	1067.0
732.0	1073.0
722.0	1075.0
735.0	1075.0
746.0	1071.0
738.0	1074.0
747.0	1069.0
752.0	1062.0
755.0	1071.0
755.0	1077.0
760.0	1068.0
767.0	1068.0
772.0	1064.0
766.0	1063.0
772.0	1067.0
767.0	1062.0
773.0	1058.0
769.0	1053.0
764.0	1054.0
770.0	1052.0
767.0	1047.0
773.0	1046.0
771.0	1050.0
776.0	1045.0
780.0	1048.0
775.0	1049.0
779.0	1054.0
784.0	1055.0
780.0	1052.0
785.0	1051.0
782.0	1055.0
787.0	1058.0
785.0	1062.0
790.0	1061.0
783.0	1059.0
787.0	1053.0
787.0	1060.0
778.0	1056.0
778.0	1065.0
778.0	1073.0
781.0	1069.0
780.0	1075.0
779.0	1070.0
783.0	1076.0
777.0	1077.0
784.0	1074.0
788.0	1065.0
777.0	1063.0
773.0	1053.0
774.0	1045.0
773.0	1038.0
770.0	1042.0
776.0	1040.0
769.0	1038.0
771.0	1030.0
781.0	1031.0
784.0	1026.0
788.0	1029.0
787.0	1034.0
788.0	1028.0
788.0	1037.0
787.0	1045.0
783.0	1045.0
782.0	1040.0
780.0	1047.0
785.0	1042.0
790.0	1047.0
782.0	1045.0
775.0	1042.0
780.0	1051.0
789.0	1057.0
789.0	1046.0
791.0	1058.0
777.0	1056.0
787.0	1049.0
780.0	1062.0
774.0	1074.0
770.0	1066.0
767.0	1056.0
769.0	1046.0
779.0	1038.0
783.0	1029.0
783.0	1022.0
788.0	1030.0
777.0	1030.0
784.0	1029.0
790.0	1039.0
775.0	1034.0
767.0	1041.0
764.0	1056.0
754.0	1062.0
759.0	1071.0
751.0	1066.0
744.0	1076.0
731.0	1076.0
715.0	1076.0
737.0	1073.0
721.0	1064.0
714.0	1048.0
720.0	1032.0
715.0	1050.0
715.0	1027.0
694.0	1029.0
714.0	1025.0
722.0	1004.0
748.0	1000.0
749.0	1023.0
739.0	1029.0
748.0	1032.0
741.0	1025.0
730.0	1017.0
745.0	1031.0
746.0	1047.0
743.0	1032.0
746.0	1048.0
750.0	1068.0
764.0	1065.0
775.0	1067.0
781.0	1078.0
786.0	1067.0
773.0	1076.0
759.0	1066.0
748.0	1074.0
762.0	1055.0
772.0	1074.0
756.0	1069.0
781.0	1074.0
756.0	1072.0
741.0	1047.0
716.0	1051.0
741.0	1046.0
768.0	1050.0
775.0	1030.0
767.0	1019.0
754.0	1007.0
777.0	1011.0
769.0	1005.0
785.0	1006.0
788.0	1013.0
780.0	1006.0
780.0	1018.0
778.0	1032.0
787.0	1047.0
810.0	1055.0
813.0	1045.0
818.0	1037.0
817.0	1044.0
812.0	1037.0
816.0	1028.0
824.0	1024.0
818.0	1036.0
819.0	1023.0
809.0	1016.0
819.0	1007.0
816.0	1023.0
818.0	1010.0
820.0	990.0
819.0	1009.0
821.0	983.0
828.0	969.0
821.0	977.0
831.0	965.0
828.0	990.0
829.0	962.0
810.0	1016.0
789.0	1010.0
775.0	1024.0
786.0	1004.0
755.0	1001.0
781.0	1007.0
793.0	1039.0
816.0	1036.0
818.0	1055.0
815.0	1042.0
811.0	1059.0
816.0	1043.0
824.0	1022.0
815.0	1056.0
796.0	1074.0
812.0	1055.0
819.0	1025.0
785.0	1046.0
791.0	1019.0
812.0	1041.0
785.0	1071.0
758.0	1078.0
769.0	1040.0
781.0	1003.0
735.0	1008.0
747.0	1035.0
712.0	1024.0
688.0	1006.0
668.0	1013.0
657.0	987.0
656.0	967.0
663.0	944.0
640.0	931.0
675.0	954.0
649.0	975.0
673.0	1000.0
676.0	1023.0
671.0	1055.0
691.0	1046.0
669.0	1059.0
686.0	1076.0
678.0	1046.0
712.0	1049.0
705.0	1077.0
679.0	1076.0
722.0	1071.0
683.0	1068.0
704.0	1020.0
710.0	1054.0
669.0	1075.0
653.0	1002.0
692.0	1009.0
720.0	1044.0
721.0	1005.0
689.0	989.0
650.0	1000.0
648.0	940.0
683.0	965.0
681.0	930.0
642.0	976.0
596.0	937.0
554.0	930.0
513.0	925.0
501.0	914.0
481.0	914.0
493.0	903.0
478.0	922.0
500.0	931.0
514.0	910.0
540.0	933.0
507.0	910.0
476.0	928.0
452.0	910.0
439.0	896.0
457.0	897.0
471.0	908.0
449.0	898.0
460.0	914.0
444.0	887.0
421.0	889.0
415.0	896.0
412.0	880.0
422.0	888.0
424.0	875.0
411.0	886.0
401.0	878.0
417.0	893.0
433.0	879.0
411.0	877.0
380.0	873.0
366.0	898.0
369.0	917.0
366.0	902.0
370.0	927.0
368.0	911.0
373.0	936.0
369.0	923.0
372.0	945.0
375.0	958.0
373.0	967.0
372.0	957.0
360.0	962.0
358.0	972.0
357.0	965.0
364.0	972.0
355.0	975.0
355.0	981.0
356.0	972.0
351.0	979.0
358.0	973.0
356.0	965.0
352.0	977.0
341.0	982.0
350.0	982.0
336.0	980.0
326.0	986.0
340.0	984.0
356.0	979.0
342.0	983.0
323.0	998.0
316.0	1007.0
308.0	1013.0
310.0	1000.0
303.0	1004.0
295.0	1009.0
289.0	1015.0
286.0	1019.0
287.0	1014.0
292.0	1010.0
287.0	1018.0
282.0	1015.0
279.0	1023.0
274.0	1027.0
277.0	1021.0
272.0	1029.0
261.0	1032.0
253.0	1041.0
249.0	1047.0
254.0	1042.0
245.0	1047.0
243.0	1058.0
244.0	1046.0
250.0	1036.0
242.0	1050.0
251.0	1061.0
233.0	1067.0
228.0	1063.0
228.0	1058.0
231.0	1066.0
224.0	1067.0
230.0	1065.0
235.0	1060.0
224.0	1062.0
226.0	1072.0
220.0	1075.0
227.0	1074.0
219.0	1073.0
226.0	1065.0
226.0	1075.0
232.0	1067.0
220.0	1077.0
236.0	1054.0
254.0	1044.0
269.0	1026.0
285.0	1023.0
290.0	1029.0
283.0	1022.0
289.0	1013.0
294.0	1022.0
294.0	1010.0
296.0	1023.0
296.0	1010.0
288.0	1021.0
275.0	1030.0
293.0	1036.0
291.0	1011.0
306.0	1021.0
312.0	1000.0
321.0	1000.0
334.0	991.0
311.0	999.0
308.0	1014.0
323.0	995.0
343.0	979.0
362.0	961.0
365.0	973.0
383.0	965.0
362.0	967.0
345.0	981.0
372.0	961.0
373.0	942.0
371.0	964.0
373.0	929.0
364.0	892.0
372.0	935.0
364.0	880.0
421.0	880.0
455.0	903.0
419.0	891.0
369.0	907.0
367.0	961.0
310.0	999.0
286.0	1026.0
305.0	1000.0
276.0	1026.0
246.0	1044.0
229.0	1069.0
254.0	1037.0
288.0	1017.0
330.0	990.0
373.0	943.0
435.0	897.0
478.0	921.0
533.0	910.0
563.0	945.0
604.0	900.0
570.0	931.0
515.0	939.0
596.0	938.0
555.0	885.0
482.0	901.0
398.0	868.0
395.0	813.0
369.0	866.0
415.0	808.0
445.0	882.0
436.0	790.0
382.0	720.0
372.0	818.0
397.0	718.0
502.0	753.0
544.0	714.0
578.0	754.0
551.0	776.0
527.0	737.0
560.0	782.0
549.0	693.0
558.0	765.0
551.0	661.0
513.0	748.0
408.0	674.0
337.0	618.0
344.0	725.0
390.0	823.0
365.0	971.0
421.0	881.0
560.0	882.0
639.0	868.0
675.0	935.0
624.0	889.0
642.0	974.0
691.0	1059.0
764.0	1058.0
806.0	1066.0
744.0	1036.0
779.0	995.0
820.0	972.0
754.0	999.0
819.0	1013.0
806.0	1071.0
720.0	1076.0
811.0	1061.0
821.0	970.0
715.0	974.0
735.0	1076.0
823.0	980.0
929.0	937.0
968.0	1001.0
966.0	1013.0
968.0	999.0
966.0	934.0
959.0	865.0
958.0	795.0
891.0	760.0
895.0	662.0
893.0	590.0
942.0	623.0
907.0	590.0
853.0	551.0
851.0	456.0
873.0	559.0
932.0	484.0
847.0	470.0
855.0	350.0
916.0	424.0
967.0	515.0
962.0	631.0
863.0	586.0
966.0	655.0
956.0	772.0
956.0	879.0
900.0	773.0
911.0	647.0
963.0	774.0
956.0	916.0
963.0	1009.0
829.0	968.0
693.0	993.0
786.0	1077.0
964.0	1007.0
784.0	1030.0
967.0	1002.0
747.0	1025.0
585.0	883.0
;end of file
