2	4
2	9
-1	6
-3	1
-2	-6
6	-5
0	-2
5	0
11	2
14	5
18	7
21	1
23	-3
27	-4
32	-5
37	-6
41	-9
35	-11
34	-5
28	-2
22	-1
19	-4
23	-1
18	-3
23	-5
17	1
13	3
6	3
-1	4
1	11
1	6
-3	13
-9	13
-5	13
1	13
-1	20
1	15
-4	20
1	18
-8	19
-11	17
-8	20
-2	20
-9	14
-7	20
-15	19
-19	17
-17	16
-20	13
-20	18
-23	18
-22	13
-16	13
-19	19
-11	16
-18	16
-12	12
-21	18
-27	10
-37	9
-37	16
-33	19
-41	18
-36	16
-41	20
-48	19
-42	18
-35	18
-44	18
-51	14
-54	11
-51	9
-49	12
-44	12
-45	19
-52	12
-54	8
-55	12
-56	7
-50	10
-42	9
-52	8
-59	14
-56	19
-60	18
-54	17
-57	22
-61	25
-57	28
-57	32
-60	34
-64	34
-61	37
-60	41
-61	35
-65	32
-59	30
-58	25
-60	31
-65	31
-60	36
-56	31
-64	30
-57	35
-60	27
-59	18
-63	25
-58	16
-57	24
-52	16
-60	23
-55	11
-50	20
-36	15
-28	19
-18	18
-9	16
2	18
12	5
13	-4
9	2
16	5
21	-4
13	1
5	-4
-3	2
9	-4
19	-1
33	-5
38	-11
40	-16
42	-12
42	-19
42	-24
41	-18
39	-24
40	-31
40	-35
42	-32
43	-36
43	-42
45	-47
43	-52
41	-46
40	-52
40	-44
47	-47
54	-43
58	-44
55	-40
59	-38
64	-40
59	-40
53	-40
47	-46
39	-52
36	-60
38	-65
44	-65
40	-62
35	-65
33	-58
30	-66
24	-66
32	-64
25	-69
35	-57
43	-63
36	-61
46	-63
54	-59
60	-59
65	-60
61	-60
67	-60
72	-60
76	-56
73	-59
79	-58
80	-54
85	-53
88	-52
89	-55
89	-59
89	-53
85	-50
89	-54
82	-52
79	-57
86	-54
78	-58
87	-57
88	-65
88	-73
85	-79
84	-73
89	-66
86	-78
83	-86
80	-87
83	-83
80	-88
84	-83
80	-90
81	-84
81	-95
76	-95
81	-96
75	-98
82	-98
79	-104
76	-101
78	-96
80	-104
75	-103
82	-101
81	-109
77	-112
77	-107
79	-114
84	-117
82	-122
84	-118
81	-123
85	-126
84	-122
85	-128
82	-123
86	-130
84	-124
81	-114
79	-106
75	-99
81	-111
78	-98
77	-113
85	-129
87	-139
87	-144
92	-144
93	-148
89	-151
92	-147
91	-142
93	-147
88	-151
92	-156
96	-158
94	-159
99	-159
96	-156
97	-152
95	-157
100	-160
97	-153
96	-159
94	-151
86	-152
91	-143
95	-148
97	-157
88	-148
78	-153
66	-156
87	-145
88	-134
83	-127
88	-140
73	-151
90	-139
83	-119
91	-140
72	-152
86	-132
96	-157
96	-172
95	-176
96	-181
95	-175
98	-169
94	-177
95	-170
95	-183
92	-188
86	-186
91	-186
95	-179
96	-192
83	-189
78	-193
82	-189
76	-193
72	-198
77	-197
70	-199
74	-197
69	-203
65	-206
68	-200
65	-205
69	-199
79	-195
70	-198
60	-205
54	-208
50	-211
45	-212
50	-209
55	-213
57	-217
57	-213
60	-217
56	-219
59	-225
60	-231
58	-222
57	-215
59	-221
59	-213
55	-206
58	-214
49	-212
58	-212
48	-212
58	-206
60	-218
61	-232
51	-210
64	-203
46	-211
57	-226
40	-215
57	-209
36	-215
19	-216
28	-216
41	-215
18	-217
9	-217
16	-218
3	-216
-2	-216
-4	-210
2	-216
-7	-214
-18	-212
-26	-209
-32	-207
-39	-200
-45	-194
-54	-190
-60	-187
-63	-184
-67	-180
-70	-181
-67	-183
-62	-184
-68	-180
-60	-184
-69	-179
-80	-173
-88	-171
-96	-171
-98	-179
-105	-173
-99	-173
-106	-174
-100	-179
-94	-170
-82	-173
-70	-179
-58	-188
-68	-181
-84	-171
-102	-172
-111	-170
-119	-166
-115	-168
-122	-163
-118	-167
-125	-161
-129	-156
-123	-161
-129	-155
-122	-162
-133	-153
-137	-144
-133	-149
-139	-140
-140	-131
-136	-142
-142	-127
-143	-113
-144	-107
-149	-106
-144	-110
-149	-107
-142	-110
-151	-106
-142	-113
-153	-103
-138	-107
-141	-88
-140	-81
-145	-84
-141	-83
-140	-77
-145	-74
-140	-72
-142	-66
-138	-69
-145	-65
-139	-69
-147	-66
-141	-72
-147	-77
-145	-86
-141	-76
-142	-86
-139	-72
-147	-65
-146	-81
-148	-66
-143	-87
-146	-67
-178	-71
-185	-73
-190	-76
-193	-75
-197	-77
-203	-77
-208	-77
-212	-78
-216	-81
-212	-77
-217	-80
-210	-79
-204	-79
-197	-82
-199	-77
-207	-77
-201	-86
-209	-89
-208	-78
-209	-90
-205	-78
-195	-77
-188	-74
-184	-70
-184	-79
-183	-74
-188	-79
-186	-83
-192	-78
-189	-84
-195	-78
-187	-76
-178	-76
-176	-83
-179	-79
-173	-85
-169	-91
-175	-93
-177	-84
-178	-73
-191	-77
-199	-86
-190	-77
-203	-78
-188	-82
-199	-88
-178	-79
-166	-91
-174	-87
-164	-95
-155	-103
-142	-115
-138	-138
-131	-159
-117	-167
-100	-173
-119	-165
-101	-181
-121	-165
-93	-171
-67	-182
-48	-193
-58	-186
-41	-198
-28	-208
-37	-202
-22	-211
-33	-204
-13	-213
-27	-208
0	-215
12	-217
0	-216
21	-216
-10	-213
24	-216
61	-224
77	-196
64	-204
84	-188
91	-183
98	-172
91	-154
67	-154
95	-173
84	-192
97	-164
89	-135
63	-157
92	-185
74	-153
78	-111
82	-80
88	-69
76	-60
65	-61
57	-57
50	-62
59	-59
70	-62
78	-50
77	-42
77	-39
73	-38
75	-33
72	-32
78	-33
84	-32
88	-40
84	-45
86	-39
79	-41
80	-44
76	-41
72	-42
66	-39
61	-41
67	-41
64	-33
65	-38
65	-31
75	-31
78	-40
76	-45
74	-35
79	-42
88	-42
87	-52
76	-58
77	-44
76	-32
86	-37
86	-51
79	-38
65	-34
75	-32
87	-35
64	-35
56	-41
42	-36
41	-43
40	-33
40	-23
41	-14
33	-10
26	-1
13	2
0	10
-1	-6
-14	-19
-18	-17
-14	-16
-17	-22
-22	-23
-24	-27
-28	-26
-26	-23
-27	-28
-27	-32
-29	-33
-31	-34
-28	-32
-31	-33
-28	-37
-30	-28
-26	-25
-21	-21
-23	-25
-19	-18
-24	-21
-16	-17
-27	-26
-28	-34
-21	-20
-29	-32
-19	-17
-31	-31
-39	9
-24	12
-38	10
-58	7
-68	5
-64	11
-68	2
-61	7
-73	4
-83	3
-89	6
-86	0
-79	3
-69	5
-87	4
-90	11
-92	19
-96	28
-94	20
-98	29
-103	39
-106	46
-107	52
-108	46
-104	39
-105	49
-111	54
-108	60
-111	57
-110	62
-111	56
-113	65
-116	70
-113	72
-117	74
-119	70
-120	75
-118	70
-118	75
-115	80
-111	77
-112	82
-107	83
-111	82
-107	78
-103	78
-104	75
-107	72
-102	71
-100	66
-98	69
-101	65
-106	63
-110	57
-115	67
-109	71
-108	77
-110	82
-116	82
-122	82
-118	80
-121	86
-124	87
-120	87
-121	91
-124	93
-121	94
-125	91
-123	94
-127	97
-131	101
-133	104
-135	101
-134	107
-130	103
-125	105
-128	100
-122	98
-117	103
-120	99
-115	103
-119	99
-113	96
-113	101
-109	99
-106	97
-102	93
-100	90
-100	87
-96	88
-101	89
-97	89
-102	91
-107	96
-113	97
-107	98
-114	100
-122	107
-126	99
-134	99
-134	108
-129	110
-130	115
-134	115
-131	114
-136	112
-135	107
-136	114
-133	117
-137	120
-135	123
-141	124
-144	126
-140	128
-146	128
-143	124
-137	123
-142	126
-145	132
-148	135
-146	138
-149	136
-154	136
-154	141
-156	143
-153	140
-150	136
-145	139
-141	140
-143	137
-143	141
-148	137
-152	141
-151	134
-144	134
-147	129
-142	122
-135	118
-138	123
-137	113
-133	107
-133	115
-141	121
-150	114
-152	118
-149	111
-153	107
-150	110
-150	105
-147	102
-146	96
-150	94
-150	90
-152	89
-149	91
-146	94
-143	90
-146	92
-142	90
-144	86
-148	89
-147	84
-142	83
-146	82
-142	79
-138	78
-139	82
-134	80
-141	80
-139	85
-143	80
-148	84
-146	78
-146	73
-151	71
-154	74
-157	76
-160	78
-157	80
-162	80
-166	76
-168	80
-163	73
-163	78
-161	73
-156	73
-155	69
-153	65
-155	61
-155	65
-156	60
-159	64
-157	71
-159	76
-154	73
-158	69
-164	73
-159	81
-153	82
-157	79
-161	85
-155	89
-151	91
-155	93
-159	98
-153	93
-150	88
-148	82
-150	75
-155	76
-147	75
-153	73
-145	71
-142	76
-135	76
-140	74
-135	70
-137	74
-133	78
-130	70
-128	66
-132	62
-130	66
-135	67
-131	65
-136	65
-137	61
-136	57
-133	53
-137	50
-136	54
-131	55
-132	50
-135	47
-135	42
-131	38
-135	40
-129	40
-132	44
-138	46
-136	50
-141	53
-144	56
-143	60
-141	64
-139	66
-142	65
-139	63
-143	62
-141	67
-140	72
-147	71
-152	76
-155	86
-150	82
-159	87
-155	94
-154	86
-150	78
-140	71
-132	71
-137	64
-134	61
-139	56
-139	50
-144	53
-148	50
-144	47
-142	43
-140	38
-141	46
-147	48
-151	54
-147	51
-144	57
-142	63
-140	57
-134	62
-131	68
-126	62
-130	67
-129	58
-125	53
-128	56
-129	51
-132	47
-138	45
-140	36
-129	34
-126	30
-124	34
-129	33
-132	28
-126	29
-131	27
-129	21
-131	25
-125	21
-121	24
-118	20
-117	16
-114	19
-116	20
-112	21
-113	17
-111	14
-110	10
-108	15
-105	14
-109	16
-105	13
-109	10
-104	8
-103	11
-105	6
-109	6
-111	0
-106	2
-102	4
-102	8
-104	2
-101	5
-106	9
-108	16
-110	22
-115	21
-119	22
-115	25
-114	29
-119	26
-119	32
-118	37
-118	42
-120	37
-123	40
-125	45
-125	41
-128	37
-123	42
-124	37
-121	43
-128	44
-132	39
-140	46
-146	56
-151	57
-147	58
-153	59
-150	54
-154	61
-149	65
-141	65
-137	71
-137	60
-126	59
-124	50
-124	46
-128	51
-125	56
-129	48
-120	45
-124	53
-120	41
-127	48
-131	61
-140	52
-127	52
-112	59
-116	69
-110	73
-103	71
-101	77
-105	79
-104	84
-97	85
-99	91
-94	83
-99	79
-106	79
-99	78
-94	73
-95	68
-96	71
-92	68
-88	67
-91	65
-90	68
-86	65
-82	67
-78	70
-82	72
-78	73
-82	75
-85	72
-81	75
-76	71
-74	64
-76	62
-73	65
-76	63
-74	59
-71	62
-69	61
-73	62
-70	62
-68	58
-72	57
-76	54
-80	56
-84	59
-80	55
-82	60
-77	63
-83	62
-88	65
-90	61
-93	67
-91	62
-93	69
-96	74
-100	68
-101	76
-106	83
-113	88
-111	97
-119	105
-129	101
-124	92
-119	88
-124	91
-122	84
-120	78
-123	87
-112	83
-122	90
-129	99
-126	110
-136	117
-131	104
-141	93
-139	89
-144	95
-145	102
-152	97
-152	105
-157	109
-161	111
-158	109
-163	106
-159	111
-164	113
-164	107
-170	103
-169	97
-172	95
-168	96
-172	98
-175	92
-180	90
-172	91
-168	98
-173	93
-165	97
-154	93
-144	93
-153	89
-141	89
-140	77
-140	91
-125	89
-136	81
-140	66
-150	59
-146	64
-153	56
-152	68
-150	56
-143	45
-154	60
-160	74
-160	86
-169	76
-180	68
-175	68
-183	69
-185	63
-191	63
-198	58
-206	65
-214	67
-216	72
-215	67
-209	63
-217	67
-213	75
-211	78
-215	73
-219	67
-214	76
-223	76
-228	77
-224	78
-230	77
-234	75
-229	75
-223	78
-233	78
-241	78
-248	79
-254	78
-258	82
-263	84
-269	85
-273	88
-269	87
-274	86
-276	91
-271	88
-277	89
-269	83
-272	90
-271	79
-261	83
-267	84
-257	85
-250	80
-256	80
-264	85
-278	90
-290	97
-292	101
-295	99
-300	102
-304	106
-306	110
-309	113
-308	107
-302	105
-308	110
-303	104
-295	100
-289	99
-284	99
-292	98
-285	100
-297	100
-303	109
-312	117
-317	117
-318	122
-323	120
-326	125
-329	127
-331	124
-327	128
-329	133
-336	135
-332	132
-330	125
-323	121
-327	116
-328	127
-336	132
-337	140
-341	143
-342	139
-344	143
-343	148
-344	153
-347	151
-350	154
-350	160
-354	164
-356	169
-358	174
-353	172
-357	175
-361	181
-362	186
-359	189
-360	185
-363	189
-361	194
-360	199
-364	194
-358	193
-364	199
-363	208
-362	202
-362	211
-365	204
-361	197
-367	209
-374	208
-374	204
-374	209
-376	214
-369	218
-376	216
-377	224
-378	231
-378	238
-382	235
-379	240
-381	234
-375	239
-368	238
-364	235
-363	230
-368	228
-368	222
-361	218
-368	224
-363	231
-369	234
-362	234
-363	226
-362	215
-369	225
-376	219
-378	228
-381	238
-372	240
-366	243
-364	238
-369	243
-364	249
-368	253
-368	245
-370	237
-380	234
-376	223
-362	226
-376	220
-373	206
-375	200
-382	198
-390	197
-395	194
-393	198
-396	203
-400	200
-396	197
-393	192
-399	195
-404	199
-402	193
-409	194
-414	194
-412	195
-416	194
-420	194
-418	199
-423	193
-428	192
-427	189
-431	190
-429	189
-433	190
-430	192
-431	188
-435	191
-436	186
-440	185
-441	181
-439	183
-435	183
-441	183
-443	179
-442	183
-442	177
-447	172
-452	173
-449	168
-451	172
-445	170
-453	168
-447	161
-450	157
-452	153
-447	156
-442	156
-448	153
-449	159
-449	152
-445	144
-450	146
-451	138
-448	137
-452	136
-449	137
-447	141
-451	136
-452	132
-456	133
-455	129
-454	134
-458	132
-453	131
-460	130
-457	132
-459	126
-461	129
-459	125
-463	128
-461	123
-464	120
-464	116
-467	117
-463	120
-464	115
-466	110
-466	115
-464	109
-458	110
-454	111
-457	113
-457	108
-453	108
-457	106
-453	110
-452	105
-448	109
-456	109
-462	114
-469	113
-474	115
-475	111
-475	107
-472	112
-474	108
-474	102
-477	99
-472	99
-478	96
-474	99
-475	106
-471	113
-466	118
-472	122
-474	116
-480	121
-469	126
-461	127
-462	120
-455	118
-450	119
-455	121
-462	122
-469	125
-463	118
-459	109
-467	107
-463	100
-461	95
-466	93
-466	89
-462	85
-468	84
-475	84
-471	82
-477	80
-472	77
-478	78
-476	86
-473	82
-476	89
-479	91
-475	91
-471	92
-478	92
-476	88
-476	95
-478	89
-483	92
-478	94
-475	101
-464	101
-471	102
-464	96
-456	97
-452	94
-455	98
-457	104
-450	109
-454	117
-448	123
-451	119
-446	127
-442	130
-439	126
-435	128
-430	133
-424	134
-425	138
-422	134
-422	138
-420	143
-415	139
-411	140
-415	136
-418	133
-413	131
-412	127
-416	133
-421	136
-426	133
-420	133
-427	136
-419	136
-419	143
-413	139
-412	132
-419	135
-410	133
-411	142
-405	152
-401	160
-407	160
-404	155
-403	164
-403	154
-414	162
-404	159
-391	165
-383	177
-387	179
-390	180
-387	176
-382	177
-386	181
-383	180
-384	175
-381	182
-385	185
-386	182
-387	186
-391	184
-385	188
-386	183
-388	188
-382	185
-378	187
-379	194
-379	185
-385	190
-390	194
-393	203
-400	199
-396	204
-396	212
-396	207
-398	215
-397	219
-399	223
-399	229
-398	234
-397	231
-398	227
-396	234
-400	237
-397	234
-396	228
-397	218
-398	211
-400	204
-399	193
-409	196
-415	194
-420	192
-414	196
-403	195
-391	193
-380	192
-386	186
-388	194
-383	182
-378	195
-375	205
-365	198
-361	188
-357	183
-354	175
-351	167
-352	173
-352	162
-348	157
-349	162
-347	154
-349	160
-352	168
-359	179
-359	191
-373	203
-363	191
-380	189
-373	204
-369	220
-364	232
-380	239
-391	243
-394	245
-398	250
-394	243
-388	240
-394	244
-401	241
-402	244
-406	245
-405	250
-410	250
-413	254
-408	253
-406	248
-403	242
-399	236
-404	241
-409	248
-411	257
-407	259
-413	257
-415	262
-415	258
-416	262
-417	267
-418	262
-420	268
-419	273
-423	275
-426	275
-427	280
-423	276
-419	274
-423	270
-425	275
-422	268
-421	276
-414	280
-409	279
-413	277
-407	278
-404	278
-406	276
-406	279
-405	282
-404	279
-406	275
-408	278
-406	283
-409	287
-406	290
-407	284
-413	283
-413	289
-415	295
-410	295
-415	296
-409	297
-406	292
-410	300
-414	296
-407	301
-406	308
-403	310
-404	313
-405	309
-405	314
-401	317
-402	313
-405	318
-402	322
-402	326
-399	325
-403	327
-400	331
-401	325
-402	320
-401	327
-404	320
-401	328
-403	316
-402	309
-404	315
-405	305
-405	311
-415	310
-407	309
-416	313
-426	310
-426	317
-432	319
-433	322
-432	318
-429	316
-428	321
-429	315
-435	315
-439	314
-434	316
-431	320
-431	326
-433	331
-437	329
-435	333
-436	337
-435	340
-437	337
-441	337
-438	341
-440	344
-436	345
-439	349
-438	346
-440	342
-437	338
-441	336
-436	340
-438	334
-435	331
-440	333
-441	326
-436	327
-438	331
-435	337
-440	343
-439	337
-437	327
-439	322
-437	318
-433	321
-438	324
-432	326
-433	319
-437	313
-438	308
-434	310
-436	306
-433	309
-437	310
-436	304
-432	302
-432	298
-428	297
-430	291
-428	286
-430	284
-431	287
-426	287
-430	285
-428	289
-430	283
-424	274
-428	283
-420	276
-411	272
-404	272
-401	271
-405	270
-401	270
-404	273
-404	268
-400	270
-401	264
-397	263
-401	265
-397	262
-403	257
-408	250
-414	259
-416	266
-411	269
-403	270
-398	266
-406	272
-402	266
-408	261
-403	268
-405	276
-407	285
-405	279
-413	285
-407	290
-405	281
-414	285
-407	294
-413	286
-416	298
-408	305
-415	298
-416	312
-403	309
-415	302
-429	308
-437	304
-430	305
-431	312
-439	316
-441	324
-434	333
-430	339
-427	334
-429	331
-427	337
-422	338
-422	333
-425	337
-423	333
-427	336
-421	331
-419	338
-420	344
-416	342
-411	340
-412	335
-412	341
-417	344
-422	348
-426	348
-427	351
-424	347
-421	349
-423	344
-416	345
-408	346
-400	347
-406	345
-414	339
-415	331
-415	323
-404	323
-415	319
-416	305
-434	305
-433	298
-431	292
-435	300
-439	310
-435	322
-433	312
-427	325
-437	320
-422	329
-413	333
-422	336
-413	337
-405	346
-395	347
-405	348
-405	359
-410	359
-414	357
-406	360
-401	363
-402	367
-403	363
-405	367
-405	371
-409	372
-414	375
-411	379
-410	387
-407	393
-411	391
-414	398
-409	400
-405	399
-404	395
-409	397
-409	391
-410	383
-411	372
-406	370
-403	373
-403	369
-400	374
-398	371
-396	367
-391	367
-390	372
-389	377
-394	376
-391	381
-392	387
-392	391
-395	395
-395	399
-400	397
-402	392
-396	396
-399	400
-393	398
-396	391
-392	385
-388	389
-390	384
-386	377
-389	370
-393	366
-392	373
-392	367
-395	374
-401	375
-404	367
-409	370
-413	366
-415	371
-414	378
-410	370
-403	368
-400	362
-408	359
-402	361
-409	366
-401	371
-398	363
-401	373
-390	373
-386	383
-390	374
-389	386
-394	393
-390	401
-389	409
-387	405
-392	410
-396	411
-395	408
-398	411
-396	414
-401	410
-396	409
-392	413
-386	414
-389	413
-383	414
-387	414
-380	414
-383	411
-384	407
-390	406
-385	412
-390	408
-398	407
-401	402
-407	399
-404	403
-402	409
-396	412
-404	407
-410	407
-405	405
-411	406
-410	400
-408	405
-414	401
-419	407
-422	413
-419	415
-416	417
-421	414
-417	414
-423	417
-427	417
-429	414
-428	417
-426	413
-423	415
-424	419
-427	415
-423	416
-426	411
-431	412
-430	417
-428	410
-431	406
-427	402
-432	402
-429	406
-426	412
-421	415
-424	422
-427	427
-422	430
-420	434
-423	438
-419	440
-423	442
-419	444
-422	447
-422	443
-421	448
-421	443
-419	437
-422	431
-423	426
-424	433
-422	440
-419	446
-419	455
-418	460
-416	465
-412	467
-409	466
-412	464
-409	465
-412	462
-407	463
-411	469
-410	472
-410	475
-406	472
-409	467
-412	463
-417	464
-414	457
-416	460
-411	457
-413	463
-414	471
-410	467
-409	472
-409	480
-408	473
-408	482
-401	483
-397	485
-403	489
-400	493
-395	496
-398	497
-398	492
-397	498
-394	501
-393	498
-393	502
-396	500
-397	495
-392	501
-390	506
-389	510
-384	510
-386	507
-383	504
-383	511
-386	514
-384	508
-390	507
-387	512
-382	518
-379	522
-377	520
-381	520
-382	515
-378	521
-374	521
-377	524
-374	528
-371	530
-370	527
-368	531
-367	536
-363	540
-359	542
-357	545
-361	541
-365	537
-360	541
-355	545
-352	551
-348	551
-352	552
-346	551
-345	556
-341	553
-337	550
-335	555
-336	550
-342	554
-347	557
-344	551
-346	545
-349	552
-347	558
-352	550
-356	543
-362	537
-358	541
-366	536
-372	530
-375	525
-378	520
-373	525
-373	518
-381	511
-384	501
-391	500
-397	496
-390	503
-394	496
-402	487
-404	483
-401	487
-393	490
-405	484
-410	471
-406	481
-410	470
-417	456
-410	462
-411	475
-417	458
-409	470
-402	486
-390	472
-377	473
-372	473
-375	476
-373	479
-370	475
-375	474
-380	474
-371	473
-370	467
-371	465
-368	467
-365	469
-365	465
-362	465
-358	467
-355	472
-354	468
-360	469
-365	472
-372	470
-372	476
-368	482
-361	482
-355	477
-360	473
-354	470
-350	477
-353	481
-357	474
-364	471
-368	465
-365	463
-362	459
-366	455
-371	458
-375	454
-372	451
-376	448
-377	446
-374	448
-377	449
-374	447
-372	452
-373	446
-375	452
-376	446
-373	440
-377	438
-372	440
-366	439
-369	434
-372	438
-369	432
-363	430
-358	429
-362	430
-358	426
-361	424
-363	429
-367	433
-363	439
-369	436
-364	429
-359	424
-355	428
-354	432
-351	431
-350	427
-351	432
-355	433
-357	438
-352	434
-356	437
-350	436
-346	435
-348	439
-349	436
-353	433
-352	426
-358	427
-351	429
-345	427
-341	431
-342	435
-347	436
-345	441
-349	440
-350	444
-347	446
-345	443
-342	440
-348	440
-344	442
-339	444
-342	447
-338	448
-336	452
-336	457
-338	454
-342	451
-346	452
-348	448
-344	447
-348	444
-350	449
-354	446
-360	448
-357	452
-352	453
-354	459
-360	456
-367	456
-373	457
-379	459
-383	456
-387	460
-388	451
-385	447
-380	447
-383	449
-384	453
-389	450
-384	455
-381	461
-372	457
-375	450
-367	452
-361	447
-361	440
-353	444
-352	438
-348	445
-347	452
-349	458
-346	462
-342	462
-340	459
-339	462
-342	459
-344	462
-347	460
-343	457
-339	460
-335	458
-332	461
-333	467
-327	471
-328	464
-328	473
-333	480
-341	482
-345	478
-342	479
-346	479
-344	482
-344	475
-347	478
-342	478
-348	476
-341	475
-348	481
-352	470
-347	463
-341	462
-346	459
-345	453
-346	460
-349	452
-341	449
-337	443
-331	445
-332	441
-327	441
-328	437
-326	440
-330	438
-330	432
-327	433
-331	432
-336	432
-339	427
-343	431
-338	429
-332	430
-329	426
-329	422
-331	418
-333	424
-331	420
-330	426
-334	429
-329	425
-324	427
-329	430
-331	435
-337	436
-330	434
-333	427
-341	428
-344	435
-350	441
-343	434
-338	427
-331	421
-338	417
-341	414
-346	416
-349	418
-345	418
-351	418
-351	410
-352	416
-357	411
-358	407
-361	406
-364	405
-360	404
-359	400
-363	399
-360	400
-364	396
-360	398
-358	393
-362	388
-368	386
-372	390
-374	394
-375	397
-378	395
-375	396
-373	393
-369	394
-373	394
-371	398
-366	399
-372	399
-377	395
-381	394
-376	394
-372	391
-377	393
-383	390
-393	390
-382	391
-374	397
-380	391
-369	388
-368	393
-367	388
-368	394
-365	388
-366	394
-370	389
-375	398
-376	410
-378	414
-373	414
-375	421
-376	414
-374	421
-374	412
-384	414
-395	411
-405	414
-409	422
-417	422
-408	424
-404	413
-407	423
-401	411
-407	421
-410	408
-418	414
-422	405
-426	398
-423	399
-427	396
-423	396
-429	400
-428	394
-433	397
-438	396
-432	393
-437	390
-436	395
-436	387
-437	384
-433	382
-432	386
-435	383
-439	382
-437	377
-440	373
-440	367
-438	371
-438	364
-440	368
-438	361
-441	357
-438	360
-440	354
-435	354
-439	351
-440	347
-436	342
-427	338
-424	346
-426	353
-426	347
-429	354
-425	348
-418	353
-425	345
-433	351
-437	357
-438	363
-433	354
-441	349
-433	353
-440	361
-439	372
-439	364
-440	350
-422	352
-411	358
-408	366
-412	356
-410	344
-396	347
-387	340
-391	343
-385	343
-381	349
-376	355
-370	358
-375	361
-374	355
-374	363
-379	350
-386	343
-394	347
-383	338
-380	346
-380	334
-386	341
-379	332
-374	323
-376	328
-372	319
-375	324
-370	318
-372	322
-376	329
-366	317
-364	312
-361	308
-367	304
-369	310
-367	315
-370	320
-371	311
-365	315
-373	313
-364	309
-360	301
-360	294
-361	300
-361	293
-360	287
-357	287
-360	289
-356	287
-361	285
-362	292
-355	287
-357	281
-352	291
-350	297
-347	302
-349	299
-345	305
-342	307
-345	304
-348	300
-346	308
-348	301
-343	310
-347	305
-350	294
-361	295
-358	285
-359	297
-351	289
-344	306
-340	317
-345	307
-340	321
-341	311
-338	329
-339	318
-336	335
-332	346
-334	337
-329	350
-321	353
-326	351
-323	358
-320	350
-317	358
-324	355
-315	362
-320	357
-310	363
-310	368
-313	363
-307	369
-310	366
-304	371
-307	367
-305	375
-302	370
-310	367
-302	377
-300	381
-301	379
-298	382
-294	383
-298	381
-293	383
-291	388
-294	386
-289	390
-292	385
-300	380
-307	373
-313	362
-301	377
-292	386
-287	394
-285	399
-283	404
-286	399
-283	406
-281	413
-274	415
-278	411
-274	418
-270	423
-275	419
-269	425
-264	432
-269	429
-261	429
-258	437
-262	432
-255	439
-248	442
-241	442
-243	445
-240	444
-244	443
-239	448
-245	446
-253	439
-241	443
-231	446
-241	445
-257	446
-238	447
-223	449
-218	449
-224	448
-233	447
-220	451
-229	447
-212	447
-207	450
-203	449
-208	451
-201	447
-209	449
-219	450
-205	449
-193	449
-198	447
-189	448
-184	445
-192	448
-183	446
-193	447
-207	448
-191	450
-209	451
-186	446
-165	445
-158	441
-162	442
-155	440
-151	438
-153	443
-160	441
-154	437
-148	435
-153	432
-144	432
-135	431
-124	429
-116	430
-122	430
-115	434
-120	430
-116	438
-110	435
-106	440
-105	444
-104	446
-107	445
-108	443
-104	444
-101	447
-104	443
-99	443
-96	438
-91	439
-87	440
-83	437
-85	433
-88	428
-91	431
-89	426
-93	422
-92	427
-96	422
-92	417
-90	413
-91	418
-87	411
-86	404
-89	413
-93	421
-102	423
-107	425
-109	431
-103	433
-102	437
-98	435
-92	432
-86	428
-81	429
-83	424
-90	430
-83	425
-90	431
-99	433
-106	432
-103	438
-101	443
-107	441
-108	447
-112	447
-107	447
-103	445
-101	438
-99	446
-92	442
-88	442
-90	437
-86	443
-93	441
-87	434
-79	433
-81	438
-85	444
-94	445
-102	435
-93	440
-80	438
-73	431
-66	432
-67	427
-70	420
-67	414
-66	421
-69	417
-62	421
-65	417
-58	418
-55	416
-51	415
-50	410
-49	414
-51	407
-52	404
-56	405
-57	409
-57	406
-56	410
-53	409
-56	411
-51	411
-53	406
-58	406
-52	407
-47	403
-50	405
-52	400
-51	396
-55	395
-59	394
-59	390
-60	393
-56	396
-58	392
-56	388
-56	385
-51	385
-51	380
-49	386
-50	392
-55	393
-56	398
-58	404
-58	411
-57	418
-53	416
-56	421
-55	424
-54	420
-54	426
-52	421
-59	420
-57	426
-61	419
-53	422
-63	419
-57	427
-58	435
-59	432
-58	437
-56	435
-57	430
-59	438
-62	440
-59	439
-57	435
-65	438
-65	442
-67	441
-64	443
-62	444
-64	441
-68	439
-66	444
-70	446
-64	442
-60	445
-63	449
-64	453
-64	458
-67	460
-65	457
-69	461
-65	460
-68	465
-67	459
-71	464
-75	469
-72	465
-68	458
-72	466
-75	473
-79	476
-82	480
-83	475
-81	481
-78	475
-72	471
-77	479
-82	485
-86	491
-84	489
-89	492
-89	495
-87	491
-89	494
-93	498
-90	495
-94	500
-94	504
-97	507
-102	506
-103	503
-100	502
-98	506
-103	504
-106	506
-107	503
-110	506
-109	511
-112	513
-108	512
-104	512
-108	513
-110	517
-109	513
-113	516
-114	519
-111	517
-107	514
-107	508
-103	510
-107	507
-103	509
-104	504
-110	504
-101	505
-106	508
-102	503
-106	510
-104	502
-103	512
-114	515
-118	517
-121	516
-116	517
-120	518
-117	522
-120	525
-123	524
-119	525
-116	520
-118	524
-123	528
-120	524
-114	522
-108	517
-100	509
-92	502
-98	505
-92	497
-87	492
-83	482
-86	474
-74	473
-67	463
-61	450
-66	446
-61	448
-65	444
-71	446
-61	445
-62	452
-58	441
-61	449
-60	438
-69	440
-66	447
-61	436
-65	429
-59	436
-70	430
-65	422
-70	435
-79	432
-68	433
-69	419
-78	413
-75	410
-77	414
-76	409
-74	403
-70	400
-75	401
-67	404
-67	410
-75	406
-72	400
-65	402
-62	399
-68	403
-65	396
-67	405
-75	411
-73	401
-77	412
-88	410
-80	417
-85	405
-90	417
-101	422
-107	431
-105	424
-105	434
-104	423
-109	435
-117	441
-116	446
-119	441
-125	446
-125	452
-128	448
-133	450
-130	449
-126	446
-119	445
-119	453
-116	455
-115	453
-115	456
-119	458
-123	458
-122	454
-119	454
-115	451
-110	450
-105	446
-112	454
-117	455
-121	456
-126	458
-123	462
-117	461
-114	455
-109	458
-105	456
-110	456
-116	457
-112	462
-120	462
-112	461
-104	458
-100	457
-108	449
-117	452
-121	444
-124	453
-131	454
-134	449
-135	452
-139	452
-140	448
-141	453
-137	449
-135	453
-134	447
-128	447
-134	452
-140	447
-132	448
-142	448
-142	456
-147	457
-153	458
-155	462
-154	456
-159	461
-157	457
-162	462
-168	467
-174	467
-175	471
-173	469
-169	468
-168	461
-176	467
-178	471
-176	473
-176	469
-180	471
-176	471
-172	468
-180	470
-177	475
-181	472
-174	474
-175	480
-169	483
-165	487
-161	490
-164	490
-169	488
-171	482
-176	478
-183	481
-174	479
-177	471
-170	466
-183	471
-175	479
-176	470
-186	481
-172	486
-163	490
-163	497
-161	501
-164	504
-165	508
-162	512
-164	506
-166	511
-170	515
-167	518
-173	521
-177	520
-174	521
-174	516
-176	522
-172	518
-169	512
-165	507
-163	499
-161	493
-162	499
-163	508
-172	513
-179	518
-177	523
-182	520
-188	520
-184	523
-190	523
-185	524
-189	518
-188	523
-186	530
-194	531
-188	533
-195	534
-201	532
-203	537
-205	535
-201	533
-204	538
-203	543
-204	536
-199	533
-191	532
-183	537
-181	542
-175	542
-180	540
-174	540
-179	539
-173	537
-177	541
-172	535
-180	539
-190	539
-190	525
-195	533
-192	522
-182	522
-189	515
-179	520
-191	520
-202	518
-205	520
-201	517
-207	515
-210	519
-212	524
-217	524
-217	527
-215	531
-216	525
-221	524
-225	523
-220	523
-225	522
-226	528
-224	525
-219	524
-226	527
-228	532
-234	529
-238	529
-235	531
-241	531
-236	531
-240	527
-242	523
-243	526
-244	522
-248	521
-252	518
-252	510
-249	507
-249	510
-250	506
-248	509
-251	506
-251	510
-246	511
-244	506
-246	510
-251	505
-252	501
-253	498
-249	500
-245	503
-239	503
-233	505
-240	503
-244	510
-237	503
-231	510
-230	515
-228	512
-224	512
-229	512
-225	515
-221	515
-225	513
-229	517
-227	524
-231	531
-225	525
-216	524
-208	521
-210	515
-216	515
-220	515
-227	513
-219	515
-211	514
-210	521
-203	519
-210	513
-204	520
-214	515
-223	515
-229	507
-218	514
-207	514
-216	523
-210	531
-205	536
-211	535
-215	533
-218	539
-216	542
-213	541
-213	538
-209	539
-213	542
-212	538
-215	543
-212	540
-213	534
-211	543
-217	543
-221	540
-216	540
-223	543
-219	539
-226	544
-232	543
-228	540
-221	544
-223	553
-227	555
-231	555
-235	552
-238	556
-236	551
-240	548
-239	546
-242	548
-238	548
-235	545
-238	549
-238	554
-244	555
-244	559
-242	555
-241	550
-241	555
-247	556
-245	551
-244	557
-243	550
-237	546
-240	552
-244	545
-254	545
-257	542
-259	542
-256	541
-256	545
-261	542
-256	542
-264	542
-268	540
-273	540
-268	541
-274	537
-279	540
-276	539
-280	537
-276	540
-281	538
-275	537
-282	542
-279	548
-278	551
-282	554
-286	552
-291	551
-286	554
-292	552
-297	556
-297	560
-300	557
-300	561
-301	555
-297	554
-293	553
-299	551
-299	557
-299	552
-304	557
-307	551
-302	554
-295	552
-286	556
-281	550
-276	548
-284	544
-279	538
-278	548
-284	554
-277	549
-281	539
-284	551
-279	542
-266	541
-258	543
-267	542
-257	543
-254	534
-258	527
-261	525
-255	527
-261	524
-263	532
-256	529
-261	523
-251	523
-256	528
-251	520
-243	524
-243	532
-246	524
-241	533
-243	523
-238	532
-236	543
-228	546
-233	552
-226	556
-224	560
-226	555
-226	561
-222	555
-217	556
-213	553
-207	552
-208	548
-208	552
-207	548
-211	553
-219	555
-217	560
-221	563
-216	568
-221	573
-223	577
-221	580
-219	576
-219	579
-222	575
-226	576
-220	578
-224	577
-231	575
-234	581
-238	580
-233	579
-239	580
-244	582
-242	587
-248	586
-244	580
-250	585
-241	588
-248	585
-239	590
-244	583
-235	580
-235	587
-231	581
-231	589
-222	589
-226	589
-232	588
-240	582
-230	587
-220	587
-225	587
-216	585
-217	577
-211	578
-205	578
-210	577
-205	576
-209	574
-210	571
-209	575
-206	579
-209	571
-206	568
-209	572
-205	569
-210	572
-217	574
-210	568
-218	562
-223	556
-218	561
-230	563
-230	553
-237	561
-247	561
-253	561
-249	558
-255	562
-260	562
-256	559
-253	564
-252	557
-256	565
-248	564
-261	562
-261	557
-265	561
-262	556
-258	563
-266	557
-280	556
-285	543
-295	531
-280	535
-293	527
-307	519
-297	528
-306	510
-323	508
-320	501
-325	507
-329	502
-327	498
-321	502
-331	504
-338	500
-332	500
-339	496
-346	496
-350	501
-347	505
-351	503
-344	503
-350	503
-343	499
-348	501
-341	497
-339	507
-331	514
-327	502
-338	498
-342	508
-333	514
-328	498
-345	496
-343	480
-333	481
-343	478
-342	463
-334	460
-340	458
-344	449
-337	455
-342	452
-334	447
-332	452
-331	447
-329	452
-326	447
-327	451
-322	447
-322	442
-325	445
-320	448
-313	447
-309	449
-307	454
-302	449
-303	453
-299	450
-302	446
-297	447
-302	452
-307	450
-301	447
-307	444
-311	449
-315	442
-319	440
-315	439
-314	434
-319	437
-325	434
-322	429
-313	432
-306	434
-313	433
-318	439
-313	443
-317	438
-311	443
-308	437
-302	444
-308	438
-313	448
-323	448
-328	444
-335	443
-329	438
-335	445
-335	454
-341	448
-352	450
-362	448
-364	457
-366	464
-372	466
-373	459
-369	465
-365	471
-370	465
-377	459
-381	450
-386	446
-385	439
-377	439
-385	438
-383	447
-391	448
-383	439
-382	449
-377	458
-377	448
-370	439
-359	438
-349	439
-343	430
-340	441
-326	443
-326	452
-336	459
-331	448
-320	444
-310	438
-321	443
-326	433
-331	424
-339	420
-341	413
-347	415
-350	410
-346	415
-339	415
-345	410
-354	409
-359	410
-357	406
-358	410
-353	406
-361	403
-362	398
-362	390
-353	394
-362	393
-353	396
-360	406
-364	401
-357	409
-348	417
-356	410
-363	423
-355	426
-345	429
-341	415
-348	427
-357	439
-366	432
-375	437
-370	423
-375	413
-386	411
-379	394
-380	408
-363	407
-370	421
-368	435
-356	428
-374	428
-389	431
-380	439
-391	450
-381	438
-395	433
-396	449
-383	461
-391	475
-379	461
-367	467
-359	460
-350	461
-361	458
-359	467
-372	468
-368	479
-377	478
-392	475
-393	500
-405	487
-384	506
-379	519
-372	529
-364	534
-371	527
-376	516
-364	509
-368	495
-364	494
-371	494
-363	496
-361	485
-368	494
-362	484
-369	495
-363	508
-349	503
-365	510
-350	502
-332	512
-347	496
-335	479
-331	465
-327	452
-317	442
-323	430
-311	432
-326	426
-338	420
-322	423
-306	437
-300	454
-296	446
-300	456
-306	463
-310	466
-305	464
-302	469
-299	472
-305	470
-308	465
-303	470
-310	473
-315	475
-318	471
-315	469
-315	472
-315	468
-319	470
-313	472
-310	468
-304	467
-311	475
-304	468
-314	473
-306	464
-316	470
-328	465
-315	471
-329	472
-314	469
-302	484
-300	488
-297	485
-299	482
-294	482
-293	485
-290	483
-295	481
-290	484
-296	482
-301	484
-294	484
-299	486
-292	488
-288	492
-293	494
-288	490
-282	493
-277	496
-282	495
-275	497
-270	499
-268	503
-272	504
-268	506
-268	500
-273	503
-278	503
-276	496
-271	492
-271	498
-267	493
-266	500
-265	494
-258	495
-254	491
-256	494
-253	489
-256	487
-253	490
-260	488
-260	483
-265	482
-265	479
-265	484
-266	479
-266	484
-271	482
-275	482
-276	478
-273	481
-269	480
-274	481
-267	481
-276	480
-270	479
-276	473
-282	480
-286	474
-285	479
-292	482
-293	474
-289	476
-290	470
-290	466
-291	470
-292	474
-287	473
-282	470
-280	477
-285	468
-291	464
-294	459
-299	455
-291	462
-287	457
-281	458
-276	458
-282	457
-275	457
-283	455
-275	456
-289	458
-281	454
-291	463
-289	470
-294	472
-288	466
-293	473
-297	483
-295	492
-302	488
-291	484
-290	494
-281	492
-272	491
-272	482
-275	492
-285	494
-279	503
-271	506
-278	504
-269	504
-277	505
-283	495
-274	505
-268	496
-278	495
-293	491
-277	481
-263	485
-267	480
-259	489
-262	495
-256	500
-256	505
-260	505
-262	500
-257	506
-258	500
-254	506
-248	507
-255	507
-254	499
-251	504
-249	498
-251	490
-258	484
-251	491
-261	488
-252	498
-254	488
-253	504
-242	509
-249	499
-254	487
-268	499
-257	505
-252	520
-258	530
-265	539
-256	543
-266	532
-253	543
-266	534
-279	550
-264	558
-279	567
-285	575
-282	577
-284	574
-288	572
-293	569
-289	571
-294	570
-291	566
-294	561
-291	567
-289	574
-281	577
-287	574
-280	577
-286	572
-292	564
-295	555
-295	567
-294	574
-285	573
-296	569
-304	573
-301	570
-307	568
-311	570
-312	574
-315	577
-320	574
-322	571
-318	569
-313	567
-308	567
-313	570
-312	565
-306	571
-309	574
-311	569
-316	573
-321	572
-326	575
-320	575
-326	573
-331	570
-335	566
-333	570
-327	572
-320	577
-315	570
-307	569
-302	573
-308	569
-315	576
-306	575
-301	567
-303	555
-313	552
-308	552
-314	549
-305	553
-295	558
-310	548
-288	554
-272	539
-293	529
-313	547
-333	557
-337	563
-340	564
-342	559
-338	565
-334	571
-336	561
-337	569
-338	557
-346	559
-338	551
-347	548
-350	555
-339	547
-337	561
-331	572
-317	577
-306	574
-315	571
-303	583
-296	582
-292	585
-296	584
-300	583
-307	581
-294	587
-288	584
-282	584
-276	586
-281	579
-287	587
-296	585
-287	588
-282	579
-292	586
-283	576
-270	582
-260	583
-275	584
-259	582
-263	564
-269	581
-250	587
-232	579
-220	575
-216	587
-222	578
-225	590
-241	589
-220	579
-207	574
-199	568
-199	561
-206	565
-196	566
-204	572
-199	564
-204	575
-221	574
-217	588
-238	578
-250	563
-234	563
-221	559
-231	562
-245	557
-230	554
-228	542
-228	553
-238	546
-237	530
-232	542
-219	542
-225	531
-216	532
-213	544
-221	538
-234	532
-227	518
-228	530
-242	524
-243	507
-248	523
-251	502
-255	518
-241	502
-261	489
-274	506
-295	493
-300	472
-298	487
-278	479
-293	471
-286	458
-297	456
-310	463
-304	445
-317	468
-340	476
-350	462
-358	449
-368	457
-380	450
-364	464
-361	450
-356	468
-366	482
-371	495
-374	477
-363	494
-377	477
-351	478
-340	499
-327	478
-302	486
-308	511
-295	527
-313	551
-307	573
-323	575
-302	582
-295	563
-293	586
-273	586
-298	584
-282	559
-267	581
-258	560
-241	548
-260	534
-265	506
-242	525
-231	544
-242	562
-218	560
-207	550
-217	555
-210	570
-210	551
-202	539
-209	548
-209	534
-203	520
-188	514
-203	518
-219	526
-204	537
-223	528
-197	532
-202	549
-188	560
-199	565
-182	567
-170	558
-167	556
-164	560
-167	554
-164	551
-168	550
-162	551
-160	547
-159	552
-159	547
-157	541
-160	535
-158	542
-158	550
-155	556
-159	560
-155	554
-160	551
-167	550
-170	557
-168	552
-172	558
-162	561
-171	556
-162	549
-161	539
-154	533
-168	536
-159	538
-151	550
-148	555
-146	549
-144	546
-141	543
-137	540
-141	542
-144	548
-141	544
-135	542
-132	537
-128	534
-133	538
-127	534
-134	537
-142	542
-146	550
-152	553
-145	548
-155	553
-160	561
-172	556
-157	557
-159	545
-161	559
-145	551
-135	539
-126	532
-122	527
-121	518
-120	526
-123	517
-125	528
-133	539
-143	549
-130	533
-119	518
-123	530
-139	541
-153	556
-158	536
-166	550
-150	550
-174	537
-162	536
-169	555
-168	532
-170	516
-182	521
-186	537
-175	519
-181	503
-165	502
-176	498
-162	503
-163	489
-171	491
-161	489
-174	483
-178	497
-161	496
-165	515
-162	492
-181	476
-173	490
-182	470
-188	450
-212	449
-180	445
-170	465
-168	483
-155	461
-146	458
-155	455
-145	455
-137	451
-146	456
-135	450
-124	452
-127	460
-132	460
-125	454
-130	462
-140	455
-127	462
-114	454
-105	460
-107	473
-107	460
-109	446
-118	436
-128	429
-143	436
-133	432
-143	447
-155	439
-146	433
-160	442
-158	457
-166	442
-163	462
-158	438
-177	445
-150	457
-152	435
-160	463
-185	483
-193	517
-214	501
-236	504
-212	515
-206	540
-198	566
-219	557
-221	587
-187	571
-182	541
-197	560
-174	535
-195	516
-175	538
-143	544
-166	517
-131	500
-140	511
-123	495
-113	478
-121	495
-116	476
-126	460
-117	477
-120	455
-106	457
-93	444
-103	456
-117	442
-112	428
-98	424
-84	433
-93	419
-101	433
-84	426
-92	440
-100	459
-114	477
-130	498
-111	514
-95	503
-88	490
-93	501
-86	489
-77	477
-85	490
-87	473
-90	493
-78	473
-64	457
-67	437
-55	423
-63	440
-56	418
-65	406
-54	411
-54	400
-48	400
-46	404
-46	396
-49	401
-54	397
-55	389
-51	389
-57	387
-62	387
-56	387
-49	388
-43	393
-51	384
-59	387
-62	394
-68	390
-58	390
-49	390
-58	387
-50	381
-54	371
-51	375
-52	368
-51	373
-52	366
-56	363
-57	360
-55	358
-55	361
-58	358
-55	355
-55	360
-56	365
-59	359
-57	352
-56	356
-57	349
-57	343
-58	338
-59	332
-63	327
-66	323
-70	322
-72	324
-70	320
-70	317
-67	314
-70	318
-71	323
-69	318
-64	318
-67	315
-61	315
-61	311
-57	311
-54	309
-54	304
-50	302
-50	297
-51	303
-58	301
-58	306
-61	302
-64	307
-58	307
-53	306
-59	305
-63	301
-67	297
-69	294
-72	295
-73	298
-69	295
-70	291
-66	294
-66	298
-65	292
-61	289
-64	287
-60	287
-55	287
-55	283
-53	286
-49	285
-50	280
-53	283
-55	279
-51	279
-47	282
-41	281
-37	282
-37	278
-38	281
-35	284
-32	282
-30	278
-34	277
-33	281
-36	277
-40	279
-44	280
-49	282
-54	287
-57	291
-62	288
-61	284
-59	281
-57	278
-54	282
-48	282
-46	275
-52	272
-58	269
-62	271
-59	269
-59	264
-55	261
-57	258
-54	255
-55	259
-58	262
-53	258
-54	262
-50	257
-50	251
-53	254
-49	249
-45	250
-43	247
-42	250
-39	249
-36	250
-40	250
-38	246
-34	243
-31	239
-26	238
-29	237
-23	238
-27	240
-26	245
-21	244
-19	240
-16	237
-12	238
-9	241
-8	236
-5	238
-4	233
-2	229
1	232
2	236
2	240
2	237
4	232
4	226
2	231
-2	227
5	226
5	219
6	215
3	219
4	213
6	217
2	211
4	207
1	209
2	204
1	208
1	202
2	206
-4	204
3	203
3	210
3	201
-3	196
1	199
-6	195
-9	189
-11	185
-7	185
-11	187
-15	186
-16	189
-13	185
-17	186
-20	183
-17	180
-14	177
-14	172
-16	175
-19	179
-22	177
-19	176
-15	172
-18	167
-26	168
-30	166
-33	170
-30	169
-31	173
-31	176
-30	178
-29	181
-26	178
-27	175
-31	175
-28	177
-26	181
-24	177
-24	182
-21	179
-19	184
-16	179
-11	176
-12	171
-8	177
-13	181
-12	175
-10	182
-9	177
-9	168
-20	176
-15	169
-9	180
-15	187
-17	193
-22	188
-26	188
-28	183
-33	181
-37	178
-39	181
-36	176
-32	173
-32	177
-33	183
-39	180
-40	171
-41	167
-41	164
-42	167
-39	167
-40	170
-38	166
-35	169
-31	166
-36	169
-42	168
-45	171
-42	166
-38	165
-44	168
-38	170
-30	170
-29	176
-31	170
-24	167
-25	177
-33	177
-29	171
-21	177
-15	170
-10	184
-7	190
0	189
-5	183
-15	183
-24	186
-20	190
-14	188
-5	191
0	197
-4	188
-3	202
-13	202
-14	207
-9	208
-11	212
-12	208
-13	214
-12	209
-12	217
-10	210
-14	219
-16	226
-15	221
-13	213
-13	225
-11	232
-15	231
-14	234
-17	237
-13	234
-18	232
-20	237
-25	236
-26	243
-32	243
-28	239
-25	246
-31	248
-26	247
-35	245
-29	246
-34	253
-40	255
-43	259
-38	259
-35	253
-41	248
-44	245
-46	250
-44	246
-39	243
-43	250
-49	247
-55	254
-59	262
-54	256
-48	247
-38	243
-45	248
-35	249
-44	250
-51	255
-42	260
-40	251
-30	245
-24	237
-32	240
-21	247
-14	241
-8	238
-3	233
-9	235
-16	234
-16	228
-10	235
-3	230
0	238
-1	245
-3	251
-7	251
-9	255
-5	259
-11	258
-9	263
-10	266
-7	263
-13	266
-16	263
-14	260
-18	265
-18	269
-18	266
-22	267
-19	270
-16	268
-18	272
-15	268
-19	264
-26	267
-28	273
-25	275
-22	273
-24	268
-29	272
-28	267
-26	275
-30	274
-30	269
-36	273
-38	278
-35	274
-39	269
-34	275
-41	275
-44	282
-44	289
-39	287
-43	291
-40	285
-33	284
-31	277
-34	282
-27	278
-34	281
-29	274
-20	272
-24	276
-19	268
-16	260
-9	265
-17	268
-13	259
-8	265
-16	271
-6	262
-3	253
-8	256
-3	248
-2	243
3	239
-1	231
7	228
4	238
-2	230
-7	239
-14	245
-20	238
-12	236
-18	242
-13	232
-12	244
-4	252
1	245
-6	234
-19	234
-15	218
-16	202
-10	207
0	205
-12	207
-4	195
-18	196
-25	188
-24	180
-34	179
-43	179
-51	177
-48	178
-53	178
-55	175
-57	177
-54	175
-57	176
-55	173
-55	169
-56	165
-55	170
-56	166
-59	170
-62	171
-61	174
-61	170
-63	173
-59	171
-57	174
-58	170
-64	170
-62	165
-60	160
-61	165
-59	160
-65	162
-69	163
-73	163
-70	165
-70	160
-67	163
-64	159
-71	164
-76	163
-75	159
-71	159
-77	156
-74	163
-78	159
-68	160
-76	159
-67	168
-63	160
-61	169
-60	176
-66	171
-56	171
-61	168
-58	176
-51	173
-52	169
-51	163
-44	165
-49	172
-47	166
-48	175
-50	165
-50	175
-55	164
-51	176
-40	168
-35	180
-21	185
-30	176
-22	167
-42	164
-26	166
-7	179
-22	193
-29	185
-17	201
-4	192
5	210
-10	214
5	214
5	229
2	241
6	225
-15	229
2	238
-17	244
0	246
0	225
-4	251
-20	244
-17	226
-15	199
4	216
-22	236
-5	257
-24	275
-11	265
-34	254
-45	263
-53	272
-61	272
-62	268
-59	274
-63	270
-60	264
-51	258
-42	263
-42	276
-52	280
-53	273
-47	266
-57	260
-42	258
-39	276
-28	275
-43	277
-54	273
-62	269
-56	276
-61	281
-63	278
-65	282
-68	283
-67	287
-63	284
-58	282
-64	281
-62	276
-57	281
-53	289
-46	291
-52	290
-59	289
-59	282
-65	276
-66	286
-66	281
-65	289
-70	285
-62	282
-53	284
-48	295
-53	302
-61	300
-63	292
-58	287
-47	291
-51	302
-60	297
-64	306
-58	311
-62	310
-58	314
-62	317
-57	316
-53	315
-59	319
-60	324
-64	320
-68	323
-73	328
-71	320
-60	322
-59	315
-53	311
-55	301
-63	309
-57	315
-63	321
-63	328
-58	336
-63	329
-73	331
-75	338
-74	334
-74	341
-74	347
-74	339
-72	332
-61	328
-65	317
-59	311
-68	321
-58	313
-49	301
-66	297
-72	292
-76	296
-71	294
-64	292
-73	292
-76	301
-80	305
-84	306
-81	308
-84	309
-86	310
-83	308
-80	306
-85	306
-85	301
-89	297
-85	297
-89	294
-92	292
-91	289
-91	292
-94	290
-94	287
-90	286
-90	283
-92	280
-89	277
-91	274
-90	270
-92	264
-91	256
-91	252
-94	255
-89	251
-92	246
-93	251
-94	245
-94	240
-95	245
-92	238
-95	233
-93	229
-93	235
-93	241
-94	234
-92	244
-92	255
-94	247
-91	260
-92	272
-90	279
-92	275
-91	282
-91	287
-95	288
-93	292
-90	289
-91	294
-89	289
-95	289
-101	287
-105	285
-106	291
-110	294
-109	297
-110	295
-110	299
-113	298
-114	301
-118	299
-117	303
-119	308
-123	309
-128	307
-132	305
-126	307
-131	307
-122	309
-115	308
-121	307
-113	308
-119	304
-116	298
-119	295
-123	294
-124	291
-125	294
-122	293
-124	296
-127	292
-130	296
-125	293
-119	292
-117	295
-116	291
-115	287
-117	290
-118	286
-122	290
-125	285
-129	288
-132	285
-129	286
-124	286
-123	293
-117	298
-123	299
-125	307
-135	303
-140	297
-131	297
-130	305
-128	295
-132	287
-136	288
-133	285
-130	281
-136	285
-130	284
-139	287
-148	285
-151	281
-150	286
-149	276
-152	271
-152	276
-150	283
-148	274
-150	266
-150	260
-148	257
-148	260
-148	256
-150	252
-150	257
-151	262
-149	270
-151	260
-150	268
-149	256
-147	248
-150	253
-149	244
-147	250
-147	240
-146	234
-146	227
-140	226
-146	228
-140	222
-138	218
-139	224
-147	224
-139	219
-141	212
-139	210
-142	212
-145	208
-140	210
-143	206
-139	209
-147	207
-148	200
-146	205
-139	208
-147	201
-153	197
-155	193
-154	196
-157	193
-155	197
-150	202
-154	195
-158	190
-167	194
-172	195
-170	191
-175	198
-170	198
-176	199
-181	203
-188	202
-188	206
-191	202
-186	202
-193	201
-193	207
-199	208
-192	205
-199	203
-190	205
-179	199
-171	195
-181	198
-171	194
-185	204
-173	199
-153	199
-154	190
-146	203
-140	214
-148	206
-142	220
-140	211
-148	226
-150	237
-149	247
-149	259
-146	244
-144	225
-146	240
-139	220
-154	199
-175	201
-155	190
-160	166
-167	164
-175	164
-180	164
-176	164
-170	162
-179	164
-184	166
-181	166
-186	167
-184	164
-179	166
-183	158
-181	154
-185	154
-184	158
-182	152
-186	155
-191	154
-193	158
-188	158
-193	155
-189	153
-183	156
-191	158
-188	164
-191	166
-186	165
-191	165
-185	165
-176	165
-179	153
-175	147
-172	143
-170	138
-166	139
-170	137
-168	132
-171	129
-167	127
-170	130
-165	131
-163	126
-158	125
-162	129
-158	124
-155	118
-150	113
-153	106
-159	110
-152	116
-161	116
-163	124
-168	129
-161	125
-154	119
-149	129
-156	122
-154	110
-164	110
-159	122
-169	132
-173	139
-177	146
-182	151
-177	145
-170	142
-164	145
-159	145
-155	142
-160	139
-164	141
-169	141
-162	139
-167	137
-166	128
-161	142
-155	143
-163	140
-154	142
-146	135
-141	129
-141	142
-143	134
-139	144
-135	150
-131	155
-136	151
-132	157
-125	162
-131	156
-136	147
-144	140
-158	138
-165	128
-160	112
-150	103
-148	91
-149	107
-166	109
-169	126
-152	138
-163	148
-165	154
-160	157
-155	160
-160	164
-162	157
-167	162
-163	153
-163	144
-164	156
-169	165
-159	156
-154	166
-171	162
-157	165
-140	151
-126	162
-119	170
-119	175
-121	171
-122	165
-117	172
-124	168
-129	158
-115	169
-114	180
-113	185
-110	186
-111	190
-110	184
-112	180
-112	186
-109	191
-106	198
-103	207
-102	211
-102	207
-101	214
-103	209
-100	218
-97	222
-99	216
-101	210
-99	220
-94	228
-97	218
-95	230
-100	219
-102	204
-109	190
-108	198
-112	183
-107	193
-115	176
-111	185
-119	171
-134	154
-156	165
-135	153
-159	142
-171	130
-188	141
-185	145
-180	150
-174	143
-188	144
-193	146
-193	142
-197	142
-199	144
-197	143
-195	145
-198	143
-201	145
-198	142
-194	145
-199	145
-203	147
-206	151
-202	150
-198	145
-203	150
-210	151
-211	156
-215	155
-210	153
-207	158
-208	162
-206	158
-203	161
-200	159
-198	160
-201	159
-200	157
-203	158
-199	160
-198	156
-195	159
-202	160
-197	158
-191	153
-191	143
-184	143
-196	143
-186	143
-177	150
-163	154
-183	166
-189	155
-196	146
-195	156
-190	165
-198	167
-199	170
-196	168
-198	173
-205	167
-211	167
-211	163
-207	162
-213	159
-208	161
-210	155
-211	161
-217	164
-217	169
-213	167
-214	162
-216	169
-222	169
-219	168
-224	170
-229	171
-231	168
-228	166
-225	163
-222	165
-227	165
-232	167
-227	168
-232	169
-227	163
-222	159
-218	156
-212	160
-215	152
-222	160
-220	168
-213	170
-222	171
-231	171
-224	163
-220	169
-213	162
-208	169
-198	170
-200	160
-198	168
-205	161
-209	169
-199	159
-196	169
-202	157
-199	167
-208	154
-202	145
-212	153
-224	160
-230	172
-220	164
-232	171
-211	170
-230	165
-205	148
-188	142
-208	150
-193	168
-196	144
-189	168
-158	163
-142	139
-133	113
-149	103
-168	100
-175	90
-182	82
-185	77
-188	82
-184	85
-191	80
-184	79
-182	87
-171	93
-184	82
-194	78
-184	81
-184	68
-183	60
-175	67
-183	73
-193	78
-182	69
-189	80
-177	93
-158	85
-138	88
-134	65
-127	49
-123	32
-117	29
-118	36
-113	26
-115	20
-117	26
-120	33
-113	28
-123	25
-130	23
-123	26
-127	17
-116	18
-109	17
-111	23
-115	15
-119	8
-111	15
-103	10
-104	1
-107	-3
-103	-3
-109	-3
-107	4
-115	3
-107	-6
-96	0
-103	6
-102	-5
-86	-3
-75	3
-90	6
-100	2
-111	9
-106	-2
-91	9
-106	14
-92	17
-108	19
-97	29
-111	25
-96	25
-87	7
-104	-2
-115	17
-128	22
-135	32
-142	47
-157	64
-173	68
-184	62
-202	56
-212	65
-216	75
-226	77
-238	76
-246	80
-236	78
-249	77
-264	81
-246	79
-263	81
-282	97
-294	100
-310	109
-315	119
-313	113
-306	107
-291	98
-311	113
-300	104
-317	121
-327	124
-316	119
-333	128
-339	137
-343	141
-339	135
-341	147
-341	139
-344	150
-350	159
-356	170
-362	188
-355	166
-357	184
-366	210
-387	196
-397	210
-398	223
-400	213
-396	230
-399	218
-401	238
-393	243
-402	240
-391	242
-403	245
-412	256
-411	266
-419	271
-409	265
-399	262
-404	277
-417	280
-406	274
-396	262
-383	274
-378	272
-381	278
-376	279
-374	274
-382	271
-375	275
-383	278
-387	283
-384	278
-382	285
-382	290
-377	293
-373	297
-379	291
-375	295
-378	285
-381	282
-387	281
-393	284
-390	279
-391	288
-394	292
-390	290
-389	295
-391	290
-394	295
-386	299
-385	305
-386	300
-393	299
-385	304
-380	307
-389	300
-384	308
-393	295
-387	305
-376	294
-382	303
-381	288
-377	281
-377	271
-380	288
-390	285
-386	276
-376	282
-362	288
-376	293
-365	302
-371	317
-379	305
-365	311
-379	292
-394	288
-387	302
-367	302
-354	286
-365	308
-341	314
-364	306
-340	315
-333	340
-324	354
-338	333
-318	358
-301	380
-289	389
-285	400
-280	408
-288	396
-297	382
-305	368
-329	348
-370	360
-377	347
-379	333
-398	327
-411	339
-405	354
-392	345
-402	328
-421	335
-430	350
-428	336
-414	327
-432	328
-435	307
-439	326
-435	301
-435	319
-441	344
-419	340
-438	355
-435	377
-434	385
-434	389
-438	385
-435	379
-437	386
-438	379
-435	388
-437	379
-428	388
-424	396
-415	399
-425	395
-427	385
-427	398
-420	404
-410	406
-421	408
-429	415
-425	423
-430	414
-425	405
-433	399
-431	409
-427	397
-432	385
-440	371
-434	392
-422	380
-410	389
-411	402
-397	395
-390	388
-398	373
-403	359
-413	371
-409	385
-407	401
-394	406
-380	413
-367	395
-351	393
-370	385
-370	362
-395	366
-388	384
-406	397
-414	376
-399	364
-376	353
-375	327
-374	357
-367	392
-394	401
-405	424
-419	434
-422	444
-415	454
-423	437
-419	423
-424	411
-435	398
-416	414
-432	406
-426	430
-421	450
-423	428
-419	452
-427	423
-403	402
-426	417
-404	392
-431	385
-422	353
-427	332
-412	357
-441	353
-400	375
-378	348
-401	319
-391	294
-406	285
-405	304
-413	281
-430	287
-423	274
-412	258
-401	244
-398	263
-391	241
-407	252
-386	241
-367	243
-365	253
-368	235
-367	252
-375	276
-364	253
-381	279
-406	300
-432	299
-415	315
-427	284
-417	261
-415	293
-419	268
-391	286
-371	318
-360	285
-367	251
-399	232
-397	202
-412	193
-425	191
-432	189
-427	193
-417	192
-431	192
-439	184
-444	179
-436	187
-443	180
-435	190
-419	194
-401	196
-394	217
-373	210
-383	236
-375	211
-364	241
-382	286
-428	288
-397	237
-407	194
-396	216
-389	180
-402	161
-416	168
-434	158
-439	157
-443	161
-436	163
-441	157
-435	153
-437	162
-433	151
-440	143
-447	143
-451	135
-446	143
-438	137
-444	140
-438	133
-443	128
-449	125
-441	130
-445	125
-452	134
-443	127
-452	120
-459	129
-449	119
-461	124
-455	113
-467	108
-454	110
-453	98
-444	96
-451	94
-455	99
-447	105
-441	99
-440	104
-448	108
-454	97
-452	88
-448	90
-451	83
-447	80
-445	74
-449	69
-451	70
-449	67
-445	66
-450	70
-454	70
-451	68
-454	71
-450	74
-454	76
-452	78
-455	76
-452	75
-455	78
-455	73
-457	69
-459	66
-456	63
-459	64
-463	64
-466	66
-465	63
-465	60
-466	62
-464	60
-467	60
-469	63
-470	60
-467	64
-470	66
-469	62
-468	66
-464	63
-460	61
-463	60
-466	60
-466	56
-462	56
-459	55
-461	58
-462	54
-459	52
-460	48
-458	46
-461	48
-464	50
-463	53
-467	51
-470	47
-471	44
-468	46
-465	46
-469	46
-466	43
-467	40
-467	36
-468	33
-465	33
-468	32
-470	35
-466	36
-466	32
-465	28
-463	31
-461	27
-457	29
-454	34
-457	31
-451	32
-455	34
-450	36
-448	39
-452	39
-449	38
-453	35
-456	40
-460	42
-464	41
-466	46
-471	49
-475	51
-471	55
-467	56
-463	52
-460	56
-455	57
-452	55
-453	58
-455	54
-455	49
-458	47
-454	46
-452	42
-448	45
-452	45
-456	49
-461	50
-457	48
-461	53
-466	57
-462	52
-460	46
-458	41
-461	36
-464	31
-469	30
-474	30
-479	31
-477	34
-480	34
-483	33
-485	29
-482	33
-479	36
-478	40
-477	36
-475	32
-469	35
-470	39
-473	34
-476	39
-475	44
-473	49
-475	55
-467	55
-474	57
-474	64
-468	68
-462	71
-459	77
-460	70
-461	76
-458	68
-454	63
-450	61
-448	57
-445	54
-449	53
-450	50
-449	54
-446	57
-452	58
-455	63
-459	60
-453	60
-449	56
-453	52
-450	47
-449	52
-444	49
-441	46
-444	44
-448	43
-446	48
-445	43
-449	45
-443	48
-445	53
-454	55
-458	48
-457	56
-463	62
-469	65
-465	58
-458	61
-466	64
-457	66
-452	71
-447	68
-450	75
-447	69
-454	65
-461	62
-472	63
-463	58
-473	52
-469	44
-467	38
-462	40
-459	35
-452	36
-447	38
-448	33
-445	28
-445	24
-440	23
-440	27
-440	22
-441	18
-441	14
-437	15
-438	19
-441	22
-444	18
-447	15
-450	18
-451	14
-446	13
-451	12
-456	13
-457	8
-459	12
-462	15
-461	18
-458	21
-459	25
-456	22
-453	21
-450	21
-449	16
-443	18
-445	23
-444	29
-447	26
-444	30
-448	26
-454	24
-451	27
-446	29
-440	26
-435	24
-431	24
-428	22
-425	23
-422	21
-421	25
-422	20
-426	18
-424	21
-427	17
-431	17
-431	14
-431	10
-432	15
-434	18
-437	19
-441	16
-441	10
-436	13
-432	10
-430	16
-433	18
-432	14
-436	16
-442	15
-443	22
-435	18
-430	22
-426	20
-422	24
-417	28
-413	19
-417	25
-426	23
-432	22
-432	17
-433	10
-441	9
-434	11
-442	13
-449	7
-446	3
-453	6
-448	7
-450	15
-452	21
-452	26
-453	19
-453	14
-457	20
-456	15
-462	17
-466	17
-468	14
-468	11
-465	12
-462	11
-458	11
-463	9
-466	11
-469	13
-472	11
-470	14
-469	19
-472	20
-468	19
-468	15
-469	20
-470	16
-470	22
-465	20
-460	21
-455	19
-461	23
-467	26
-472	29
-478	26
-482	30
-481	36
-475	35
-477	42
-482	46
-475	46
-468	45
-472	51
-479	43
-486	40
-483	44
-488	38
-484	36
-484	43
-491	40
-494	38
-494	35
-492	31
-488	29
-494	29
-491	34
-493	38
-489	35
-482	34
-480	41
-471	36
-478	32
-476	42
-464	43
-470	46
-463	38
-470	41
-468	52
-473	65
-474	77
-465	85
-461	92
-462	87
-456	88
-450	90
-443	92
-435	93
-442	95
-439	103
-429	102
-425	103
-427	99
-424	102
-428	97
-427	104
-425	109
-420	111
-426	109
-424	115
-419	120
-417	113
-419	121
-423	112
-421	119
-428	112
-424	118
-413	120
-411	138
-423	136
-425	144
-430	134
-423	139
-431	149
-437	138
-447	138
-437	134
-429	135
-415	138
-406	156
-389	166
-415	168
-422	144
-414	127
-428	116
-416	114
-426	100
-427	94
-436	95
-437	87
-436	91
-437	84
-434	79
-433	85
-429	83
-434	78
-437	86
-429	82
-435	88
-427	95
-429	105
-427	96
-437	90
-440	101
-427	108
-438	103
-431	116
-437	100
-429	87
-431	71
-430	62
-427	57
-426	51
-425	45
-422	37
-431	31
-428	27
-433	29
-431	32
-435	36
-433	32
-432	27
-437	24
-431	29
-424	27
-419	19
-411	15
-415	26
-430	24
-435	28
-441	31
-439	36
-443	37
-442	32
-436	35
-440	29
-441	38
-438	42
-443	43
-437	43
-443	40
-441	47
-444	39
-451	39
-460	34
-464	27
-458	29
-463	22
-470	20
-476	24
-480	19
-483	20
-480	21
-483	24
-481	20
-485	21
-479	21
-480	15
-483	11
-479	11
-476	15
-482	15
-488	15
-491	12
-491	8
-487	7
-488	11
-490	16
-492	11
-496	14
-495	10
-499	7
-494	6
-494	2
-496	7
-490	6
-496	5
-501	10
-505	13
-509	13
-511	16
-510	12
-510	8
-507	9
-510	7
-506	6
-508	4
-506	1
-502	4
-507	8
-504	11
-500	14
-499	19
-500	23
-502	20
-498	20
-494	17
-490	18
-484	19
-486	11
-484	16
-479	10
-482	6
-485	2
-483	-1
-484	-4
-481	-2
-477	-1
-477	3
-478	0
-483	0
-486	-3
-484	0
-486	-5
-486	1
-488	5
-488	-1
-494	0
-499	8
-493	3
-484	4
-478	2
-478	-3
-476	1
-478	6
-482	8
-489	10
-481	9
-474	10
-474	5
-470	3
-468	0
-468	5
-466	8
-470	8
-466	10
-467	5
-463	2
-462	6
-457	6
-461	1
-458	6
-451	7
-455	-1
-461	-1
-465	-6
-468	-11
-469	-6
-464	-6
-465	1
-471	2
-472	-3
-476	-4
-473	-5
-478	-6
-476	-10
-479	-13
-484	-11
-477	-12
-476	-5
-483	-4
-490	-1
-482	-11
-475	-13
-469	-7
-469	-14
-478	-10
-486	-6
-475	-5
-469	-1
-467	-7
-470	0
-477	5
-482	11
-481	21
-472	19
-473	11
-465	11
-465	5
-471	11
-464	15
-464	8
-461	2
-456	-6
-450	-5
-454	0
-459	-6
-452	-7
-455	-12
-462	-12
-456	-14
-465	-13
-473	-4
-466	-11
-479	-10
-463	-13
-449	-10
-457	-5
-449	3
-460	6
-466	14
-468	23
-477	20
-474	8
-463	14
-467	3
-457	13
-452	22
-463	25
-463	35
-458	44
-450	37
-441	43
-437	33
-442	43
-443	55
-454	53
-454	41
-449	28
-445	15
-432	18
-433	26
-427	15
-436	23
-437	10
-452	9
-450	-4
-441	8
-453	22
-468	29
-455	24
-440	35
-449	51
-461	42
-471	62
-459	70
-451	75
-458	75
-460	85
-456	78
-458	87
-453	80
-457	89
-449	85
-436	84
-452	85
-463	95
-464	106
-455	95
-448	110
-465	95
-478	99
-485	90
-480	92
-487	88
-484	93
-489	84
-490	80
-491	83
-487	86
-492	80
-488	78
-491	76
-487	77
-489	73
-494	72
-498	70
-494	66
-490	66
-487	69
-482	73
-474	76
-487	74
-491	68
-495	70
-490	68
-492	74
-496	69
-491	66
-497	72
-491	78
-490	86
-487	76
-476	79
-489	77
-481	66
-496	64
-494	71
-500	62
-506	59
-507	64
-503	67
-503	60
-508	65
-505	59
-510	64
-510	58
-512	54
-516	52
-517	58
-514	61
-519	58
-516	62
-513	55
-508	58
-514	54
-520	50
-525	54
-522	57
-528	55
-525	49
-529	46
-535	44
-539	47
-542	46
-545	44
-540	45
-540	49
-543	45
-549	43
-554	40
-550	37
-554	34
-549	35
-555	37
-556	31
-557	39
-560	32
-567	32
-565	28
-571	32
-572	26
-571	31
-565	27
-573	30
-578	24
-577	28
-580	22
-580	26
-575	28
-579	21
-585	20
-590	20
-586	23
-588	18
-594	16
-596	12
-601	14
-604	13
-601	10
-605	7
-601	12
-604	7
-598	14
-593	18
-588	15
-581	19
-588	19
-582	25
-570	29
-558	31
-548	36
-552	42
-558	37
-548	42
-552	36
-564	35
-578	23
-591	16
-582	21
-596	15
-606	12
-596	16
-607	10
-592	-12
-594	-18
-593	-14
-591	-20
-592	-14
-591	-21
-587	-15
-591	-19
-598	-18
-596	-26
-600	-30
-602	-36
-607	-37
-599	-29
-605	-36
-601	-25
-599	-32
-594	-21
-588	-14
-581	-18
-576	-21
-577	-26
-579	-21
-575	-26
-572	-29
-568	-25
-566	-22
-564	-17
-567	-20
-565	-25
-572	-24
-570	-27
-574	-23
-567	-23
-570	-16
-563	-16
-559	-15
-563	-13
-560	-16
-564	-12
-558	-14
-552	-12
-547	-8
-544	-5
-541	-8
-537	-9
-540	-4
-545	-4
-551	-3
-552	-8
-547	-6
-540	-7
-534	-4
-537	-1
-539	2
-534	-2
-537	-7
-531	-1
-537	-4
-544	-9
-552	-6
-560	-11
-555	-5
-556	-17
-555	-6
-564	-15
-570	-22
-576	-24
-582	-17
-575	-13
-587	-12
-598	-19
-583	-17
-573	-26
-577	-14
-570	-26
-582	-19
-598	-24
-603	-38
-587	-17
-607	-22
-574	-26
-598	-27
-565	-23
-546	-11
-561	-10
-541	-10
-533	1
-540	-2
-550	-9
-570	-17
-536	-1
-525	5
-528	0
-524	10
-526	3
-520	10
-513	11
-507	11
-512	12
-509	18
-507	22
-505	19
-503	24
-500	24
-497	20
-502	24
-506	23
-503	25
-509	24
-503	23
-503	15
-504	22
-507	14
-507	7
-507	1
-505	6
-500	13
-492	14
-493	21
-493	14
-503	13
-504	4
-512	-1
-515	2
-511	-2
-515	0
-509	2
-505	-3
-510	-7
-504	-8
-509	-4
-506	-12
-501	-15
-502	-21
-501	-18
-504	-22
-499	-24
-501	-27
-497	-29
-500	-26
-500	-21
-505	-19
-502	-12
-503	-22
-500	-29
-502	-24
-500	-33
-497	-38
-494	-44
-498	-31
-502	-37
-498	-26
-502	-16
-511	-5
-507	-13
-498	-27
-485	-14
-506	-8
-502	-22
-511	-4
-517	5
-509	5
-519	7
-514	0
-519	11
-525	3
-513	16
-508	8
-494	8
-485	-1
-471	5
-461	16
-474	2
-475	21
-467	32
-485	28
-491	21
-494	30
-492	38
-494	43
-495	40
-491	42
-496	39
-495	33
-489	26
-482	21
-488	34
-491	24
-500	17
-511	17
-506	25
-497	17
-484	9
-462	14
-453	-8
-463	19
-453	-5
-426	7
-414	20
-407	7
-410	14
-405	0
-403	6
-405	-4
-403	-10
-400	-18
-396	-25
-400	-17
-404	-7
-399	-20
-404	-4
-399	-22
-385	-34
-377	-39
-370	-42
-363	-46
-357	-48
-352	-52
-354	-45
-350	-53
-343	-56
-337	-58
-345	-55
-355	-51
-347	-55
-359	-47
-349	-51
-338	-58
-324	-63
-316	-66
-321	-64
-329	-60
-314	-65
-310	-70
-316	-69
-308	-68
-318	-64
-331	-59
-311	-66
-297	-71
-286	-71
-296	-69
-281	-74
-296	-70
-279	-73
-300	-70
-322	-64
-346	-54
-364	-46
-376	-39
-384	-33
-392	-27
-379	-35
-366	-44
-382	-35
-397	-24
-376	-38
-394	-25
-406	1
-428	14
-446	1
-477	9
-501	25
-514	21
-517	4
-515	21
-494	20
-498	38
-493	45
-498	41
-487	45
-494	31
-481	28
-499	43
-509	57
-505	65
-510	55
-520	56
-527	55
-529	47
-536	49
-537	43
-542	43
-545	38
-537	42
-533	48
-539	52
-546	44
-538	50
-539	40
-550	40
-532	43
-528	54
-537	49
-547	38
-524	49
-518	61
-524	53
-512	62
-501	69
-492	82
-493	65
-476	62
-455	70
-468	76
-454	87
-475	86
-464	95
-483	90
-475	110
-477	90
-474	114
-461	130
-448	138
-449	153
-440	163
-452	167
-452	155
-452	169
-439	180
-426	192
-418	167
-438	182
-451	163
-450	148
-438	135
-439	158
-444	176
-436	158
-429	134
-453	135
-472	123
-466	91
-489	81
-464	86
-448	63
-430	64
-426	57
-425	50
-422	43
-437	46
-428	57
-425	47
-429	63
-433	77
-429	62
-423	43
-430	65
-452	64
-431	70
-448	80
-425	97
-437	126
-414	141
-417	111
-432	82
-426	56
-452	76
-482	64
-485	39
-507	24
-516	2
-538	2
-509	-9
-498	-35
-457	-14
-496	-35
-529	1
-490	1
-457	-12
-436	32
-427	53
-428	19
-455	37
-425	21
-447	51
-491	43
-514	53
-529	51
-511	63
-490	67
-494	40
-515	59
-539	45
-512	22
-523	56
-561	35
-592	17
-607	11
-597	-19
-562	-16
-524	9
-568	28
-600	13
-568	-14
-602	12
-603	-40
-573	24
-521	48
-469	37
-477	-6
-438	38
-428	89
-473	112
-438	104
-472	121
-448	159
-442	128
-410	132
-383	178
-353	175
-378	185
-407	163
-435	186
-402	165
-360	183
-343	152
-340	139
-347	153
-332	133
-343	147
-325	124
-340	140
-317	116
-288	101
-254	81
-231	78
-211	74
-213	64
-207	77
-207	62
-191	61
-208	65
-197	77
-180	65
-192	80
-203	57
-224	76
-252	73
-211	75
-245	79
-289	100
-336	137
-388	181
-346	153
-412	194
-363	213
-394	283
-347	290
-321	348
-282	328
-278	327
-281	326
-280	330
-279	325
-279	331
-274	326
-280	328
-276	334
-269	333
-268	327
-267	334
-266	327
-273	327
-271	334
-278	328
-287	333
-268	336
-260	338
-257	337
-254	338
-249	340
-242	339
-241	333
-237	334
-232	334
-228	338
-234	339
-229	337
-234	335
-239	332
-233	334
-234	327
-238	334
-240	340
-248	340
-245	333
-247	328
-253	327
-249	332
-246	338
-239	333
-233	327
-244	328
-244	340
-255	338
-260	336
-258	332
-259	327
-254	332
-256	339
-249	339
-259	336
-263	328
-261	336
-261	326
-249	327
-257	336
-260	326
-272	332
-260	339
-248	333
-259	326
-243	331
-230	337
-239	340
-231	326
-226	316
-229	314
-228	311
-232	311
-235	309
-234	306
-236	303
-239	305
-239	309
-238	314
-233	311
-229	311
-227	307
-225	304
-228	306
-229	302
-232	300
-227	299
-226	303
-222	303
-219	305
-221	303
-220	300
-217	299
-217	303
-220	305
-225	306
-228	310
-232	314
-226	314
-223	310
-220	306
-226	308
-222	313
-217	312
-221	314
-215	311
-210	307
-209	301
-215	302
-220	303
-215	303
-221	300
-225	299
-220	299
-215	298
-215	292
-210	294
-206	293
-202	291
-206	295
-201	297
-199	293
-205	294
-211	293
-216	298
-213	292
-217	300
-220	293
-221	298
-221	292
-229	293
-224	298
-225	293
-232	295
-239	293
-239	300
-237	295
-230	295
-227	302
-235	304
-235	308
-238	304
-236	307
-234	311
-228	314
-230	322
-233	313
-239	307
-234	303
-241	303
-239	295
-246	294
-254	294
-249	295
-256	297
-251	295
-259	297
-255	293
-265	296
-258	295
-263	302
-260	297
-259	304
-254	310
-246	311
-240	316
-240	307
-246	313
-256	307
-254	296
-263	303
-252	311
-240	300
-240	292
-229	301
-224	294
-236	295
-229	305
-224	314
-222	306
-223	316
-213	312
-217	305
-219	315
-217	327
-221	333
-216	336
-221	338
-221	332
-217	338
-210	336
-206	337
-211	335
-204	336
-198	332
-203	333
-206	327
-201	326
-194	330
-199	334
-204	327
-208	335
-210	327
-220	328
-214	337
-209	328
-202	335
-195	327
-204	326
-209	336
-194	331
-214	327
-218	313
-207	304
-203	300
-206	304
-201	298
-206	302
-204	294
-203	302
-208	310
-208	293
-204	304
-212	293
-199	299
-222	295
-204	293
-216	314
-202	328
-222	326
-213	337
-193	327
-225	337
-229	316
-236	302
-246	295
-244	312
-260	307
-244	295
-264	296
-235	305
-257	308
-256	331
-236	339
-235	314
-226	338
-247	312
-259	338
-237	328
-268	342
-238	310
-213	294
-193	332
-225	300
-264	299
-223	294
-224	338
-278	324
-338	328
-280	332
-294	388
-283	407
-288	394
-303	375
-338	340
-350	395
-335	417
-354	430
-358	447
-361	425
-380	411
-393	433
-365	424
-347	444
-324	439
-339	457
-336	478
-325	506
-326	471
-331	439
-348	416
-326	430
-298	449
-287	468
-276	457
-285	477
-265	483
-292	469
-298	445
-272	423
-277	413
-265	428
-256	439
-271	424
-286	402
-260	434
-276	415
-299	382
-270	331
-338	305
-399	331
-420	372
-434	403
-411	366
-370	359
-361	407
-398	393
-357	401
-390	436
-415	455
-405	486
-369	485
-385	506
-378	524
-388	503
-370	531
-354	548
-341	548
-336	562
-322	574
-335	550
-330	570
-347	545
-364	535
-344	549
-313	548
-305	517
-308	554
-285	586
-245	581
-278	586
-245	550
-209	551
-221	588
-173	560
-125	526
-128	499
-115	476
-85	475
-94	502
-117	517
-89	501
-70	463
-79	437
-91	417
-84	397
-84	385
-84	396
-77	411
-57	407
-65	400
-69	386
-61	382
-71	382
-71	375
-65	371
-70	364
-73	354
-75	346
-84	347
-84	354
-82	363
-83	372
-84	381
-82	369
-83	359
-83	371
-71	376
-70	385
-70	371
-82	375
-71	383
-83	391
-69	378
-53	378
-55	365
-58	354
-58	345
-56	352
-58	341
-61	327
-61	341
-75	341
-84	338
-85	333
-86	327
-85	331
-88	327
-88	323
-90	328
-93	329
-95	324
-99	323
-97	328
-94	323
-95	318
-89	315
-85	310
-81	312
-79	308
-84	310
-87	315
-85	307
-79	311
-74	305
-75	297
-83	300
-89	295
-86	300
-94	301
-92	296
-85	298
-92	291
-89	284
-96	287
-102	292
-99	287
-107	285
-113	285
-110	290
-112	294
-114	297
-111	302
-109	306
-106	300
-103	296
-108	301
-103	304
-96	301
-102	306
-94	302
-83	303
-78	311
-88	313
-93	322
-92	328
-91	321
-97	317
-101	323
-102	328
-107	324
-112	318
-116	319
-113	316
-107	316
-103	323
-102	317
-98	324
-106	323
-114	326
-117	318
-112	316
-117	308
-115	318
-112	306
-114	296
-115	291
-115	296
-111	291
-108	295
-111	290
-114	285
-121	290
-114	286
-118	294
-120	285
-131	287
-140	289
-140	300
-128	296
-134	286
-129	298
-135	287
-149	288
-141	300
-148	283
-148	264
-150	284
-137	302
-124	284
-120	301
-131	296
-110	298
-110	306
-98	306
-99	317
-112	317
-106	328
-117	321
-127	308
-115	326
-93	327
-94	318
-87	327
-85	336
-76	336
-84	342
-83	350
-74	344
-72	357
-61	352
-71	360
-69	375
-82	366
-74	350
-85	341
-88	329
-74	328
-90	327
-86	312
-87	325
-103	327
-84	334
-67	320
-75	304
-65	310
-68	294
-79	300
-94	297
-100	287
-104	297
-95	303
-102	316
-83	310
-99	324
-78	309
-69	288
-77	305
-59	294
-43	288
-31	282
-50	275
-37	286
-41	258
-60	268
-39	282
-68	282
-90	281
-92	273
-90	261
-90	276
-93	264
-92	247
-91	267
-92	288
-104	287
-114	290
-105	286
-108	297
-111	284
-109	301
-115	317
-101	286
-114	291
-88	294
-107	291
-128	284
-148	254
-151	279
-151	235
-148	199
-149	236
-193	233
-197	230
-193	231
;end of file
