608.0	623.0
610.0	619.0
610.0	614.0
607.0	617.0
605.0	622.0
606.0	629.0
614.0	628.0
608.0	625.0
613.0	623.0
619.0	621.0
622.0	618.0
626.0	616.0
629.0	622.0
631.0	626.0
635.0	627.0
640.0	628.0
645.0	629.0
649.0	632.0
643.0	634.0
642.0	628.0
636.0	625.0
630.0	624.0
627.0	627.0
631.0	624.0
626.0	626.0
631.0	628.0
625.0	622.0
621.0	620.0
614.0	620.0
607.0	619.0
609.0	612.0
609.0	617.0
605.0	610.0
599.0	610.0
603.0	610.0
609.0	610.0
607.0	603.0
609.0	608.0
604.0	603.0
609.0	605.0
600.0	604.0
597.0	606.0
600.0	603.0
606.0	603.0
599.0	609.0
601.0	603.0
593.0	604.0
589.0	606.0
591.0	607.0
588.0	610.0
588.0	605.0
585.0	605.0
586.0	610.0
592.0	610.0
589.0	604.0
597.0	607.0
590.0	607.0
596.0	611.0
587.0	605.0
581.0	613.0
571.0	614.0
571.0	607.0
575.0	604.0
567.0	605.0
572.0	607.0
567.0	603.0
560.0	604.0
566.0	605.0
573.0	605.0
564.0	605.0
557.0	609.0
554.0	612.0
557.0	614.0
559.0	611.0
564.0	611.0
563.0	604.0
556.0	611.0
554.0	615.0
553.0	611.0
552.0	616.0
558.0	613.0
566.0	614.0
556.0	615.0
549.0	609.0
552.0	604.0
548.0	605.0
554.0	606.0
551.0	601.0
547.0	598.0
551.0	595.0
551.0	591.0
548.0	589.0
544.0	589.0
547.0	586.0
548.0	582.0
547.0	588.0
543.0	591.0
549.0	593.0
550.0	598.0
548.0	592.0
543.0	592.0
548.0	587.0
552.0	592.0
544.0	593.0
551.0	588.0
548.0	596.0
549.0	605.0
545.0	598.0
550.0	607.0
551.0	599.0
556.0	607.0
548.0	600.0
553.0	612.0
558.0	603.0
572.0	608.0
580.0	604.0
590.0	605.0
599.0	607.0
610.0	605.0
620.0	618.0
621.0	627.0
617.0	621.0
624.0	618.0
629.0	627.0
621.0	622.0
613.0	627.0
605.0	621.0
617.0	627.0
627.0	624.0
641.0	628.0
646.0	634.0
648.0	639.0
650.0	635.0
650.0	642.0
650.0	647.0
649.0	641.0
647.0	647.0
648.0	654.0
648.0	658.0
650.0	655.0
651.0	659.0
651.0	665.0
653.0	670.0
651.0	675.0
649.0	669.0
648.0	675.0
648.0	667.0
655.0	670.0
662.0	666.0
666.0	667.0
663.0	663.0
667.0	661.0
672.0	663.0
667.0	663.0
661.0	663.0
655.0	669.0
647.0	675.0
644.0	683.0
646.0	688.0
652.0	688.0
648.0	685.0
643.0	688.0
641.0	681.0
638.0	689.0
632.0	689.0
640.0	687.0
633.0	692.0
643.0	680.0
651.0	686.0
644.0	684.0
654.0	686.0
662.0	682.0
668.0	682.0
673.0	683.0
669.0	683.0
675.0	683.0
680.0	683.0
684.0	679.0
681.0	682.0
687.0	681.0
688.0	677.0
693.0	676.0
696.0	675.0
697.0	678.0
697.0	682.0
697.0	676.0
693.0	673.0
697.0	677.0
690.0	675.0
687.0	680.0
694.0	677.0
686.0	681.0
695.0	680.0
696.0	688.0
696.0	696.0
693.0	702.0
692.0	696.0
697.0	689.0
694.0	701.0
691.0	709.0
688.0	710.0
691.0	706.0
688.0	711.0
692.0	706.0
688.0	713.0
689.0	707.0
689.0	718.0
684.0	718.0
689.0	719.0
683.0	721.0
690.0	721.0
687.0	727.0
684.0	724.0
686.0	719.0
688.0	727.0
683.0	726.0
690.0	724.0
689.0	732.0
685.0	735.0
685.0	730.0
687.0	737.0
692.0	740.0
690.0	745.0
692.0	741.0
689.0	746.0
693.0	749.0
692.0	745.0
693.0	751.0
690.0	746.0
694.0	753.0
692.0	747.0
689.0	737.0
687.0	729.0
683.0	722.0
689.0	734.0
686.0	721.0
685.0	736.0
693.0	752.0
695.0	762.0
695.0	767.0
700.0	767.0
701.0	771.0
697.0	774.0
700.0	770.0
699.0	765.0
701.0	770.0
696.0	774.0
700.0	779.0
704.0	781.0
702.0	782.0
707.0	782.0
704.0	779.0
705.0	775.0
703.0	780.0
708.0	783.0
705.0	776.0
704.0	782.0
702.0	774.0
694.0	775.0
699.0	766.0
703.0	771.0
705.0	780.0
696.0	771.0
686.0	776.0
674.0	779.0
695.0	768.0
696.0	757.0
691.0	750.0
696.0	763.0
681.0	774.0
698.0	762.0
691.0	742.0
699.0	763.0
680.0	775.0
694.0	755.0
704.0	780.0
704.0	795.0
703.0	799.0
704.0	804.0
703.0	798.0
706.0	792.0
702.0	800.0
703.0	793.0
703.0	806.0
700.0	811.0
694.0	809.0
699.0	809.0
703.0	802.0
704.0	815.0
691.0	812.0
686.0	816.0
690.0	812.0
684.0	816.0
680.0	821.0
685.0	820.0
678.0	822.0
682.0	820.0
677.0	826.0
673.0	829.0
676.0	823.0
673.0	828.0
677.0	822.0
687.0	818.0
678.0	821.0
668.0	828.0
662.0	831.0
658.0	834.0
653.0	835.0
658.0	832.0
663.0	836.0
665.0	840.0
665.0	836.0
668.0	840.0
664.0	842.0
667.0	848.0
668.0	854.0
666.0	845.0
665.0	838.0
667.0	844.0
667.0	836.0
663.0	829.0
666.0	837.0
657.0	835.0
666.0	835.0
656.0	835.0
666.0	829.0
668.0	841.0
669.0	855.0
659.0	833.0
672.0	826.0
654.0	834.0
665.0	849.0
648.0	838.0
665.0	832.0
644.0	838.0
627.0	839.0
636.0	839.0
649.0	838.0
626.0	840.0
617.0	840.0
624.0	841.0
611.0	839.0
606.0	839.0
604.0	833.0
610.0	839.0
601.0	837.0
590.0	835.0
582.0	832.0
576.0	830.0
569.0	823.0
563.0	817.0
554.0	813.0
548.0	810.0
545.0	807.0
541.0	803.0
538.0	804.0
541.0	806.0
546.0	807.0
540.0	803.0
548.0	807.0
539.0	802.0
528.0	796.0
520.0	794.0
512.0	794.0
510.0	802.0
503.0	796.0
509.0	796.0
502.0	797.0
508.0	802.0
514.0	793.0
526.0	796.0
538.0	802.0
550.0	811.0
540.0	804.0
524.0	794.0
506.0	795.0
497.0	793.0
489.0	789.0
493.0	791.0
486.0	786.0
490.0	790.0
483.0	784.0
479.0	779.0
485.0	784.0
479.0	778.0
486.0	785.0
475.0	776.0
471.0	767.0
475.0	772.0
469.0	763.0
468.0	754.0
472.0	765.0
466.0	750.0
465.0	736.0
464.0	730.0
459.0	729.0
464.0	733.0
459.0	730.0
466.0	733.0
457.0	729.0
466.0	736.0
455.0	726.0
470.0	730.0
467.0	711.0
468.0	704.0
463.0	707.0
467.0	706.0
468.0	700.0
463.0	697.0
468.0	695.0
466.0	689.0
470.0	692.0
463.0	688.0
469.0	692.0
461.0	689.0
467.0	695.0
461.0	700.0
463.0	709.0
467.0	699.0
466.0	709.0
469.0	695.0
461.0	688.0
462.0	704.0
460.0	689.0
465.0	710.0
462.0	690.0
430.0	694.0
423.0	696.0
418.0	699.0
415.0	698.0
411.0	700.0
405.0	700.0
400.0	700.0
396.0	701.0
392.0	704.0
396.0	700.0
391.0	703.0
398.0	702.0
404.0	702.0
411.0	705.0
409.0	700.0
401.0	700.0
407.0	709.0
399.0	712.0
400.0	701.0
399.0	713.0
403.0	701.0
413.0	700.0
420.0	697.0
424.0	693.0
424.0	702.0
425.0	697.0
420.0	702.0
422.0	706.0
416.0	701.0
419.0	707.0
413.0	701.0
421.0	699.0
430.0	699.0
432.0	706.0
429.0	702.0
435.0	708.0
439.0	714.0
433.0	716.0
431.0	707.0
430.0	696.0
417.0	700.0
409.0	709.0
418.0	700.0
405.0	701.0
420.0	705.0
409.0	711.0
430.0	702.0
442.0	714.0
434.0	710.0
444.0	718.0
453.0	726.0
466.0	738.0
470.0	761.0
477.0	782.0
491.0	790.0
508.0	796.0
489.0	788.0
507.0	804.0
487.0	788.0
515.0	794.0
541.0	805.0
560.0	816.0
550.0	809.0
567.0	821.0
580.0	831.0
571.0	825.0
586.0	834.0
575.0	827.0
595.0	836.0
581.0	831.0
608.0	838.0
620.0	840.0
608.0	839.0
629.0	839.0
598.0	836.0
632.0	839.0
669.0	847.0
685.0	819.0
672.0	827.0
692.0	811.0
699.0	806.0
706.0	795.0
699.0	777.0
675.0	777.0
703.0	796.0
692.0	815.0
705.0	787.0
697.0	758.0
671.0	780.0
700.0	808.0
682.0	776.0
686.0	734.0
690.0	703.0
696.0	692.0
684.0	683.0
673.0	684.0
665.0	680.0
658.0	685.0
667.0	682.0
678.0	685.0
686.0	673.0
685.0	665.0
685.0	662.0
681.0	661.0
683.0	656.0
680.0	655.0
686.0	656.0
692.0	655.0
696.0	663.0
692.0	668.0
694.0	662.0
687.0	664.0
688.0	667.0
684.0	664.0
680.0	665.0
674.0	662.0
669.0	664.0
675.0	664.0
672.0	656.0
673.0	661.0
673.0	654.0
683.0	654.0
686.0	663.0
684.0	668.0
682.0	658.0
687.0	665.0
696.0	665.0
695.0	675.0
684.0	681.0
685.0	667.0
684.0	655.0
694.0	660.0
694.0	674.0
687.0	661.0
673.0	657.0
683.0	655.0
695.0	658.0
672.0	658.0
664.0	664.0
650.0	659.0
649.0	666.0
648.0	656.0
648.0	646.0
649.0	637.0
641.0	633.0
634.0	624.0
621.0	621.0
608.0	613.0
607.0	629.0
594.0	642.0
590.0	640.0
594.0	639.0
591.0	645.0
586.0	646.0
584.0	650.0
580.0	649.0
582.0	646.0
581.0	651.0
581.0	655.0
579.0	656.0
577.0	657.0
580.0	655.0
577.0	656.0
580.0	660.0
578.0	651.0
582.0	648.0
587.0	644.0
585.0	648.0
589.0	641.0
584.0	644.0
592.0	640.0
581.0	649.0
580.0	657.0
587.0	643.0
579.0	655.0
589.0	640.0
577.0	654.0
569.0	614.0
584.0	611.0
570.0	613.0
550.0	616.0
540.0	618.0
544.0	612.0
540.0	621.0
547.0	616.0
535.0	619.0
525.0	620.0
519.0	617.0
522.0	623.0
529.0	620.0
539.0	618.0
521.0	619.0
518.0	612.0
516.0	604.0
512.0	595.0
514.0	603.0
510.0	594.0
505.0	584.0
502.0	577.0
501.0	571.0
500.0	577.0
504.0	584.0
503.0	574.0
497.0	569.0
500.0	563.0
497.0	566.0
498.0	561.0
497.0	567.0
495.0	558.0
492.0	553.0
495.0	551.0
491.0	549.0
489.0	553.0
488.0	548.0
490.0	553.0
490.0	548.0
493.0	543.0
497.0	546.0
496.0	541.0
501.0	540.0
497.0	541.0
501.0	545.0
505.0	545.0
504.0	548.0
501.0	551.0
506.0	552.0
508.0	557.0
510.0	554.0
507.0	558.0
502.0	560.0
498.0	566.0
493.0	556.0
499.0	552.0
500.0	546.0
498.0	541.0
492.0	541.0
486.0	541.0
490.0	543.0
487.0	537.0
484.0	536.0
488.0	536.0
487.0	532.0
484.0	530.0
487.0	529.0
483.0	532.0
485.0	529.0
481.0	526.0
477.0	522.0
475.0	519.0
473.0	522.0
474.0	516.0
478.0	520.0
483.0	518.0
480.0	523.0
486.0	525.0
491.0	520.0
488.0	524.0
493.0	520.0
489.0	524.0
495.0	527.0
495.0	522.0
499.0	524.0
502.0	526.0
506.0	530.0
508.0	533.0
508.0	536.0
512.0	535.0
507.0	534.0
511.0	534.0
506.0	532.0
501.0	527.0
495.0	526.0
501.0	525.0
494.0	523.0
486.0	516.0
482.0	524.0
474.0	524.0
474.0	515.0
479.0	513.0
478.0	508.0
474.0	508.0
477.0	509.0
472.0	511.0
473.0	516.0
472.0	509.0
475.0	506.0
471.0	503.0
473.0	500.0
467.0	499.0
464.0	497.0
468.0	495.0
462.0	495.0
465.0	499.0
471.0	500.0
466.0	497.0
463.0	491.0
460.0	488.0
462.0	485.0
459.0	487.0
454.0	487.0
454.0	482.0
452.0	480.0
455.0	483.0
458.0	487.0
463.0	484.0
467.0	483.0
465.0	486.0
465.0	482.0
460.0	486.0
456.0	482.0
457.0	489.0
464.0	489.0
461.0	494.0
466.0	501.0
473.0	505.0
470.0	500.0
471.0	510.0
475.0	516.0
475.0	508.0
467.0	502.0
458.0	509.0
456.0	505.0
459.0	512.0
455.0	516.0
458.0	513.0
458.0	518.0
461.0	521.0
462.0	527.0
458.0	529.0
458.0	533.0
456.0	534.0
459.0	532.0
462.0	529.0
465.0	533.0
462.0	531.0
466.0	533.0
464.0	537.0
460.0	534.0
461.0	539.0
466.0	540.0
462.0	541.0
466.0	544.0
470.0	545.0
469.0	541.0
474.0	543.0
467.0	543.0
469.0	538.0
465.0	543.0
460.0	539.0
462.0	545.0
462.0	550.0
457.0	552.0
454.0	549.0
451.0	547.0
448.0	545.0
451.0	543.0
446.0	543.0
442.0	547.0
440.0	543.0
445.0	550.0
445.0	545.0
447.0	550.0
452.0	550.0
453.0	554.0
455.0	558.0
453.0	562.0
453.0	558.0
452.0	563.0
449.0	559.0
451.0	552.0
449.0	547.0
454.0	550.0
450.0	554.0
444.0	550.0
449.0	542.0
455.0	541.0
451.0	544.0
447.0	538.0
453.0	534.0
457.0	532.0
453.0	530.0
449.0	525.0
455.0	530.0
458.0	535.0
460.0	541.0
458.0	548.0
453.0	547.0
461.0	548.0
455.0	550.0
463.0	552.0
466.0	547.0
473.0	547.0
468.0	549.0
473.0	553.0
471.0	549.0
475.0	545.0
478.0	553.0
480.0	557.0
476.0	561.0
478.0	557.0
473.0	556.0
477.0	558.0
472.0	558.0
471.0	562.0
472.0	566.0
475.0	570.0
471.0	573.0
472.0	569.0
477.0	568.0
476.0	573.0
473.0	576.0
473.0	581.0
477.0	585.0
473.0	583.0
479.0	583.0
476.0	579.0
470.0	577.0
472.0	573.0
467.0	570.0
464.0	567.0
465.0	563.0
467.0	559.0
469.0	557.0
466.0	558.0
469.0	560.0
465.0	561.0
467.0	556.0
468.0	551.0
461.0	552.0
456.0	547.0
453.0	537.0
458.0	541.0
449.0	536.0
453.0	529.0
454.0	537.0
458.0	545.0
468.0	552.0
476.0	552.0
471.0	559.0
474.0	562.0
469.0	567.0
469.0	573.0
464.0	570.0
460.0	573.0
464.0	576.0
466.0	580.0
468.0	585.0
467.0	577.0
461.0	575.0
457.0	569.0
461.0	572.0
464.0	566.0
466.0	560.0
468.0	566.0
474.0	561.0
477.0	555.0
482.0	561.0
478.0	556.0
479.0	565.0
483.0	570.0
480.0	567.0
479.0	572.0
476.0	576.0
470.0	578.0
468.0	587.0
479.0	589.0
482.0	593.0
484.0	589.0
479.0	590.0
476.0	595.0
482.0	594.0
477.0	596.0
479.0	602.0
477.0	598.0
483.0	602.0
487.0	599.0
490.0	603.0
491.0	607.0
494.0	604.0
492.0	603.0
496.0	602.0
495.0	606.0
497.0	609.0
498.0	613.0
500.0	608.0
503.0	609.0
499.0	607.0
503.0	610.0
499.0	613.0
504.0	615.0
505.0	612.0
503.0	617.0
499.0	617.0
497.0	623.0
502.0	621.0
506.0	619.0
506.0	615.0
504.0	621.0
507.0	618.0
502.0	614.0
500.0	607.0
498.0	601.0
493.0	602.0
489.0	601.0
493.0	598.0
494.0	594.0
489.0	597.0
489.0	591.0
490.0	586.0
490.0	581.0
488.0	586.0
485.0	583.0
483.0	578.0
483.0	582.0
480.0	586.0
485.0	581.0
484.0	586.0
487.0	580.0
480.0	579.0
476.0	584.0
468.0	577.0
462.0	567.0
457.0	566.0
461.0	565.0
455.0	564.0
458.0	569.0
454.0	562.0
459.0	558.0
467.0	558.0
471.0	552.0
471.0	563.0
482.0	564.0
484.0	573.0
484.0	577.0
480.0	572.0
483.0	567.0
479.0	575.0
488.0	578.0
484.0	570.0
488.0	582.0
481.0	575.0
477.0	562.0
468.0	571.0
481.0	571.0
496.0	564.0
492.0	554.0
498.0	550.0
505.0	552.0
507.0	546.0
503.0	544.0
504.0	539.0
511.0	538.0
509.0	532.0
514.0	540.0
509.0	544.0
502.0	544.0
509.0	545.0
514.0	550.0
513.0	555.0
512.0	552.0
516.0	555.0
520.0	556.0
517.0	558.0
518.0	555.0
522.0	558.0
526.0	556.0
530.0	553.0
526.0	551.0
530.0	550.0
526.0	548.0
523.0	551.0
527.0	548.0
532.0	552.0
534.0	559.0
532.0	561.0
535.0	558.0
532.0	560.0
534.0	564.0
537.0	561.0
539.0	562.0
535.0	561.0
538.0	561.0
540.0	565.0
536.0	566.0
532.0	569.0
528.0	567.0
524.0	564.0
528.0	568.0
526.0	563.0
531.0	560.0
525.0	561.0
520.0	558.0
518.0	562.0
515.0	556.0
517.0	561.0
515.0	554.0
512.0	549.0
508.0	555.0
507.0	547.0
502.0	540.0
495.0	535.0
497.0	526.0
489.0	518.0
479.0	522.0
484.0	531.0
489.0	535.0
484.0	532.0
486.0	539.0
488.0	545.0
485.0	536.0
496.0	540.0
486.0	533.0
479.0	524.0
482.0	513.0
472.0	506.0
477.0	519.0
467.0	530.0
469.0	534.0
464.0	528.0
463.0	521.0
456.0	526.0
456.0	518.0
451.0	514.0
447.0	512.0
450.0	514.0
445.0	517.0
449.0	512.0
444.0	510.0
444.0	516.0
438.0	520.0
439.0	526.0
436.0	528.0
440.0	527.0
436.0	525.0
433.0	531.0
428.0	533.0
436.0	532.0
440.0	525.0
435.0	530.0
443.0	526.0
454.0	530.0
464.0	530.0
455.0	534.0
467.0	534.0
468.0	546.0
468.0	532.0
483.0	534.0
472.0	542.0
468.0	557.0
458.0	564.0
462.0	559.0
455.0	567.0
456.0	555.0
458.0	567.0
465.0	578.0
454.0	563.0
448.0	549.0
448.0	537.0
439.0	547.0
428.0	555.0
433.0	555.0
425.0	554.0
423.0	560.0
417.0	560.0
410.0	565.0
402.0	558.0
394.0	556.0
392.0	551.0
393.0	556.0
399.0	560.0
391.0	556.0
395.0	548.0
397.0	545.0
393.0	550.0
389.0	556.0
394.0	547.0
385.0	547.0
380.0	546.0
384.0	545.0
378.0	546.0
374.0	548.0
379.0	548.0
385.0	545.0
375.0	545.0
367.0	545.0
360.0	544.0
354.0	545.0
350.0	541.0
345.0	539.0
339.0	538.0
335.0	535.0
339.0	536.0
334.0	537.0
332.0	532.0
337.0	535.0
331.0	534.0
339.0	540.0
336.0	533.0
337.0	544.0
347.0	540.0
341.0	539.0
351.0	538.0
358.0	543.0
352.0	543.0
344.0	538.0
330.0	533.0
318.0	526.0
316.0	522.0
313.0	524.0
308.0	521.0
304.0	517.0
302.0	513.0
299.0	510.0
300.0	516.0
306.0	518.0
300.0	513.0
305.0	519.0
313.0	523.0
319.0	524.0
324.0	524.0
316.0	525.0
323.0	523.0
311.0	523.0
305.0	514.0
296.0	506.0
291.0	506.0
290.0	501.0
285.0	503.0
282.0	498.0
279.0	496.0
277.0	499.0
281.0	495.0
279.0	490.0
272.0	488.0
276.0	491.0
278.0	498.0
285.0	502.0
281.0	507.0
280.0	496.0
272.0	491.0
271.0	483.0
267.0	480.0
266.0	484.0
264.0	480.0
265.0	475.0
264.0	470.0
261.0	472.0
258.0	469.0
258.0	463.0
254.0	459.0
252.0	454.0
250.0	449.0
255.0	451.0
251.0	448.0
247.0	442.0
246.0	437.0
249.0	434.0
248.0	438.0
245.0	434.0
247.0	429.0
248.0	424.0
244.0	429.0
250.0	430.0
244.0	424.0
245.0	415.0
246.0	421.0
246.0	412.0
243.0	419.0
247.0	426.0
241.0	414.0
234.0	415.0
234.0	419.0
234.0	414.0
232.0	409.0
239.0	405.0
232.0	407.0
231.0	399.0
230.0	392.0
230.0	385.0
226.0	388.0
229.0	383.0
227.0	389.0
233.0	384.0
240.0	385.0
244.0	388.0
245.0	393.0
240.0	395.0
240.0	401.0
247.0	405.0
240.0	399.0
245.0	392.0
239.0	389.0
246.0	389.0
245.0	397.0
246.0	408.0
239.0	398.0
232.0	404.0
230.0	395.0
227.0	385.0
236.0	383.0
242.0	380.0
244.0	385.0
239.0	380.0
244.0	374.0
240.0	370.0
240.0	378.0
238.0	386.0
228.0	389.0
232.0	400.0
246.0	397.0
232.0	403.0
235.0	417.0
233.0	423.0
226.0	425.0
218.0	426.0
213.0	429.0
215.0	425.0
212.0	420.0
208.0	423.0
212.0	426.0
215.0	431.0
209.0	428.0
204.0	424.0
206.0	430.0
199.0	429.0
194.0	429.0
196.0	428.0
192.0	429.0
188.0	429.0
190.0	424.0
185.0	430.0
180.0	431.0
181.0	434.0
177.0	433.0
179.0	434.0
175.0	433.0
178.0	431.0
177.0	435.0
173.0	432.0
172.0	437.0
168.0	438.0
167.0	442.0
169.0	440.0
173.0	440.0
167.0	440.0
165.0	444.0
166.0	440.0
166.0	446.0
161.0	451.0
156.0	450.0
159.0	455.0
157.0	451.0
163.0	453.0
155.0	455.0
161.0	462.0
158.0	466.0
156.0	470.0
161.0	467.0
166.0	467.0
160.0	470.0
159.0	464.0
159.0	471.0
163.0	479.0
158.0	477.0
157.0	485.0
160.0	486.0
156.0	487.0
159.0	486.0
161.0	482.0
157.0	487.0
156.0	491.0
152.0	490.0
153.0	494.0
154.0	489.0
150.0	491.0
155.0	492.0
148.0	493.0
151.0	491.0
149.0	497.0
147.0	494.0
149.0	498.0
145.0	495.0
147.0	500.0
144.0	503.0
144.0	507.0
141.0	506.0
145.0	503.0
144.0	508.0
142.0	513.0
142.0	508.0
144.0	514.0
150.0	513.0
154.0	512.0
151.0	510.0
151.0	515.0
155.0	515.0
151.0	517.0
155.0	513.0
156.0	518.0
160.0	514.0
152.0	514.0
146.0	509.0
139.0	510.0
134.0	508.0
133.0	512.0
133.0	516.0
136.0	511.0
134.0	515.0
134.0	521.0
131.0	524.0
136.0	524.0
130.0	527.0
134.0	524.0
133.0	517.0
137.0	510.0
142.0	505.0
136.0	501.0
134.0	507.0
128.0	502.0
139.0	497.0
147.0	496.0
146.0	503.0
153.0	505.0
158.0	504.0
153.0	502.0
146.0	501.0
139.0	498.0
145.0	505.0
149.0	514.0
141.0	516.0
145.0	523.0
147.0	528.0
142.0	530.0
142.0	534.0
146.0	538.0
140.0	539.0
133.0	539.0
137.0	541.0
131.0	543.0
136.0	546.0
130.0	545.0
132.0	537.0
135.0	541.0
132.0	534.0
129.0	532.0
133.0	532.0
137.0	531.0
130.0	531.0
132.0	535.0
132.0	528.0
130.0	534.0
125.0	531.0
130.0	529.0
133.0	522.0
144.0	522.0
137.0	521.0
144.0	527.0
152.0	526.0
156.0	529.0
153.0	525.0
151.0	519.0
158.0	514.0
154.0	506.0
160.0	500.0
157.0	504.0
162.0	496.0
166.0	493.0
169.0	497.0
173.0	495.0
178.0	490.0
184.0	489.0
183.0	485.0
186.0	489.0
186.0	485.0
188.0	480.0
193.0	484.0
197.0	483.0
193.0	487.0
190.0	490.0
195.0	492.0
196.0	496.0
192.0	490.0
187.0	487.0
182.0	490.0
188.0	490.0
181.0	487.0
189.0	487.0
189.0	480.0
195.0	484.0
196.0	491.0
189.0	488.0
198.0	490.0
197.0	481.0
203.0	471.0
207.0	463.0
201.0	463.0
204.0	468.0
205.0	459.0
205.0	469.0
194.0	461.0
204.0	464.0
217.0	458.0
225.0	446.0
221.0	444.0
218.0	443.0
221.0	447.0
226.0	446.0
222.0	442.0
225.0	443.0
224.0	448.0
227.0	441.0
223.0	438.0
222.0	441.0
221.0	437.0
217.0	439.0
223.0	435.0
222.0	440.0
220.0	435.0
226.0	438.0
230.0	436.0
229.0	429.0
229.0	438.0
223.0	433.0
218.0	429.0
215.0	420.0
208.0	424.0
212.0	419.0
212.0	411.0
212.0	416.0
210.0	408.0
211.0	404.0
209.0	400.0
209.0	394.0
210.0	389.0
211.0	392.0
210.0	396.0
212.0	389.0
208.0	386.0
211.0	389.0
212.0	395.0
211.0	405.0
210.0	412.0
208.0	419.0
209.0	430.0
199.0	427.0
193.0	429.0
188.0	431.0
194.0	427.0
205.0	428.0
217.0	430.0
228.0	431.0
222.0	437.0
220.0	429.0
225.0	441.0
230.0	428.0
233.0	418.0
243.0	425.0
247.0	435.0
251.0	440.0
254.0	448.0
257.0	456.0
256.0	450.0
256.0	461.0
260.0	466.0
259.0	461.0
261.0	469.0
259.0	463.0
256.0	455.0
249.0	444.0
249.0	432.0
235.0	420.0
245.0	432.0
228.0	434.0
235.0	419.0
239.0	403.0
244.0	391.0
228.0	384.0
217.0	380.0
214.0	378.0
210.0	373.0
214.0	380.0
220.0	383.0
214.0	379.0
207.0	382.0
206.0	379.0
202.0	378.0
203.0	373.0
198.0	373.0
195.0	369.0
200.0	370.0
202.0	375.0
205.0	381.0
209.0	387.0
204.0	382.0
199.0	375.0
197.0	366.0
201.0	364.0
195.0	366.0
193.0	361.0
193.0	365.0
192.0	361.0
191.0	356.0
190.0	361.0
188.0	355.0
189.0	350.0
185.0	348.0
182.0	348.0
181.0	343.0
185.0	347.0
189.0	349.0
185.0	353.0
183.0	348.0
186.0	355.0
187.0	347.0
194.0	343.0
199.0	344.0
195.0	346.0
201.0	345.0
204.0	345.0
202.0	347.0
202.0	344.0
203.0	341.0
204.0	344.0
202.0	348.0
200.0	345.0
202.0	340.0
199.0	336.0
202.0	333.0
201.0	339.0
195.0	340.0
195.0	334.0
193.0	328.0
198.0	328.0
193.0	327.0
199.0	326.0
202.0	331.0
198.0	323.0
194.0	327.0
201.0	322.0
202.0	315.0
205.0	313.0
204.0	310.0
203.0	314.0
203.0	309.0
207.0	306.0
206.0	310.0
203.0	305.0
206.0	301.0
206.0	297.0
209.0	298.0
205.0	296.0
208.0	292.0
207.0	298.0
206.0	303.0
207.0	296.0
204.0	303.0
207.0	295.0
205.0	307.0
206.0	314.0
204.0	308.0
203.0	318.0
203.0	312.0
193.0	313.0
201.0	314.0
192.0	310.0
182.0	313.0
182.0	306.0
176.0	304.0
175.0	301.0
176.0	305.0
179.0	307.0
180.0	302.0
179.0	308.0
173.0	308.0
169.0	309.0
174.0	307.0
177.0	303.0
177.0	297.0
175.0	292.0
171.0	294.0
173.0	290.0
172.0	286.0
173.0	283.0
171.0	286.0
167.0	286.0
170.0	282.0
168.0	279.0
172.0	278.0
169.0	274.0
170.0	277.0
168.0	281.0
171.0	285.0
167.0	287.0
172.0	283.0
170.0	289.0
173.0	292.0
168.0	290.0
167.0	297.0
172.0	296.0
170.0	292.0
173.0	286.0
168.0	280.0
169.0	286.0
171.0	296.0
169.0	301.0
171.0	305.0
175.0	302.0
170.0	299.0
176.0	297.0
175.0	304.0
171.0	310.0
170.0	315.0
174.0	313.0
172.0	317.0
175.0	314.0
171.0	313.0
172.0	319.0
176.0	321.0
176.0	325.0
180.0	326.0
178.0	332.0
180.0	337.0
178.0	339.0
177.0	336.0
182.0	336.0
178.0	338.0
180.0	334.0
178.0	340.0
184.0	349.0
180.0	340.0
188.0	347.0
197.0	351.0
204.0	351.0
207.0	352.0
203.0	353.0
207.0	353.0
204.0	350.0
204.0	355.0
208.0	353.0
207.0	359.0
211.0	360.0
207.0	358.0
211.0	361.0
205.0	366.0
200.0	373.0
194.0	364.0
192.0	357.0
197.0	354.0
205.0	353.0
210.0	357.0
202.0	351.0
206.0	357.0
200.0	362.0
205.0	355.0
203.0	347.0
201.0	338.0
203.0	344.0
195.0	338.0
201.0	333.0
203.0	342.0
194.0	338.0
201.0	329.0
195.0	337.0
192.0	325.0
200.0	318.0
193.0	325.0
192.0	311.0
205.0	314.0
193.0	321.0
179.0	315.0
171.0	319.0
178.0	318.0
177.0	311.0
169.0	307.0
167.0	299.0
174.0	290.0
178.0	284.0
181.0	289.0
179.0	292.0
181.0	286.0
186.0	285.0
186.0	290.0
183.0	286.0
185.0	290.0
181.0	287.0
187.0	292.0
189.0	285.0
188.0	279.0
192.0	281.0
197.0	283.0
196.0	288.0
196.0	282.0
191.0	279.0
186.0	275.0
182.0	275.0
181.0	272.0
184.0	276.0
187.0	274.0
185.0	279.0
192.0	278.0
200.0	277.0
208.0	276.0
202.0	278.0
194.0	284.0
193.0	292.0
193.0	300.0
204.0	300.0
193.0	304.0
192.0	318.0
174.0	318.0
175.0	325.0
177.0	331.0
173.0	323.0
169.0	313.0
173.0	301.0
175.0	311.0
181.0	298.0
171.0	303.0
186.0	294.0
195.0	290.0
186.0	287.0
195.0	286.0
203.0	277.0
213.0	276.0
203.0	275.0
203.0	264.0
198.0	264.0
194.0	266.0
202.0	263.0
207.0	260.0
206.0	256.0
205.0	260.0
203.0	256.0
203.0	252.0
199.0	251.0
194.0	248.0
197.0	244.0
198.0	236.0
201.0	230.0
197.0	232.0
194.0	225.0
199.0	223.0
203.0	224.0
204.0	228.0
199.0	226.0
199.0	232.0
198.0	240.0
197.0	251.0
202.0	253.0
205.0	250.0
205.0	254.0
208.0	249.0
210.0	252.0
212.0	256.0
217.0	256.0
218.0	251.0
219.0	246.0
214.0	247.0
217.0	242.0
216.0	236.0
216.0	232.0
213.0	228.0
213.0	224.0
208.0	226.0
206.0	231.0
212.0	227.0
209.0	223.0
215.0	225.0
212.0	232.0
216.0	238.0
220.0	234.0
218.0	239.0
222.0	246.0
219.0	253.0
215.0	257.0
216.0	250.0
216.0	256.0
213.0	249.0
207.0	248.0
204.0	256.0
199.0	253.0
195.0	257.0
193.0	252.0
194.0	245.0
198.0	253.0
205.0	255.0
208.0	261.0
200.0	264.0
206.0	262.0
199.0	257.0
207.0	252.0
210.0	260.0
207.0	250.0
218.0	250.0
222.0	240.0
218.0	249.0
219.0	237.0
214.0	230.0
218.0	222.0
219.0	214.0
221.0	218.0
216.0	213.0
212.0	212.0
213.0	215.0
210.0	212.0
212.0	209.0
207.0	213.0
212.0	214.0
216.0	210.0
222.0	209.0
219.0	210.0
225.0	209.0
221.0	209.0
228.0	209.0
225.0	212.0
224.0	216.0
218.0	217.0
223.0	211.0
218.0	215.0
210.0	216.0
207.0	221.0
201.0	224.0
204.0	220.0
206.0	214.0
212.0	211.0
204.0	216.0
198.0	216.0
203.0	218.0
197.0	217.0
198.0	223.0
200.0	218.0
194.0	222.0
189.0	216.0
186.0	210.0
189.0	208.0
192.0	206.0
187.0	209.0
191.0	209.0
185.0	206.0
181.0	206.0
179.0	209.0
180.0	206.0
182.0	210.0
185.0	208.0
184.0	204.0
181.0	208.0
185.0	207.0
182.0	212.0
177.0	211.0
178.0	206.0
180.0	213.0
177.0	217.0
181.0	221.0
176.0	221.0
179.0	217.0
182.0	211.0
187.0	208.0
184.0	201.0
181.0	196.0
186.0	193.0
188.0	189.0
185.0	185.0
189.0	183.0
185.0	181.0
189.0	179.0
186.0	176.0
186.0	180.0
187.0	175.0
187.0	180.0
189.0	186.0
186.0	192.0
185.0	197.0
184.0	190.0
186.0	183.0
189.0	177.0
189.0	168.0
190.0	163.0
192.0	158.0
196.0	156.0
199.0	157.0
196.0	159.0
199.0	158.0
196.0	161.0
201.0	160.0
197.0	154.0
198.0	151.0
198.0	148.0
202.0	151.0
199.0	156.0
196.0	160.0
191.0	159.0
194.0	166.0
192.0	163.0
197.0	166.0
195.0	160.0
194.0	152.0
198.0	156.0
199.0	151.0
199.0	143.0
200.0	150.0
200.0	141.0
207.0	140.0
211.0	138.0
205.0	134.0
208.0	130.0
213.0	127.0
210.0	126.0
210.0	131.0
211.0	125.0
214.0	122.0
215.0	125.0
215.0	121.0
212.0	123.0
211.0	128.0
216.0	122.0
218.0	117.0
219.0	113.0
224.0	113.0
222.0	116.0
225.0	119.0
225.0	112.0
222.0	109.0
224.0	115.0
218.0	116.0
221.0	111.0
226.0	105.0
229.0	101.0
231.0	103.0
227.0	103.0
226.0	108.0
230.0	102.0
234.0	102.0
231.0	99.0
234.0	95.0
237.0	93.0
238.0	96.0
240.0	92.0
241.0	87.0
245.0	83.0
249.0	81.0
251.0	78.0
247.0	82.0
243.0	86.0
248.0	82.0
253.0	78.0
256.0	72.0
260.0	72.0
256.0	71.0
262.0	72.0
263.0	67.0
267.0	70.0
271.0	73.0
273.0	68.0
272.0	73.0
266.0	69.0
261.0	66.0
264.0	72.0
262.0	78.0
259.0	71.0
261.0	65.0
256.0	73.0
252.0	80.0
246.0	86.0
250.0	82.0
242.0	87.0
236.0	93.0
233.0	98.0
230.0	103.0
235.0	98.0
235.0	105.0
227.0	112.0
224.0	122.0
217.0	123.0
211.0	127.0
218.0	120.0
214.0	127.0
206.0	136.0
204.0	140.0
207.0	136.0
215.0	133.0
203.0	139.0
198.0	152.0
202.0	142.0
198.0	153.0
191.0	167.0
198.0	161.0
197.0	148.0
191.0	165.0
199.0	153.0
206.0	137.0
218.0	151.0
231.0	150.0
236.0	150.0
233.0	147.0
235.0	144.0
238.0	148.0
233.0	149.0
228.0	149.0
237.0	150.0
238.0	156.0
237.0	158.0
240.0	156.0
243.0	154.0
243.0	158.0
246.0	158.0
250.0	156.0
253.0	151.0
254.0	155.0
248.0	154.0
243.0	151.0
236.0	153.0
236.0	147.0
240.0	141.0
247.0	141.0
253.0	146.0
248.0	150.0
254.0	153.0
258.0	146.0
255.0	142.0
251.0	149.0
244.0	152.0
240.0	158.0
243.0	160.0
246.0	164.0
242.0	168.0
237.0	165.0
233.0	169.0
236.0	172.0
232.0	175.0
231.0	177.0
234.0	175.0
231.0	174.0
234.0	176.0
236.0	171.0
235.0	177.0
233.0	171.0
232.0	177.0
235.0	183.0
231.0	185.0
236.0	183.0
242.0	184.0
239.0	189.0
236.0	185.0
239.0	191.0
245.0	193.0
250.0	194.0
246.0	193.0
250.0	197.0
247.0	199.0
245.0	194.0
241.0	190.0
245.0	184.0
239.0	187.0
244.0	194.0
249.0	199.0
253.0	195.0
254.0	191.0
257.0	192.0
258.0	196.0
257.0	191.0
253.0	190.0
251.0	185.0
256.0	189.0
252.0	186.0
258.0	187.0
262.0	188.0
260.0	184.0
259.0	187.0
255.0	190.0
256.0	197.0
250.0	196.0
257.0	194.0
263.0	196.0
267.0	192.0
266.0	188.0
261.0	187.0
263.0	182.0
259.0	183.0
258.0	179.0
261.0	177.0
263.0	180.0
266.0	183.0
260.0	183.0
264.0	181.0
269.0	179.0
266.0	176.0
270.0	175.0
272.0	171.0
272.0	166.0
270.0	169.0
266.0	172.0
262.0	171.0
260.0	175.0
264.0	176.0
260.0	179.0
258.0	174.0
254.0	177.0
248.0	175.0
251.0	171.0
256.0	170.0
254.0	164.0
248.0	167.0
241.0	167.0
235.0	166.0
229.0	164.0
225.0	167.0
221.0	163.0
220.0	172.0
223.0	176.0
228.0	176.0
225.0	174.0
224.0	170.0
219.0	173.0
224.0	168.0
227.0	162.0
236.0	166.0
233.0	173.0
241.0	171.0
247.0	176.0
247.0	183.0
255.0	179.0
256.0	185.0
260.0	178.0
261.0	171.0
259.0	165.0
262.0	161.0
266.0	161.0
268.0	164.0
269.0	161.0
266.0	164.0
264.0	161.0
261.0	163.0
265.0	166.0
269.0	163.0
273.0	165.0
276.0	162.0
275.0	156.0
281.0	152.0
280.0	159.0
280.0	150.0
275.0	143.0
267.0	141.0
263.0	145.0
266.0	144.0
262.0	144.0
264.0	141.0
264.0	148.0
261.0	145.0
266.0	145.0
260.0	147.0
267.0	148.0
260.0	142.0
256.0	153.0
261.0	160.0
267.0	161.0
262.0	164.0
263.0	170.0
262.0	163.0
259.0	171.0
267.0	174.0
271.0	180.0
277.0	178.0
276.0	182.0
281.0	182.0
280.0	186.0
282.0	183.0
278.0	185.0
278.0	191.0
281.0	190.0
277.0	191.0
272.0	191.0
269.0	196.0
265.0	192.0
270.0	194.0
276.0	193.0
279.0	197.0
279.0	201.0
277.0	205.0
275.0	199.0
277.0	203.0
278.0	197.0
274.0	194.0
279.0	198.0
284.0	196.0
279.0	193.0
277.0	188.0
271.0	187.0
278.0	189.0
275.0	196.0
267.0	195.0
264.0	188.0
258.0	182.0
265.0	189.0
270.0	196.0
277.0	202.0
270.0	206.0
267.0	209.0
262.0	207.0
259.0	205.0
263.0	205.0
257.0	205.0
257.0	213.0
256.0	207.0
251.0	212.0
250.0	216.0
247.0	217.0
244.0	218.0
248.0	219.0
249.0	223.0
245.0	224.0
248.0	223.0
244.0	227.0
248.0	225.0
250.0	230.0
246.0	235.0
240.0	237.0
236.0	233.0
234.0	229.0
233.0	226.0
230.0	228.0
233.0	227.0
235.0	230.0
239.0	229.0
235.0	229.0
237.0	225.0
242.0	224.0
236.0	224.0
231.0	228.0
227.0	229.0
232.0	229.0
236.0	232.0
231.0	230.0
225.0	233.0
215.0	233.0
226.0	232.0
234.0	226.0
228.0	232.0
239.0	235.0
240.0	230.0
241.0	235.0
240.0	229.0
243.0	235.0
242.0	229.0
238.0	234.0
233.0	225.0
232.0	213.0
230.0	209.0
235.0	209.0
233.0	202.0
232.0	209.0
234.0	202.0
234.0	211.0
224.0	209.0
213.0	212.0
203.0	209.0
199.0	201.0
191.0	201.0
200.0	199.0
204.0	210.0
201.0	200.0
207.0	212.0
201.0	202.0
198.0	215.0
190.0	209.0
186.0	218.0
182.0	225.0
185.0	224.0
181.0	227.0
185.0	227.0
179.0	223.0
180.0	229.0
175.0	226.0
170.0	227.0
176.0	230.0
171.0	233.0
172.0	228.0
172.0	236.0
171.0	239.0
175.0	241.0
176.0	237.0
173.0	240.0
169.0	241.0
171.0	246.0
168.0	250.0
168.0	256.0
170.0	252.0
170.0	259.0
168.0	255.0
170.0	262.0
167.0	266.0
170.0	263.0
168.0	269.0
173.0	269.0
169.0	272.0
168.0	276.0
172.0	281.0
181.0	285.0
184.0	277.0
182.0	270.0
182.0	276.0
179.0	269.0
183.0	275.0
190.0	270.0
183.0	278.0
175.0	272.0
171.0	266.0
170.0	260.0
175.0	269.0
167.0	274.0
175.0	270.0
168.0	262.0
169.0	251.0
169.0	259.0
168.0	273.0
186.0	271.0
197.0	265.0
200.0	257.0
196.0	267.0
198.0	279.0
212.0	276.0
221.0	283.0
217.0	280.0
223.0	280.0
227.0	274.0
232.0	268.0
238.0	265.0
233.0	262.0
234.0	268.0
234.0	260.0
229.0	273.0
222.0	280.0
214.0	276.0
225.0	285.0
228.0	277.0
228.0	289.0
222.0	282.0
229.0	291.0
234.0	300.0
232.0	295.0
236.0	304.0
233.0	299.0
238.0	305.0
236.0	301.0
232.0	294.0
242.0	306.0
244.0	311.0
247.0	315.0
241.0	319.0
239.0	313.0
241.0	308.0
238.0	303.0
237.0	312.0
243.0	308.0
235.0	310.0
244.0	314.0
248.0	322.0
248.0	329.0
247.0	323.0
247.0	330.0
248.0	336.0
251.0	336.0
248.0	334.0
252.0	336.0
247.0	338.0
246.0	331.0
253.0	336.0
251.0	342.0
256.0	332.0
258.0	326.0
261.0	321.0
259.0	324.0
263.0	318.0
266.0	316.0
263.0	319.0
260.0	323.0
262.0	315.0
260.0	322.0
265.0	313.0
261.0	318.0
258.0	329.0
247.0	328.0
250.0	338.0
249.0	326.0
257.0	334.0
264.0	317.0
268.0	306.0
263.0	316.0
268.0	302.0
267.0	312.0
270.0	294.0
269.0	305.0
272.0	288.0
276.0	277.0
274.0	286.0
279.0	273.0
287.0	270.0
282.0	272.0
285.0	265.0
288.0	273.0
291.0	265.0
284.0	268.0
293.0	261.0
288.0	266.0
298.0	260.0
298.0	255.0
295.0	260.0
301.0	254.0
298.0	257.0
304.0	252.0
301.0	256.0
303.0	248.0
306.0	253.0
298.0	256.0
306.0	246.0
308.0	242.0
307.0	244.0
310.0	241.0
314.0	240.0
310.0	242.0
315.0	240.0
317.0	235.0
314.0	237.0
319.0	233.0
316.0	238.0
308.0	243.0
301.0	250.0
295.0	261.0
307.0	246.0
316.0	237.0
321.0	229.0
323.0	224.0
325.0	219.0
322.0	224.0
325.0	217.0
327.0	210.0
334.0	208.0
330.0	212.0
334.0	205.0
338.0	200.0
333.0	204.0
339.0	198.0
344.0	191.0
339.0	194.0
347.0	194.0
350.0	186.0
346.0	191.0
353.0	184.0
360.0	181.0
367.0	181.0
365.0	178.0
368.0	179.0
364.0	180.0
369.0	175.0
363.0	177.0
355.0	184.0
367.0	180.0
377.0	177.0
367.0	178.0
351.0	177.0
370.0	176.0
385.0	174.0
390.0	174.0
384.0	175.0
375.0	176.0
388.0	172.0
379.0	176.0
396.0	176.0
401.0	173.0
405.0	174.0
400.0	172.0
407.0	176.0
399.0	174.0
389.0	173.0
403.0	174.0
415.0	174.0
410.0	176.0
419.0	175.0
424.0	178.0
416.0	175.0
425.0	177.0
415.0	176.0
401.0	175.0
417.0	173.0
399.0	172.0
422.0	177.0
443.0	178.0
450.0	182.0
446.0	181.0
453.0	183.0
457.0	185.0
455.0	180.0
448.0	182.0
454.0	186.0
460.0	188.0
455.0	191.0
464.0	191.0
473.0	192.0
484.0	194.0
492.0	193.0
486.0	193.0
493.0	189.0
488.0	193.0
492.0	185.0
498.0	188.0
502.0	183.0
503.0	179.0
504.0	177.0
501.0	178.0
500.0	180.0
504.0	179.0
507.0	176.0
504.0	180.0
509.0	180.0
512.0	185.0
517.0	184.0
521.0	183.0
525.0	186.0
523.0	190.0
520.0	195.0
517.0	192.0
519.0	197.0
515.0	201.0
516.0	196.0
512.0	201.0
516.0	206.0
518.0	210.0
517.0	205.0
521.0	212.0
522.0	219.0
519.0	210.0
515.0	202.0
506.0	200.0
501.0	198.0
499.0	192.0
505.0	190.0
506.0	186.0
510.0	188.0
516.0	191.0
522.0	195.0
527.0	194.0
525.0	199.0
518.0	193.0
525.0	198.0
518.0	192.0
509.0	190.0
502.0	191.0
505.0	185.0
507.0	180.0
501.0	182.0
500.0	176.0
496.0	176.0
501.0	176.0
505.0	178.0
507.0	185.0
509.0	177.0
516.0	181.0
520.0	181.0
518.0	186.0
522.0	180.0
515.0	182.0
521.0	189.0
529.0	190.0
527.0	185.0
523.0	179.0
514.0	178.0
506.0	188.0
515.0	183.0
528.0	185.0
535.0	192.0
542.0	191.0
541.0	196.0
538.0	203.0
541.0	209.0
542.0	202.0
539.0	206.0
546.0	202.0
543.0	206.0
550.0	205.0
553.0	207.0
557.0	208.0
558.0	213.0
559.0	209.0
557.0	216.0
556.0	219.0
552.0	218.0
551.0	214.0
551.0	217.0
552.0	213.0
555.0	214.0
552.0	212.0
557.0	212.0
555.0	217.0
550.0	217.0
556.0	216.0
561.0	220.0
558.0	218.0
556.0	223.0
557.0	227.0
553.0	228.0
549.0	229.0
549.0	233.0
548.0	230.0
552.0	227.0
550.0	231.0
552.0	235.0
552.0	238.0
557.0	238.0
557.0	243.0
559.0	237.0
558.0	231.0
553.0	230.0
552.0	225.0
550.0	219.0
550.0	212.0
551.0	205.0
555.0	207.0
552.0	202.0
553.0	199.0
554.0	203.0
554.0	197.0
556.0	202.0
549.0	203.0
551.0	197.0
547.0	204.0
555.0	201.0
545.0	204.0
551.0	196.0
550.0	188.0
549.0	191.0
550.0	186.0
552.0	188.0
551.0	193.0
549.0	185.0
546.0	183.0
549.0	184.0
551.0	188.0
543.0	185.0
543.0	181.0
541.0	182.0
544.0	180.0
546.0	179.0
544.0	182.0
540.0	184.0
542.0	179.0
538.0	177.0
544.0	181.0
548.0	178.0
545.0	174.0
544.0	170.0
544.0	165.0
541.0	163.0
543.0	166.0
539.0	162.0
543.0	163.0
540.0	158.0
541.0	164.0
537.0	159.0
533.0	154.0
536.0	158.0
540.0	165.0
536.0	157.0
533.0	150.0
529.0	147.0
526.0	143.0
525.0	148.0
527.0	142.0
530.0	148.0
536.0	152.0
531.0	144.0
526.0	138.0
522.0	132.0
524.0	134.0
519.0	131.0
519.0	128.0
521.0	132.0
519.0	129.0
515.0	125.0
518.0	128.0
514.0	123.0
514.0	119.0
511.0	116.0
506.0	117.0
505.0	120.0
508.0	121.0
510.0	117.0
505.0	119.0
502.0	117.0
501.0	120.0
498.0	117.0
499.0	112.0
496.0	110.0
500.0	111.0
504.0	111.0
500.0	110.0
498.0	106.0
499.0	110.0
495.0	107.0
494.0	104.0
497.0	106.0
501.0	109.0
501.0	115.0
505.0	113.0
501.0	116.0
505.0	114.0
504.0	119.0
498.0	119.0
507.0	118.0
502.0	115.0
506.0	120.0
502.0	113.0
504.0	121.0
505.0	111.0
494.0	108.0
490.0	106.0
487.0	107.0
492.0	106.0
488.0	105.0
491.0	101.0
488.0	98.0
485.0	99.0
489.0	98.0
492.0	103.0
490.0	99.0
485.0	95.0
488.0	99.0
494.0	101.0
500.0	106.0
508.0	114.0
516.0	121.0
510.0	118.0
516.0	126.0
521.0	131.0
525.0	141.0
522.0	149.0
534.0	150.0
541.0	160.0
547.0	173.0
542.0	177.0
547.0	175.0
543.0	179.0
537.0	177.0
547.0	178.0
546.0	171.0
550.0	182.0
547.0	174.0
548.0	185.0
539.0	183.0
542.0	176.0
547.0	187.0
543.0	194.0
549.0	187.0
538.0	193.0
543.0	201.0
538.0	188.0
529.0	191.0
540.0	190.0
539.0	204.0
530.0	210.0
533.0	213.0
531.0	209.0
532.0	214.0
534.0	220.0
538.0	223.0
533.0	222.0
541.0	219.0
541.0	213.0
533.0	217.0
536.0	223.0
543.0	221.0
546.0	224.0
540.0	220.0
543.0	227.0
541.0	218.0
533.0	212.0
535.0	222.0
531.0	211.0
520.0	213.0
528.0	206.0
523.0	218.0
518.0	206.0
507.0	201.0
501.0	192.0
503.0	199.0
503.0	189.0
504.0	200.0
499.0	188.0
491.0	182.0
492.0	177.0
489.0	182.0
483.0	177.0
483.0	171.0
480.0	175.0
475.0	173.0
478.0	174.0
482.0	177.0
489.0	178.0
489.0	170.0
492.0	168.0
493.0	170.0
493.0	167.0
489.0	165.0
485.0	165.0
486.0	169.0
489.0	169.0
493.0	172.0
498.0	173.0
503.0	177.0
496.0	169.0
491.0	168.0
487.0	167.0
482.0	165.0
485.0	161.0
491.0	162.0
494.0	168.0
499.0	165.0
503.0	167.0
498.0	167.0
492.0	166.0
496.0	161.0
488.0	161.0
496.0	162.0
504.0	165.0
508.0	166.0
500.0	174.0
491.0	171.0
487.0	179.0
484.0	170.0
477.0	169.0
474.0	174.0
473.0	171.0
469.0	171.0
468.0	175.0
467.0	170.0
471.0	174.0
473.0	170.0
474.0	176.0
480.0	176.0
474.0	171.0
468.0	176.0
476.0	175.0
466.0	175.0
466.0	167.0
461.0	166.0
455.0	165.0
453.0	161.0
454.0	167.0
449.0	162.0
451.0	166.0
446.0	161.0
440.0	156.0
434.0	156.0
433.0	152.0
435.0	154.0
439.0	155.0
440.0	162.0
432.0	156.0
430.0	152.0
432.0	150.0
432.0	154.0
428.0	152.0
432.0	152.0
436.0	155.0
428.0	153.0
431.0	148.0
427.0	151.0
434.0	149.0
433.0	143.0
439.0	140.0
443.0	136.0
447.0	133.0
444.0	133.0
439.0	135.0
437.0	141.0
432.0	145.0
425.0	142.0
434.0	144.0
431.0	152.0
438.0	157.0
425.0	152.0
433.0	144.0
432.0	153.0
422.0	142.0
436.0	137.0
445.0	133.0
445.0	126.0
447.0	122.0
444.0	119.0
443.0	115.0
446.0	111.0
444.0	117.0
442.0	112.0
438.0	108.0
441.0	105.0
435.0	102.0
431.0	103.0
434.0	102.0
434.0	107.0
432.0	101.0
436.0	105.0
439.0	111.0
443.0	116.0
445.0	124.0
447.0	130.0
446.0	124.0
445.0	115.0
436.0	110.0
429.0	105.0
431.0	100.0
426.0	103.0
420.0	103.0
424.0	100.0
418.0	100.0
423.0	99.0
419.0	105.0
420.0	100.0
422.0	93.0
414.0	92.0
420.0	90.0
413.0	89.0
407.0	91.0
405.0	86.0
403.0	88.0
407.0	90.0
404.0	85.0
405.0	80.0
404.0	87.0
409.0	90.0
417.0	91.0
425.0	86.0
427.0	81.0
433.0	81.0
428.0	83.0
434.0	83.0
429.0	84.0
435.0	86.0
431.0	82.0
436.0	88.0
428.0	84.0
418.0	84.0
418.0	98.0
413.0	90.0
416.0	101.0
426.0	101.0
419.0	108.0
429.0	103.0
417.0	103.0
406.0	105.0
403.0	103.0
407.0	106.0
401.0	108.0
398.0	104.0
396.0	99.0
391.0	99.0
391.0	96.0
393.0	92.0
392.0	98.0
387.0	99.0
383.0	100.0
388.0	100.0
383.0	101.0
382.0	95.0
384.0	98.0
389.0	99.0
382.0	96.0
380.0	91.0
374.0	94.0
370.0	94.0
373.0	92.0
367.0	92.0
372.0	92.0
368.0	96.0
366.0	100.0
365.0	97.0
364.0	101.0
360.0	102.0
356.0	105.0
356.0	113.0
359.0	116.0
359.0	113.0
358.0	117.0
360.0	114.0
357.0	117.0
357.0	113.0
362.0	112.0
364.0	117.0
362.0	113.0
357.0	118.0
356.0	122.0
355.0	125.0
359.0	123.0
363.0	120.0
369.0	120.0
375.0	118.0
368.0	120.0
364.0	113.0
371.0	120.0
377.0	113.0
378.0	108.0
380.0	111.0
384.0	111.0
379.0	111.0
383.0	108.0
387.0	108.0
383.0	110.0
379.0	106.0
381.0	99.0
377.0	92.0
383.0	98.0
392.0	99.0
400.0	102.0
398.0	108.0
392.0	108.0
388.0	108.0
381.0	110.0
389.0	108.0
397.0	109.0
398.0	102.0
405.0	104.0
398.0	110.0
404.0	103.0
394.0	108.0
385.0	108.0
379.0	116.0
390.0	109.0
401.0	109.0
392.0	100.0
398.0	92.0
403.0	87.0
397.0	88.0
393.0	90.0
390.0	84.0
392.0	81.0
395.0	82.0
395.0	85.0
399.0	84.0
395.0	81.0
396.0	85.0
393.0	80.0
396.0	83.0
395.0	89.0
397.0	80.0
391.0	80.0
387.0	83.0
392.0	83.0
385.0	80.0
389.0	84.0
382.0	79.0
376.0	80.0
380.0	83.0
387.0	79.0
385.0	70.0
381.0	68.0
377.0	68.0
373.0	71.0
370.0	67.0
372.0	72.0
368.0	75.0
369.0	77.0
366.0	75.0
370.0	75.0
373.0	78.0
370.0	74.0
370.0	69.0
364.0	68.0
364.0	64.0
366.0	68.0
367.0	73.0
367.0	68.0
361.0	67.0
363.0	72.0
364.0	66.0
365.0	73.0
371.0	77.0
368.0	71.0
364.0	78.0
354.0	78.0
351.0	81.0
349.0	81.0
352.0	82.0
352.0	78.0
347.0	81.0
352.0	81.0
344.0	81.0
340.0	83.0
335.0	83.0
340.0	82.0
334.0	86.0
329.0	83.0
332.0	84.0
328.0	86.0
332.0	83.0
327.0	85.0
333.0	86.0
326.0	81.0
329.0	75.0
330.0	72.0
326.0	69.0
322.0	71.0
317.0	72.0
322.0	69.0
316.0	71.0
311.0	67.0
311.0	63.0
308.0	66.0
308.0	62.0
307.0	68.0
311.0	69.0
315.0	70.0
309.0	72.0
309.0	66.0
309.0	71.0
304.0	66.0
301.0	72.0
306.0	69.0
313.0	71.0
322.0	67.0
327.0	73.0
332.0	75.0
324.0	79.0
329.0	85.0
330.0	75.0
324.0	69.0
331.0	74.0
327.0	84.0
324.0	72.0
329.0	81.0
342.0	82.0
350.0	80.0
341.0	81.0
351.0	80.0
354.0	89.0
350.0	96.0
347.0	98.0
353.0	96.0
347.0	99.0
345.0	91.0
352.0	94.0
347.0	100.0
357.0	100.0
352.0	95.0
357.0	103.0
365.0	99.0
365.0	91.0
362.0	99.0
367.0	90.0
365.0	100.0
370.0	91.0
372.0	80.0
380.0	77.0
375.0	71.0
382.0	67.0
384.0	63.0
382.0	68.0
382.0	62.0
386.0	68.0
391.0	67.0
395.0	70.0
401.0	71.0
400.0	75.0
400.0	71.0
401.0	75.0
397.0	70.0
389.0	68.0
391.0	63.0
387.0	60.0
392.0	55.0
387.0	50.0
385.0	46.0
387.0	43.0
389.0	47.0
389.0	44.0
386.0	48.0
382.0	47.0
388.0	45.0
384.0	46.0
377.0	48.0
374.0	42.0
370.0	43.0
375.0	44.0
369.0	43.0
364.0	41.0
366.0	36.0
360.0	37.0
364.0	43.0
358.0	38.0
367.0	35.0
360.0	38.0
369.0	33.0
364.0	40.0
373.0	43.0
373.0	36.0
377.0	42.0
377.0	34.0
386.0	34.0
382.0	34.0
376.0	35.0
368.0	41.0
378.0	36.0
388.0	36.0
383.0	36.0
392.0	38.0
391.0	46.0
397.0	45.0
403.0	45.0
398.0	46.0
403.0	47.0
399.0	49.0
398.0	52.0
399.0	48.0
402.0	44.0
399.0	52.0
402.0	55.0
399.0	51.0
403.0	54.0
398.0	51.0
391.0	49.0
398.0	55.0
390.0	61.0
385.0	67.0
390.0	62.0
378.0	60.0
378.0	70.0
371.0	62.0
361.0	62.0
355.0	62.0
359.0	65.0
353.0	61.0
348.0	61.0
352.0	64.0
355.0	59.0
356.0	66.0
352.0	58.0
360.0	59.0
347.0	61.0
347.0	66.0
343.0	62.0
346.0	67.0
350.0	60.0
342.0	66.0
328.0	67.0
323.0	80.0
313.0	92.0
328.0	88.0
315.0	96.0
301.0	104.0
311.0	95.0
302.0	113.0
285.0	115.0
288.0	122.0
283.0	116.0
279.0	121.0
281.0	125.0
287.0	121.0
277.0	119.0
270.0	123.0
276.0	123.0
269.0	127.0
262.0	127.0
258.0	122.0
261.0	118.0
257.0	120.0
264.0	120.0
258.0	120.0
265.0	124.0
260.0	122.0
267.0	126.0
269.0	116.0
277.0	109.0
281.0	121.0
270.0	125.0
266.0	115.0
275.0	109.0
280.0	125.0
263.0	127.0
265.0	143.0
275.0	142.0
265.0	145.0
266.0	160.0
274.0	163.0
268.0	165.0
264.0	174.0
271.0	168.0
266.0	171.0
274.0	176.0
276.0	171.0
277.0	176.0
279.0	171.0
282.0	176.0
281.0	172.0
286.0	176.0
286.0	181.0
283.0	178.0
288.0	175.0
295.0	176.0
299.0	174.0
301.0	169.0
306.0	174.0
305.0	170.0
309.0	173.0
306.0	177.0
311.0	176.0
306.0	171.0
301.0	173.0
307.0	176.0
301.0	179.0
297.0	174.0
293.0	181.0
289.0	183.0
293.0	184.0
294.0	189.0
289.0	186.0
283.0	189.0
286.0	194.0
295.0	191.0
302.0	189.0
295.0	190.0
290.0	184.0
295.0	180.0
291.0	185.0
297.0	180.0
300.0	186.0
306.0	179.0
300.0	185.0
295.0	175.0
285.0	175.0
280.0	179.0
273.0	180.0
279.0	185.0
273.0	178.0
273.0	169.0
267.0	175.0
256.0	173.0
246.0	175.0
244.0	166.0
242.0	159.0
236.0	157.0
235.0	164.0
239.0	158.0
243.0	152.0
238.0	158.0
231.0	164.0
227.0	173.0
222.0	177.0
223.0	184.0
231.0	184.0
223.0	185.0
225.0	176.0
217.0	175.0
225.0	184.0
226.0	174.0
231.0	165.0
231.0	175.0
238.0	184.0
249.0	185.0
259.0	184.0
265.0	193.0
268.0	182.0
282.0	180.0
282.0	171.0
272.0	164.0
277.0	175.0
288.0	179.0
298.0	185.0
287.0	180.0
282.0	190.0
277.0	199.0
269.0	203.0
267.0	210.0
261.0	208.0
258.0	213.0
262.0	208.0
269.0	208.0
263.0	213.0
254.0	214.0
249.0	213.0
251.0	217.0
250.0	213.0
255.0	217.0
247.0	220.0
246.0	225.0
246.0	233.0
255.0	229.0
246.0	230.0
255.0	227.0
248.0	217.0
244.0	222.0
251.0	214.0
260.0	206.0
252.0	213.0
245.0	200.0
253.0	197.0
263.0	194.0
267.0	208.0
260.0	196.0
251.0	184.0
242.0	191.0
233.0	186.0
238.0	200.0
233.0	210.0
222.0	212.0
229.0	229.0
228.0	215.0
245.0	216.0
238.0	202.0
240.0	188.0
252.0	195.0
234.0	195.0
219.0	192.0
228.0	184.0
217.0	173.0
227.0	185.0
213.0	190.0
212.0	174.0
225.0	162.0
217.0	148.0
229.0	162.0
241.0	156.0
249.0	163.0
258.0	162.0
247.0	165.0
249.0	156.0
236.0	155.0
240.0	144.0
231.0	145.0
216.0	148.0
215.0	123.0
203.0	136.0
224.0	117.0
229.0	104.0
236.0	94.0
244.0	89.0
237.0	96.0
232.0	107.0
244.0	114.0
240.0	128.0
244.0	129.0
237.0	129.0
245.0	127.0
247.0	138.0
240.0	129.0
246.0	139.0
239.0	128.0
245.0	115.0
259.0	120.0
243.0	113.0
258.0	121.0
276.0	111.0
261.0	127.0
273.0	144.0
277.0	158.0
281.0	171.0
291.0	181.0
285.0	193.0
297.0	191.0
282.0	197.0
270.0	203.0
286.0	200.0
302.0	186.0
308.0	169.0
312.0	177.0
308.0	167.0
302.0	160.0
298.0	157.0
303.0	159.0
306.0	154.0
309.0	151.0
303.0	153.0
300.0	158.0
305.0	153.0
298.0	150.0
293.0	148.0
290.0	152.0
293.0	154.0
293.0	151.0
293.0	155.0
289.0	153.0
295.0	151.0
298.0	155.0
304.0	156.0
297.0	148.0
304.0	155.0
294.0	150.0
302.0	159.0
292.0	153.0
280.0	158.0
293.0	152.0
279.0	151.0
294.0	154.0
306.0	139.0
308.0	135.0
311.0	138.0
309.0	141.0
314.0	141.0
315.0	138.0
318.0	140.0
313.0	142.0
318.0	139.0
312.0	141.0
307.0	139.0
314.0	139.0
309.0	137.0
316.0	135.0
320.0	131.0
315.0	129.0
320.0	133.0
326.0	130.0
331.0	127.0
326.0	128.0
333.0	126.0
338.0	124.0
340.0	120.0
336.0	119.0
340.0	117.0
340.0	123.0
335.0	120.0
330.0	120.0
332.0	127.0
337.0	131.0
337.0	125.0
341.0	130.0
342.0	123.0
343.0	129.0
350.0	128.0
354.0	132.0
352.0	129.0
355.0	134.0
352.0	136.0
355.0	133.0
348.0	135.0
348.0	140.0
343.0	141.0
343.0	144.0
343.0	139.0
342.0	144.0
342.0	139.0
337.0	141.0
333.0	141.0
332.0	145.0
335.0	142.0
339.0	143.0
334.0	142.0
341.0	142.0
332.0	143.0
338.0	144.0
332.0	150.0
326.0	143.0
322.0	149.0
323.0	144.0
316.0	141.0
315.0	149.0
319.0	147.0
318.0	153.0
318.0	157.0
317.0	153.0
316.0	149.0
321.0	150.0
326.0	153.0
328.0	146.0
323.0	155.0
317.0	159.0
314.0	164.0
309.0	168.0
317.0	161.0
321.0	166.0
327.0	165.0
332.0	165.0
326.0	166.0
333.0	166.0
325.0	168.0
333.0	167.0
319.0	165.0
327.0	169.0
317.0	160.0
319.0	153.0
314.0	151.0
320.0	157.0
315.0	150.0
311.0	140.0
313.0	131.0
306.0	135.0
317.0	139.0
318.0	129.0
327.0	131.0
336.0	132.0
336.0	141.0
333.0	131.0
323.0	129.0
329.0	120.0
337.0	117.0
330.0	119.0
339.0	119.0
331.0	118.0
325.0	128.0
334.0	118.0
340.0	127.0
330.0	128.0
315.0	132.0
331.0	142.0
345.0	138.0
341.0	143.0
349.0	134.0
346.0	128.0
352.0	123.0
352.0	118.0
348.0	118.0
346.0	123.0
351.0	117.0
350.0	123.0
354.0	117.0
360.0	116.0
353.0	116.0
354.0	124.0
357.0	119.0
359.0	125.0
357.0	133.0
350.0	139.0
357.0	132.0
347.0	135.0
356.0	125.0
354.0	135.0
355.0	119.0
366.0	114.0
359.0	124.0
354.0	136.0
340.0	124.0
351.0	118.0
356.0	103.0
350.0	93.0
343.0	84.0
352.0	80.0
342.0	91.0
355.0	80.0
342.0	89.0
329.0	73.0
344.0	65.0
329.0	56.0
323.0	48.0
326.0	46.0
324.0	49.0
320.0	51.0
315.0	54.0
319.0	52.0
314.0	53.0
317.0	57.0
314.0	62.0
317.0	56.0
319.0	49.0
327.0	46.0
321.0	49.0
328.0	46.0
322.0	51.0
316.0	59.0
313.0	68.0
313.0	56.0
314.0	49.0
323.0	50.0
312.0	54.0
304.0	50.0
307.0	53.0
301.0	55.0
297.0	53.0
296.0	49.0
293.0	46.0
288.0	49.0
286.0	52.0
290.0	54.0
295.0	56.0
300.0	56.0
295.0	53.0
296.0	58.0
302.0	52.0
299.0	49.0
297.0	54.0
292.0	50.0
287.0	51.0
282.0	48.0
288.0	48.0
282.0	50.0
277.0	53.0
273.0	57.0
275.0	53.0
281.0	51.0
288.0	46.0
293.0	53.0
301.0	54.0
306.0	50.0
300.0	54.0
293.0	47.0
302.0	48.0
307.0	56.0
305.0	68.0
295.0	71.0
300.0	71.0
294.0	74.0
303.0	70.0
313.0	65.0
298.0	75.0
320.0	69.0
336.0	84.0
315.0	94.0
295.0	76.0
275.0	66.0
271.0	60.0
268.0	59.0
266.0	64.0
270.0	58.0
274.0	52.0
272.0	62.0
271.0	54.0
270.0	66.0
262.0	64.0
270.0	72.0
261.0	75.0
258.0	68.0
269.0	76.0
271.0	62.0
277.0	51.0
291.0	46.0
302.0	49.0
293.0	52.0
305.0	40.0
312.0	41.0
316.0	38.0
312.0	39.0
308.0	40.0
301.0	42.0
314.0	36.0
320.0	39.0
326.0	39.0
332.0	37.0
327.0	44.0
321.0	36.0
312.0	38.0
321.0	35.0
326.0	44.0
316.0	37.0
325.0	47.0
338.0	41.0
348.0	40.0
333.0	39.0
349.0	41.0
345.0	59.0
339.0	42.0
358.0	36.0
376.0	44.0
388.0	48.0
392.0	36.0
386.0	45.0
383.0	33.0
367.0	34.0
388.0	44.0
401.0	49.0
409.0	55.0
409.0	62.0
402.0	58.0
412.0	57.0
404.0	51.0
409.0	59.0
404.0	48.0
387.0	49.0
391.0	35.0
370.0	45.0
358.0	60.0
374.0	60.0
387.0	64.0
377.0	61.0
363.0	66.0
378.0	69.0
380.0	81.0
380.0	70.0
370.0	77.0
371.0	93.0
376.0	81.0
389.0	81.0
383.0	92.0
392.0	91.0
395.0	79.0
387.0	85.0
374.0	91.0
381.0	105.0
380.0	93.0
366.0	99.0
365.0	116.0
360.0	100.0
357.0	121.0
353.0	105.0
367.0	121.0
347.0	134.0
334.0	117.0
313.0	130.0
308.0	151.0
310.0	136.0
330.0	144.0
315.0	152.0
322.0	165.0
311.0	167.0
298.0	160.0
304.0	178.0
291.0	155.0
268.0	147.0
258.0	161.0
250.0	174.0
240.0	166.0
228.0	173.0
244.0	159.0
247.0	173.0
252.0	155.0
242.0	141.0
237.0	128.0
234.0	146.0
245.0	129.0
231.0	146.0
257.0	145.0
268.0	124.0
281.0	145.0
306.0	137.0
300.0	112.0
313.0	96.0
295.0	72.0
301.0	50.0
285.0	48.0
306.0	41.0
313.0	60.0
315.0	37.0
335.0	37.0
310.0	39.0
326.0	64.0
341.0	42.0
350.0	63.0
367.0	75.0
348.0	89.0
343.0	117.0
366.0	98.0
377.0	79.0
366.0	61.0
390.0	63.0
401.0	73.0
391.0	68.0
398.0	53.0
398.0	72.0
406.0	84.0
399.0	75.0
399.0	89.0
405.0	103.0
420.0	109.0
405.0	105.0
389.0	97.0
404.0	86.0
385.0	95.0
411.0	91.0
406.0	74.0
420.0	63.0
409.0	58.0
426.0	56.0
438.0	65.0
441.0	67.0
444.0	63.0
441.0	69.0
444.0	72.0
440.0	73.0
446.0	72.0
448.0	76.0
449.0	71.0
449.0	76.0
451.0	82.0
448.0	88.0
450.0	81.0
450.0	73.0
453.0	67.0
449.0	63.0
453.0	69.0
448.0	72.0
441.0	73.0
438.0	66.0
440.0	71.0
436.0	65.0
446.0	62.0
437.0	67.0
446.0	74.0
447.0	84.0
454.0	90.0
440.0	87.0
449.0	85.0
457.0	73.0
460.0	68.0
462.0	74.0
464.0	77.0
467.0	80.0
471.0	83.0
467.0	81.0
464.0	75.0
467.0	79.0
473.0	81.0
476.0	86.0
480.0	89.0
475.0	85.0
481.0	89.0
474.0	86.0
466.0	81.0
462.0	73.0
456.0	70.0
463.0	75.0
453.0	70.0
448.0	62.0
436.0	67.0
451.0	66.0
449.0	78.0
447.0	64.0
463.0	72.0
473.0	84.0
482.0	91.0
486.0	96.0
487.0	105.0
488.0	97.0
485.0	106.0
483.0	95.0
475.0	84.0
465.0	74.0
478.0	90.0
489.0	105.0
485.0	93.0
469.0	82.0
455.0	67.0
450.0	87.0
442.0	73.0
458.0	73.0
434.0	86.0
446.0	87.0
439.0	68.0
440.0	91.0
438.0	107.0
426.0	102.0
422.0	86.0
433.0	104.0
427.0	120.0
443.0	121.0
432.0	125.0
446.0	120.0
445.0	134.0
437.0	132.0
447.0	134.0
434.0	140.0
430.0	126.0
447.0	127.0
443.0	108.0
446.0	131.0
427.0	147.0
435.0	133.0
426.0	153.0
420.0	173.0
396.0	174.0
428.0	178.0
438.0	158.0
440.0	140.0
453.0	162.0
462.0	165.0
453.0	168.0
463.0	168.0
471.0	172.0
462.0	167.0
473.0	173.0
484.0	171.0
481.0	163.0
476.0	163.0
483.0	169.0
478.0	161.0
468.0	168.0
481.0	161.0
494.0	169.0
503.0	163.0
501.0	150.0
501.0	163.0
499.0	177.0
490.0	187.0
480.0	194.0
465.0	187.0
475.0	191.0
465.0	176.0
453.0	184.0
462.0	190.0
448.0	181.0
450.0	166.0
442.0	181.0
445.0	161.0
450.0	185.0
431.0	178.0
458.0	166.0
456.0	188.0
448.0	160.0
423.0	140.0
415.0	106.0
394.0	122.0
372.0	119.0
396.0	108.0
402.0	83.0
410.0	57.0
389.0	66.0
387.0	36.0
421.0	52.0
426.0	82.0
411.0	63.0
434.0	88.0
413.0	107.0
433.0	85.0
465.0	79.0
442.0	106.0
477.0	123.0
468.0	112.0
485.0	128.0
495.0	145.0
487.0	128.0
492.0	147.0
482.0	163.0
491.0	146.0
488.0	168.0
502.0	166.0
515.0	179.0
505.0	167.0
491.0	181.0
496.0	195.0
510.0	199.0
524.0	190.0
515.0	204.0
507.0	190.0
524.0	197.0
516.0	183.0
508.0	164.0
494.0	146.0
478.0	125.0
497.0	109.0
513.0	120.0
520.0	133.0
515.0	122.0
522.0	134.0
531.0	146.0
523.0	133.0
521.0	150.0
518.0	130.0
530.0	150.0
544.0	166.0
541.0	186.0
553.0	200.0
545.0	183.0
552.0	205.0
543.0	217.0
554.0	212.0
554.0	223.0
560.0	223.0
562.0	219.0
562.0	227.0
559.0	222.0
554.0	226.0
553.0	234.0
557.0	234.0
551.0	236.0
546.0	236.0
552.0	236.0
559.0	235.0
565.0	230.0
557.0	239.0
549.0	236.0
546.0	229.0
540.0	233.0
550.0	233.0
559.0	233.0
550.0	236.0
558.0	242.0
554.0	252.0
557.0	248.0
556.0	255.0
557.0	250.0
556.0	257.0
552.0	260.0
551.0	263.0
553.0	265.0
553.0	262.0
550.0	265.0
553.0	268.0
553.0	263.0
552.0	258.0
549.0	264.0
551.0	271.0
552.0	267.0
551.0	274.0
551.0	280.0
550.0	285.0
549.0	291.0
545.0	296.0
542.0	300.0
538.0	301.0
536.0	299.0
538.0	303.0
538.0	306.0
541.0	309.0
538.0	305.0
537.0	300.0
539.0	305.0
544.0	305.0
541.0	308.0
547.0	308.0
547.0	312.0
551.0	312.0
554.0	314.0
554.0	319.0
558.0	321.0
558.0	326.0
557.0	320.0
550.0	322.0
550.0	317.0
547.0	321.0
544.0	316.0
550.0	316.0
555.0	317.0
549.0	318.0
545.0	322.0
541.0	326.0
539.0	329.0
536.0	328.0
535.0	325.0
539.0	328.0
538.0	332.0
542.0	329.0
542.0	325.0
543.0	331.0
547.0	334.0
544.0	336.0
548.0	336.0
553.0	336.0
553.0	340.0
555.0	337.0
559.0	338.0
558.0	343.0
555.0	340.0
553.0	344.0
557.0	344.0
561.0	341.0
567.0	342.0
571.0	341.0
571.0	345.0
570.0	342.0
573.0	339.0
576.0	341.0
578.0	345.0
574.0	346.0
575.0	342.0
572.0	346.0
568.0	344.0
564.0	343.0
559.0	341.0
554.0	336.0
551.0	332.0
546.0	335.0
547.0	339.0
549.0	342.0
551.0	345.0
554.0	341.0
560.0	341.0
562.0	348.0
556.0	351.0
550.0	354.0
546.0	352.0
549.0	354.0
549.0	359.0
553.0	362.0
551.0	365.0
554.0	368.0
553.0	364.0
550.0	361.0
555.0	365.0
554.0	361.0
558.0	366.0
558.0	372.0
555.0	369.0
559.0	374.0
563.0	373.0
565.0	376.0
566.0	373.0
569.0	374.0
572.0	373.0
568.0	373.0
570.0	377.0
574.0	380.0
577.0	384.0
582.0	385.0
579.0	386.0
585.0	385.0
581.0	383.0
582.0	378.0
587.0	379.0
589.0	383.0
592.0	386.0
596.0	385.0
599.0	382.0
600.0	387.0
603.0	385.0
604.0	390.0
606.0	394.0
609.0	391.0
610.0	387.0
610.0	383.0
610.0	386.0
612.0	391.0
612.0	397.0
610.0	392.0
606.0	396.0
613.0	397.0
613.0	404.0
614.0	408.0
611.0	404.0
612.0	410.0
614.0	406.0
610.0	412.0
612.0	416.0
609.0	414.0
610.0	419.0
609.0	415.0
609.0	421.0
610.0	417.0
604.0	419.0
611.0	420.0
611.0	413.0
611.0	422.0
605.0	427.0
609.0	424.0
602.0	428.0
599.0	434.0
597.0	438.0
601.0	438.0
597.0	436.0
593.0	437.0
592.0	434.0
595.0	438.0
591.0	437.0
588.0	440.0
591.0	443.0
594.0	446.0
594.0	451.0
592.0	448.0
589.0	444.0
586.0	446.0
589.0	447.0
593.0	451.0
590.0	456.0
582.0	455.0
578.0	457.0
575.0	453.0
578.0	454.0
577.0	450.0
577.0	447.0
578.0	445.0
579.0	442.0
582.0	445.0
581.0	448.0
577.0	448.0
580.0	446.0
582.0	442.0
584.0	446.0
584.0	441.0
587.0	444.0
589.0	439.0
592.0	444.0
597.0	447.0
596.0	452.0
600.0	446.0
595.0	442.0
596.0	448.0
598.0	441.0
599.0	446.0
599.0	455.0
588.0	447.0
593.0	454.0
599.0	443.0
593.0	436.0
591.0	430.0
586.0	435.0
582.0	435.0
580.0	440.0
575.0	442.0
571.0	445.0
569.0	442.0
572.0	447.0
576.0	450.0
576.0	446.0
575.0	440.0
569.0	443.0
568.0	452.0
567.0	456.0
567.0	459.0
566.0	456.0
569.0	456.0
568.0	453.0
570.0	457.0
573.0	454.0
577.0	457.0
572.0	454.0
566.0	455.0
563.0	452.0
566.0	457.0
570.0	458.0
564.0	455.0
570.0	453.0
578.0	453.0
579.0	447.0
577.0	453.0
584.0	456.0
583.0	446.0
575.0	446.0
579.0	452.0
587.0	446.0
593.0	453.0
598.0	439.0
601.0	433.0
608.0	434.0
603.0	440.0
593.0	440.0
584.0	437.0
588.0	433.0
594.0	435.0
603.0	432.0
608.0	426.0
604.0	435.0
605.0	421.0
595.0	421.0
594.0	416.0
599.0	415.0
597.0	411.0
596.0	415.0
595.0	409.0
596.0	414.0
596.0	406.0
598.0	413.0
594.0	404.0
592.0	397.0
593.0	402.0
595.0	410.0
595.0	398.0
597.0	391.0
593.0	392.0
594.0	389.0
591.0	386.0
595.0	389.0
590.0	391.0
588.0	386.0
583.0	387.0
582.0	380.0
576.0	380.0
580.0	384.0
583.0	377.0
577.0	375.0
582.0	376.0
573.0	378.0
579.0	377.0
574.0	370.0
568.0	368.0
565.0	364.0
570.0	364.0
573.0	370.0
567.0	375.0
564.0	378.0
562.0	373.0
564.0	377.0
569.0	380.0
565.0	373.0
559.0	376.0
553.0	369.0
549.0	361.0
554.0	367.0
560.0	376.0
570.0	380.0
563.0	375.0
573.0	374.0
564.0	373.0
557.0	368.0
566.0	363.0
568.0	372.0
578.0	378.0
584.0	386.0
576.0	383.0
587.0	376.0
594.0	382.0
600.0	385.0
605.0	390.0
599.0	388.0
592.0	389.0
592.0	395.0
598.0	388.0
605.0	393.0
608.0	385.0
607.0	378.0
605.0	372.0
601.0	372.0
599.0	368.0
603.0	364.0
597.0	365.0
599.0	360.0
598.0	357.0
601.0	360.0
595.0	357.0
592.0	360.0
594.0	363.0
590.0	358.0
590.0	354.0
590.0	357.0
586.0	356.0
589.0	353.0
592.0	355.0
590.0	351.0
593.0	355.0
589.0	359.0
582.0	356.0
580.0	350.0
583.0	348.0
586.0	350.0
584.0	355.0
579.0	351.0
580.0	356.0
582.0	348.0
578.0	349.0
578.0	354.0
572.0	350.0
570.0	345.0
573.0	349.0
569.0	354.0
574.0	348.0
567.0	348.0
564.0	341.0
564.0	334.0
569.0	336.0
565.0	332.0
568.0	338.0
575.0	339.0
577.0	346.0
574.0	341.0
581.0	345.0
574.0	342.0
579.0	349.0
588.0	351.0
584.0	347.0
589.0	355.0
592.0	363.0
599.0	358.0
591.0	355.0
595.0	364.0
600.0	358.0
592.0	352.0
602.0	361.0
605.0	370.0
600.0	367.0
605.0	375.0
606.0	380.0
611.0	384.0
607.0	392.0
615.0	395.0
612.0	385.0
606.0	393.0
601.0	384.0
594.0	378.0
588.0	385.0
596.0	387.0
590.0	381.0
595.0	391.0
596.0	379.0
604.0	371.0
609.0	378.0
602.0	389.0
589.0	389.0
593.0	405.0
592.0	421.0
598.0	416.0
608.0	418.0
596.0	416.0
604.0	428.0
590.0	427.0
583.0	435.0
584.0	443.0
574.0	444.0
565.0	444.0
557.0	446.0
560.0	445.0
555.0	445.0
553.0	448.0
551.0	446.0
554.0	448.0
551.0	447.0
553.0	450.0
553.0	454.0
552.0	458.0
553.0	453.0
552.0	457.0
549.0	453.0
546.0	452.0
547.0	449.0
547.0	453.0
545.0	450.0
549.0	452.0
551.0	449.0
550.0	453.0
544.0	453.0
546.0	458.0
548.0	463.0
547.0	458.0
549.0	463.0
543.0	461.0
539.0	460.0
535.0	460.0
538.0	458.0
538.0	463.0
541.0	460.0
544.0	464.0
537.0	459.0
532.0	460.0
533.0	464.0
537.0	464.0
531.0	467.0
534.0	460.0
530.0	464.0
540.0	463.0
532.0	464.0
541.0	455.0
545.0	463.0
547.0	454.0
548.0	447.0
542.0	452.0
552.0	452.0
547.0	455.0
550.0	447.0
557.0	450.0
556.0	454.0
557.0	460.0
564.0	458.0
559.0	451.0
561.0	457.0
560.0	448.0
558.0	458.0
558.0	448.0
553.0	459.0
557.0	447.0
568.0	455.0
573.0	443.0
587.0	438.0
578.0	447.0
586.0	456.0
566.0	459.0
582.0	457.0
601.0	444.0
586.0	430.0
579.0	438.0
591.0	422.0
604.0	431.0
613.0	413.0
598.0	409.0
613.0	409.0
613.0	394.0
610.0	382.0
614.0	398.0
593.0	394.0
610.0	385.0
591.0	379.0
608.0	377.0
608.0	398.0
604.0	372.0
588.0	379.0
591.0	397.0
593.0	424.0
612.0	407.0
586.0	387.0
603.0	366.0
584.0	348.0
597.0	358.0
574.0	369.0
563.0	360.0
555.0	351.0
547.0	351.0
546.0	355.0
549.0	349.0
545.0	353.0
548.0	359.0
557.0	365.0
566.0	360.0
566.0	347.0
556.0	343.0
555.0	350.0
561.0	357.0
551.0	363.0
566.0	365.0
569.0	347.0
580.0	348.0
565.0	346.0
554.0	350.0
546.0	354.0
552.0	347.0
547.0	342.0
545.0	345.0
543.0	341.0
540.0	340.0
541.0	336.0
545.0	339.0
550.0	341.0
544.0	342.0
546.0	347.0
551.0	342.0
555.0	334.0
562.0	332.0
556.0	333.0
549.0	334.0
549.0	341.0
543.0	347.0
542.0	337.0
542.0	342.0
543.0	334.0
538.0	338.0
546.0	341.0
555.0	339.0
560.0	328.0
555.0	321.0
547.0	323.0
545.0	331.0
550.0	336.0
561.0	332.0
557.0	321.0
548.0	326.0
544.0	317.0
550.0	312.0
546.0	313.0
550.0	309.0
546.0	306.0
551.0	307.0
555.0	308.0
549.0	304.0
548.0	299.0
544.0	303.0
540.0	300.0
535.0	295.0
537.0	303.0
548.0	301.0
549.0	308.0
555.0	312.0
553.0	322.0
545.0	314.0
551.0	308.0
545.0	302.0
545.0	295.0
550.0	287.0
545.0	294.0
535.0	292.0
533.0	285.0
534.0	289.0
534.0	282.0
534.0	276.0
534.0	284.0
536.0	291.0
547.0	295.0
543.0	306.0
549.0	312.0
540.0	302.0
550.0	310.0
559.0	322.0
542.0	326.0
536.0	331.0
532.0	327.0
537.0	329.0
544.0	331.0
535.0	331.0
532.0	322.0
528.0	318.0
524.0	317.0
527.0	315.0
524.0	314.0
522.0	313.0
525.0	315.0
528.0	317.0
523.0	317.0
523.0	322.0
519.0	326.0
523.0	326.0
519.0	329.0
516.0	331.0
517.0	334.0
517.0	331.0
514.0	333.0
514.0	336.0
518.0	337.0
518.0	340.0
516.0	343.0
519.0	346.0
517.0	349.0
518.0	353.0
516.0	359.0
517.0	367.0
517.0	371.0
514.0	368.0
519.0	372.0
516.0	377.0
515.0	372.0
514.0	378.0
514.0	383.0
513.0	378.0
516.0	385.0
513.0	390.0
515.0	394.0
515.0	388.0
515.0	382.0
514.0	389.0
516.0	379.0
516.0	368.0
514.0	376.0
517.0	363.0
516.0	351.0
518.0	344.0
516.0	348.0
517.0	341.0
517.0	336.0
513.0	335.0
515.0	331.0
518.0	334.0
517.0	329.0
519.0	334.0
513.0	334.0
507.0	336.0
503.0	338.0
502.0	332.0
498.0	329.0
499.0	326.0
498.0	328.0
498.0	324.0
495.0	325.0
494.0	322.0
490.0	324.0
491.0	320.0
489.0	315.0
485.0	314.0
480.0	316.0
476.0	318.0
482.0	316.0
477.0	316.0
486.0	314.0
493.0	315.0
487.0	316.0
495.0	315.0
489.0	319.0
492.0	325.0
489.0	328.0
485.0	329.0
484.0	332.0
483.0	329.0
486.0	330.0
484.0	327.0
481.0	331.0
478.0	327.0
483.0	330.0
489.0	331.0
491.0	328.0
492.0	332.0
493.0	336.0
491.0	333.0
490.0	337.0
486.0	333.0
483.0	338.0
479.0	335.0
476.0	338.0
479.0	337.0
484.0	337.0
485.0	330.0
491.0	325.0
485.0	324.0
483.0	316.0
473.0	320.0
468.0	326.0
477.0	326.0
478.0	318.0
480.0	328.0
476.0	336.0
472.0	335.0
475.0	338.0
478.0	342.0
472.0	338.0
478.0	339.0
469.0	336.0
460.0	338.0
457.0	342.0
458.0	337.0
459.0	347.0
456.0	352.0
456.0	347.0
458.0	340.0
460.0	349.0
458.0	357.0
458.0	363.0
460.0	366.0
460.0	363.0
460.0	367.0
458.0	371.0
458.0	366.0
457.0	361.0
459.0	353.0
457.0	363.0
458.0	355.0
459.0	367.0
461.0	375.0
458.0	370.0
459.0	379.0
461.0	373.0
461.0	383.0
462.0	389.0
462.0	396.0
468.0	397.0
462.0	395.0
468.0	401.0
470.0	405.0
469.0	399.0
461.0	399.0
469.0	404.0
467.0	411.0
469.0	413.0
466.0	411.0
463.0	415.0
468.0	413.0
465.0	417.0
469.0	414.0
461.0	416.0
460.0	423.0
462.0	418.0
469.0	415.0
461.0	422.0
455.0	426.0
453.0	430.0
454.0	427.0
451.0	430.0
453.0	426.0
458.0	421.0
454.0	428.0
450.0	433.0
441.0	429.0
436.0	428.0
438.0	432.0
433.0	425.0
438.0	425.0
432.0	424.0
427.0	420.0
420.0	421.0
420.0	417.0
417.0	421.0
422.0	421.0
415.0	422.0
415.0	416.0
409.0	415.0
416.0	418.0
409.0	420.0
418.0	418.0
429.0	424.0
437.0	428.0
427.0	425.0
437.0	429.0
423.0	419.0
435.0	424.0
455.0	424.0
454.0	433.0
462.0	420.0
468.0	409.0
460.0	417.0
466.0	403.0
468.0	412.0
460.0	397.0
458.0	386.0
459.0	376.0
459.0	364.0
462.0	379.0
464.0	398.0
462.0	383.0
469.0	403.0
454.0	424.0
433.0	422.0
453.0	433.0
448.0	457.0
441.0	459.0
433.0	459.0
428.0	459.0
432.0	459.0
438.0	461.0
429.0	459.0
424.0	457.0
427.0	457.0
422.0	456.0
424.0	459.0
429.0	457.0
425.0	465.0
427.0	469.0
423.0	469.0
424.0	465.0
426.0	471.0
422.0	468.0
417.0	469.0
415.0	465.0
420.0	465.0
415.0	468.0
419.0	470.0
425.0	467.0
417.0	465.0
420.0	459.0
417.0	457.0
422.0	458.0
417.0	458.0
423.0	458.0
432.0	458.0
429.0	470.0
433.0	476.0
436.0	480.0
438.0	485.0
442.0	484.0
438.0	486.0
440.0	491.0
437.0	494.0
441.0	496.0
438.0	493.0
443.0	492.0
445.0	497.0
450.0	498.0
446.0	494.0
450.0	499.0
453.0	505.0
458.0	510.0
455.0	517.0
449.0	513.0
456.0	507.0
447.0	507.0
445.0	499.0
440.0	494.0
447.0	498.0
454.0	504.0
459.0	494.0
452.0	501.0
454.0	513.0
444.0	513.0
449.0	501.0
439.0	491.0
435.0	484.0
431.0	477.0
426.0	472.0
431.0	478.0
438.0	481.0
444.0	478.0
449.0	478.0
453.0	481.0
448.0	484.0
444.0	482.0
439.0	482.0
446.0	484.0
441.0	486.0
442.0	495.0
447.0	481.0
453.0	480.0
445.0	483.0
454.0	481.0
462.0	488.0
467.0	494.0
467.0	481.0
465.0	489.0
469.0	479.0
473.0	473.0
477.0	468.0
472.0	472.0
476.0	466.0
483.0	461.0
477.0	467.0
472.0	476.0
464.0	483.0
450.0	485.0
443.0	495.0
448.0	511.0
458.0	520.0
460.0	532.0
459.0	516.0
442.0	514.0
439.0	497.0
456.0	485.0
445.0	475.0
443.0	469.0
448.0	466.0
453.0	463.0
448.0	459.0
446.0	466.0
441.0	461.0
445.0	470.0
445.0	479.0
444.0	467.0
439.0	458.0
449.0	467.0
454.0	457.0
437.0	461.0
451.0	458.0
468.0	472.0
482.0	461.0
489.0	453.0
489.0	448.0
487.0	452.0
486.0	458.0
491.0	451.0
484.0	455.0
479.0	465.0
493.0	454.0
494.0	443.0
495.0	438.0
498.0	437.0
497.0	433.0
498.0	439.0
496.0	443.0
496.0	437.0
499.0	432.0
502.0	425.0
505.0	416.0
506.0	412.0
506.0	416.0
507.0	409.0
505.0	414.0
508.0	405.0
511.0	401.0
509.0	407.0
507.0	413.0
509.0	403.0
514.0	395.0
511.0	405.0
513.0	393.0
508.0	404.0
506.0	419.0
499.0	433.0
500.0	425.0
496.0	440.0
501.0	430.0
493.0	447.0
497.0	438.0
489.0	452.0
474.0	469.0
452.0	458.0
473.0	470.0
449.0	481.0
437.0	493.0
420.0	482.0
423.0	478.0
428.0	473.0
434.0	480.0
420.0	479.0
415.0	477.0
415.0	481.0
411.0	481.0
409.0	479.0
411.0	480.0
413.0	478.0
410.0	480.0
407.0	478.0
410.0	481.0
414.0	478.0
409.0	478.0
405.0	476.0
402.0	472.0
406.0	473.0
410.0	478.0
405.0	473.0
398.0	472.0
397.0	467.0
393.0	468.0
398.0	470.0
401.0	465.0
400.0	461.0
402.0	465.0
405.0	462.0
408.0	464.0
410.0	463.0
407.0	464.0
408.0	466.0
405.0	465.0
409.0	463.0
410.0	467.0
413.0	464.0
406.0	463.0
411.0	465.0
417.0	470.0
417.0	480.0
424.0	480.0
412.0	480.0
422.0	480.0
431.0	473.0
445.0	469.0
425.0	457.0
419.0	468.0
412.0	477.0
413.0	467.0
418.0	458.0
410.0	456.0
409.0	453.0
412.0	455.0
410.0	450.0
403.0	456.0
397.0	456.0
397.0	460.0
401.0	461.0
395.0	464.0
400.0	462.0
398.0	468.0
397.0	462.0
391.0	459.0
391.0	454.0
395.0	456.0
394.0	461.0
392.0	454.0
386.0	454.0
389.0	455.0
384.0	453.0
379.0	452.0
377.0	455.0
380.0	457.0
383.0	460.0
386.0	458.0
381.0	458.0
376.0	456.0
381.0	455.0
376.0	454.0
381.0	460.0
386.0	464.0
390.0	467.0
396.0	463.0
393.0	471.0
386.0	463.0
388.0	455.0
395.0	453.0
386.0	452.0
377.0	452.0
384.0	460.0
388.0	454.0
395.0	461.0
400.0	454.0
410.0	453.0
408.0	463.0
410.0	455.0
403.0	462.0
399.0	454.0
409.0	464.0
412.0	454.0
406.0	466.0
409.0	456.0
400.0	469.0
406.0	478.0
396.0	470.0
384.0	463.0
378.0	451.0
388.0	459.0
376.0	452.0
397.0	453.0
378.0	458.0
403.0	475.0
420.0	481.0
400.0	473.0
415.0	455.0
412.0	479.0
419.0	455.0
450.0	460.0
466.0	484.0
475.0	510.0
459.0	520.0
440.0	523.0
433.0	533.0
426.0	541.0
423.0	546.0
420.0	541.0
424.0	538.0
417.0	543.0
424.0	544.0
426.0	536.0
437.0	530.0
424.0	541.0
414.0	545.0
424.0	542.0
424.0	555.0
425.0	563.0
433.0	556.0
425.0	550.0
415.0	545.0
426.0	554.0
419.0	543.0
431.0	530.0
450.0	538.0
470.0	535.0
474.0	558.0
481.0	574.0
485.0	591.0
491.0	594.0
490.0	587.0
495.0	597.0
493.0	603.0
491.0	597.0
488.0	590.0
495.0	595.0
485.0	598.0
478.0	600.0
485.0	597.0
481.0	606.0
492.0	605.0
499.0	606.0
497.0	600.0
493.0	608.0
489.0	615.0
497.0	608.0
505.0	613.0
504.0	622.0
501.0	626.0
505.0	626.0
499.0	626.0
501.0	619.0
493.0	620.0
501.0	629.0
512.0	623.0
505.0	617.0
506.0	628.0
522.0	626.0
533.0	620.0
518.0	617.0
508.0	621.0
497.0	614.0
502.0	625.0
517.0	614.0
502.0	609.0
516.0	606.0
500.0	604.0
511.0	594.0
497.0	598.0
512.0	598.0
521.0	616.0
504.0	625.0
493.0	606.0
480.0	601.0
473.0	591.0
466.0	576.0
451.0	559.0
435.0	555.0
424.0	561.0
406.0	567.0
396.0	558.0
392.0	548.0
382.0	546.0
370.0	547.0
362.0	543.0
372.0	545.0
359.0	546.0
344.0	542.0
362.0	544.0
345.0	542.0
326.0	526.0
314.0	523.0
298.0	514.0
293.0	504.0
295.0	510.0
302.0	516.0
317.0	525.0
297.0	510.0
308.0	519.0
291.0	502.0
281.0	499.0
292.0	504.0
275.0	495.0
269.0	486.0
265.0	482.0
269.0	488.0
267.0	476.0
267.0	484.0
264.0	473.0
258.0	464.0
252.0	453.0
246.0	435.0
253.0	457.0
251.0	439.0
242.0	413.0
221.0	427.0
211.0	413.0
210.0	400.0
208.0	410.0
212.0	393.0
209.0	405.0
207.0	385.0
215.0	380.0
206.0	383.0
217.0	381.0
205.0	378.0
196.0	367.0
197.0	357.0
189.0	352.0
199.0	358.0
209.0	361.0
204.0	346.0
191.0	343.0
202.0	349.0
212.0	361.0
225.0	349.0
230.0	351.0
227.0	345.0
232.0	344.0
234.0	349.0
226.0	352.0
233.0	348.0
225.0	345.0
221.0	340.0
224.0	345.0
226.0	338.0
226.0	333.0
231.0	330.0
235.0	326.0
229.0	332.0
233.0	328.0
230.0	338.0
227.0	341.0
221.0	342.0
215.0	339.0
218.0	344.0
217.0	335.0
214.0	331.0
218.0	333.0
219.0	328.0
217.0	333.0
214.0	328.0
222.0	324.0
223.0	318.0
222.0	323.0
215.0	324.0
223.0	319.0
228.0	316.0
219.0	323.0
224.0	315.0
215.0	328.0
221.0	318.0
232.0	329.0
226.0	320.0
227.0	335.0
231.0	342.0
231.0	352.0
228.0	335.0
218.0	338.0
222.0	347.0
232.0	341.0
246.0	335.0
232.0	330.0
243.0	321.0
237.0	306.0
229.0	318.0
243.0	312.0
229.0	331.0
214.0	335.0
221.0	321.0
241.0	321.0
254.0	337.0
243.0	315.0
267.0	309.0
244.0	317.0
268.0	308.0
275.0	283.0
284.0	269.0
270.0	290.0
290.0	265.0
307.0	243.0
319.0	234.0
323.0	223.0
328.0	215.0
320.0	227.0
311.0	241.0
303.0	255.0
279.0	275.0
238.0	263.0
231.0	276.0
229.0	290.0
210.0	296.0
197.0	284.0
203.0	269.0
216.0	278.0
206.0	295.0
187.0	288.0
178.0	273.0
180.0	287.0
194.0	296.0
176.0	295.0
173.0	316.0
169.0	297.0
173.0	322.0
173.0	304.0
167.0	279.0
189.0	283.0
170.0	268.0
173.0	246.0
174.0	238.0
174.0	234.0
170.0	238.0
173.0	244.0
171.0	237.0
170.0	244.0
173.0	235.0
171.0	244.0
180.0	235.0
184.0	227.0
193.0	224.0
183.0	228.0
181.0	238.0
181.0	225.0
188.0	219.0
198.0	217.0
187.0	215.0
179.0	208.0
183.0	200.0
178.0	209.0
183.0	218.0
175.0	224.0
177.0	214.0
181.0	226.0
176.0	238.0
168.0	252.0
174.0	231.0
186.0	243.0
198.0	234.0
197.0	221.0
211.0	228.0
218.0	235.0
210.0	250.0
205.0	264.0
195.0	252.0
199.0	238.0
201.0	222.0
214.0	217.0
228.0	210.0
241.0	228.0
257.0	230.0
238.0	238.0
238.0	261.0
213.0	257.0
220.0	239.0
202.0	226.0
194.0	247.0
209.0	259.0
232.0	270.0
233.0	296.0
234.0	266.0
241.0	231.0
214.0	222.0
203.0	199.0
189.0	189.0
186.0	179.0
193.0	169.0
185.0	186.0
189.0	200.0
184.0	212.0
173.0	225.0
192.0	209.0
176.0	217.0
182.0	193.0
187.0	173.0
185.0	195.0
189.0	171.0
181.0	200.0
205.0	221.0
182.0	206.0
204.0	231.0
177.0	238.0
186.0	270.0
181.0	291.0
196.0	266.0
167.0	270.0
208.0	248.0
230.0	275.0
207.0	304.0
217.0	329.0
202.0	338.0
203.0	319.0
195.0	342.0
178.0	336.0
185.0	349.0
196.0	365.0
207.0	379.0
210.0	360.0
217.0	382.0
201.0	371.0
222.0	382.0
241.0	380.0
243.0	370.0
240.0	388.0
241.0	371.0
233.0	347.0
244.0	370.0
227.0	344.0
202.0	323.0
176.0	324.0
193.0	308.0
181.0	339.0
191.0	362.0
193.0	330.0
189.0	355.0
217.0	337.0
237.0	305.0
248.0	338.0
241.0	372.0
209.0	391.0
211.0	421.0
196.0	430.0
183.0	432.0
176.0	434.0
181.0	430.0
191.0	431.0
177.0	431.0
169.0	439.0
164.0	444.0
172.0	436.0
165.0	443.0
173.0	433.0
189.0	429.0
207.0	427.0
214.0	406.0
235.0	413.0
225.0	387.0
233.0	412.0
244.0	382.0
226.0	337.0
180.0	335.0
211.0	386.0
201.0	429.0
212.0	407.0
219.0	443.0
206.0	462.0
192.0	455.0
174.0	465.0
169.0	466.0
165.0	462.0
172.0	460.0
167.0	466.0
173.0	470.0
171.0	461.0
175.0	472.0
168.0	480.0
161.0	480.0
157.0	488.0
162.0	480.0
170.0	486.0
164.0	483.0
170.0	490.0
165.0	495.0
159.0	498.0
167.0	493.0
163.0	498.0
156.0	489.0
165.0	496.0
156.0	503.0
149.0	494.0
159.0	504.0
147.0	499.0
153.0	510.0
141.0	515.0
154.0	513.0
155.0	525.0
164.0	527.0
157.0	529.0
153.0	524.0
161.0	518.0
167.0	524.0
168.0	519.0
160.0	515.0
154.0	526.0
156.0	535.0
160.0	533.0
157.0	540.0
161.0	543.0
163.0	549.0
159.0	554.0
157.0	553.0
159.0	556.0
163.0	557.0
158.0	553.0
154.0	553.0
157.0	555.0
154.0	552.0
158.0	549.0
154.0	547.0
156.0	545.0
153.0	547.0
156.0	548.0
153.0	545.0
153.0	550.0
151.0	554.0
149.0	557.0
152.0	560.0
149.0	559.0
145.0	559.0
142.0	557.0
143.0	560.0
143.0	563.0
142.0	561.0
144.0	563.0
141.0	563.0
139.0	560.0
138.0	563.0
141.0	559.0
138.0	557.0
139.0	561.0
140.0	557.0
144.0	560.0
148.0	562.0
145.0	563.0
142.0	563.0
142.0	567.0
146.0	567.0
149.0	568.0
147.0	565.0
146.0	569.0
149.0	571.0
148.0	575.0
150.0	577.0
147.0	575.0
144.0	573.0
145.0	570.0
141.0	572.0
138.0	576.0
137.0	579.0
140.0	577.0
143.0	577.0
139.0	577.0
142.0	580.0
141.0	583.0
141.0	587.0
140.0	590.0
143.0	590.0
140.0	591.0
138.0	588.0
142.0	587.0
142.0	591.0
143.0	595.0
145.0	592.0
147.0	596.0
151.0	594.0
154.0	589.0
151.0	592.0
157.0	591.0
153.0	589.0
158.0	587.0
160.0	584.0
156.0	584.0
159.0	585.0
155.0	588.0
152.0	583.0
148.0	581.0
144.0	582.0
142.0	577.0
137.0	574.0
133.0	572.0
137.0	568.0
141.0	567.0
145.0	571.0
148.0	567.0
153.0	566.0
156.0	568.0
155.0	565.0
153.0	569.0
153.0	574.0
150.0	576.0
154.0	577.0
156.0	581.0
160.0	578.0
156.0	578.0
152.0	574.0
147.0	573.0
151.0	575.0
147.0	570.0
142.0	566.0
146.0	571.0
148.0	577.0
150.0	582.0
147.0	587.0
144.0	592.0
139.0	593.0
134.0	593.0
129.0	592.0
131.0	589.0
128.0	589.0
125.0	590.0
123.0	594.0
126.0	590.0
129.0	587.0
130.0	583.0
131.0	587.0
133.0	591.0
139.0	588.0
138.0	584.0
135.0	589.0
132.0	584.0
133.0	579.0
135.0	574.0
133.0	568.0
141.0	568.0
134.0	566.0
134.0	559.0
140.0	555.0
146.0	552.0
149.0	546.0
148.0	553.0
147.0	547.0
150.0	555.0
154.0	560.0
158.0	562.0
160.0	566.0
163.0	569.0
159.0	570.0
158.0	573.0
159.0	569.0
162.0	566.0
156.0	565.0
153.0	560.0
149.0	563.0
155.0	563.0
159.0	567.0
155.0	571.0
158.0	576.0
159.0	571.0
164.0	574.0
167.0	577.0
164.0	579.0
160.0	580.0
162.0	575.0
163.0	580.0
159.0	578.0
165.0	575.0
163.0	570.0
154.0	568.0
150.0	575.0
151.0	567.0
145.0	561.0
139.0	558.0
143.0	565.0
150.0	562.0
142.0	559.0
151.0	557.0
156.0	552.0
161.0	555.0
158.0	548.0
161.0	554.0
154.0	558.0
147.0	561.0
136.0	560.0
145.0	565.0
135.0	571.0
139.0	579.0
141.0	585.0
146.0	583.0
149.0	588.0
156.0	587.0
161.0	585.0
160.0	590.0
163.0	595.0
163.0	599.0
168.0	600.0
168.0	596.0
168.0	601.0
167.0	605.0
167.0	609.0
171.0	608.0
170.0	604.0
167.0	601.0
164.0	605.0
161.0	608.0
158.0	605.0
157.0	609.0
162.0	610.0
157.0	611.0
152.0	610.0
151.0	615.0
149.0	611.0
146.0	608.0
147.0	605.0
150.0	602.0
149.0	598.0
152.0	601.0
155.0	602.0
158.0	602.0
159.0	607.0
165.0	605.0
163.0	600.0
164.0	594.0
161.0	597.0
164.0	593.0
160.0	597.0
154.0	599.0
157.0	596.0
162.0	594.0
168.0	597.0
173.0	599.0
177.0	599.0
180.0	601.0
183.0	600.0
186.0	602.0
187.0	598.0
186.0	603.0
182.0	605.0
184.0	602.0
181.0	606.0
177.0	606.0
177.0	609.0
177.0	613.0
176.0	608.0
174.0	605.0
171.0	604.0
167.0	607.0
167.0	613.0
172.0	610.0
176.0	613.0
178.0	607.0
175.0	605.0
176.0	609.0
172.0	607.0
166.0	608.0
165.0	601.0
173.0	605.0
178.0	601.0
182.0	603.0
186.0	599.0
191.0	595.0
195.0	604.0
191.0	598.0
182.0	600.0
176.0	601.0
176.0	606.0
175.0	613.0
167.0	614.0
174.0	612.0
166.0	610.0
159.0	616.0
162.0	620.0
155.0	617.0
160.0	616.0
158.0	608.0
156.0	602.0
156.0	597.0
155.0	604.0
155.0	609.0
151.0	603.0
152.0	608.0
146.0	606.0
142.0	606.0
140.0	609.0
140.0	612.0
143.0	611.0
146.0	612.0
150.0	612.0
145.0	614.0
142.0	612.0
139.0	610.0
136.0	612.0
138.0	609.0
139.0	604.0
136.0	603.0
140.0	604.0
140.0	608.0
139.0	603.0
138.0	607.0
138.0	601.0
143.0	603.0
148.0	602.0
153.0	604.0
147.0	600.0
141.0	597.0
136.0	594.0
130.0	597.0
126.0	593.0
127.0	587.0
133.0	588.0
131.0	581.0
126.0	577.0
133.0	577.0
140.0	578.0
136.0	572.0
129.0	580.0
122.0	583.0
125.0	579.0
120.0	585.0
124.0	587.0
124.0	580.0
117.0	583.0
114.0	585.0
114.0	588.0
116.0	592.0
120.0	594.0
114.0	594.0
117.0	589.0
115.0	585.0
119.0	588.0
126.0	589.0
128.0	582.0
137.0	587.0
130.0	591.0
132.0	581.0
144.0	580.0
138.0	577.0
145.0	585.0
138.0	582.0
140.0	571.0
135.0	558.0
134.0	546.0
143.0	538.0
147.0	531.0
146.0	536.0
152.0	535.0
158.0	533.0
165.0	531.0
173.0	530.0
166.0	528.0
169.0	520.0
179.0	521.0
183.0	520.0
181.0	524.0
184.0	521.0
180.0	526.0
181.0	519.0
183.0	514.0
188.0	512.0
182.0	514.0
184.0	508.0
189.0	503.0
191.0	510.0
189.0	502.0
185.0	511.0
187.0	504.0
180.0	511.0
184.0	505.0
195.0	503.0
197.0	485.0
185.0	487.0
183.0	479.0
178.0	489.0
185.0	484.0
177.0	474.0
171.0	485.0
161.0	485.0
171.0	489.0
179.0	488.0
193.0	485.0
202.0	467.0
219.0	457.0
193.0	455.0
186.0	479.0
194.0	496.0
180.0	507.0
192.0	509.0
182.0	523.0
181.0	529.0
172.0	528.0
171.0	536.0
172.0	532.0
171.0	539.0
174.0	544.0
175.0	538.0
179.0	540.0
174.0	545.0
171.0	537.0
179.0	541.0
173.0	535.0
181.0	528.0
179.0	518.0
181.0	527.0
171.0	533.0
168.0	522.0
181.0	515.0
170.0	520.0
177.0	507.0
171.0	523.0
179.0	536.0
177.0	552.0
178.0	561.0
181.0	566.0
182.0	572.0
183.0	578.0
186.0	586.0
177.0	592.0
180.0	596.0
175.0	594.0
177.0	591.0
173.0	587.0
175.0	591.0
176.0	596.0
171.0	599.0
177.0	594.0
184.0	596.0
189.0	604.0
197.0	608.0
193.0	597.0
178.0	599.0
173.0	595.0
167.0	592.0
169.0	587.0
165.0	586.0
166.0	591.0
172.0	588.0
168.0	594.0
167.0	585.0
170.0	581.0
165.0	580.0
171.0	580.0
165.0	583.0
167.0	576.0
164.0	584.0
157.0	584.0
148.0	589.0
144.0	596.0
150.0	594.0
145.0	601.0
138.0	603.0
132.0	599.0
128.0	604.0
125.0	603.0
128.0	602.0
125.0	599.0
127.0	603.0
123.0	602.0
129.0	602.0
128.0	608.0
125.0	612.0
129.0	612.0
132.0	608.0
126.0	608.0
120.0	608.0
117.0	611.0
117.0	615.0
121.0	616.0
120.0	612.0
118.0	607.0
116.0	612.0
112.0	609.0
113.0	613.0
109.0	616.0
114.0	617.0
114.0	621.0
112.0	616.0
118.0	617.0
112.0	618.0
107.0	613.0
103.0	610.0
99.0	610.0
97.0	607.0
98.0	611.0
98.0	615.0
101.0	614.0
98.0	616.0
102.0	617.0
100.0	619.0
102.0	622.0
106.0	619.0
101.0	615.0
104.0	612.0
108.0	609.0
109.0	604.0
108.0	600.0
106.0	603.0
110.0	603.0
114.0	606.0
118.0	605.0
124.0	604.0
122.0	612.0
124.0	607.0
129.0	613.0
126.0	617.0
123.0	621.0
125.0	624.0
124.0	627.0
127.0	625.0
131.0	624.0
131.0	620.0
130.0	623.0
125.0	623.0
122.0	626.0
124.0	623.0
122.0	628.0
122.0	622.0
120.0	618.0
120.0	624.0
114.0	623.0
109.0	615.0
115.0	620.0
124.0	619.0
130.0	621.0
130.0	626.0
132.0	622.0
130.0	617.0
126.0	615.0
119.0	613.0
127.0	614.0
134.0	613.0
134.0	618.0
138.0	620.0
140.0	623.0
140.0	618.0
142.0	615.0
138.0	615.0
142.0	613.0
141.0	618.0
145.0	621.0
146.0	617.0
151.0	617.0
147.0	622.0
150.0	617.0
157.0	616.0
153.0	624.0
147.0	624.0
143.0	629.0
140.0	634.0
139.0	629.0
144.0	629.0
143.0	622.0
137.0	621.0
136.0	626.0
132.0	627.0
135.0	628.0
130.0	629.0
132.0	633.0
129.0	636.0
124.0	634.0
131.0	635.0
132.0	628.0
125.0	627.0
118.0	624.0
126.0	634.0
133.0	636.0
139.0	630.0
139.0	637.0
130.0	633.0
122.0	629.0
133.0	628.0
139.0	624.0
141.0	630.0
138.0	623.0
131.0	618.0
126.0	612.0
127.0	602.0
136.0	604.0
135.0	612.0
143.0	612.0
143.0	618.0
137.0	612.0
144.0	608.0
144.0	615.0
147.0	621.0
152.0	629.0
158.0	628.0
154.0	623.0
149.0	629.0
156.0	630.0
153.0	635.0
146.0	635.0
152.0	637.0
143.0	636.0
135.0	627.0
142.0	634.0
129.0	633.0
145.0	636.0
159.0	633.0
151.0	628.0
159.0	620.0
148.0	617.0
142.0	609.0
140.0	600.0
131.0	603.0
134.0	615.0
145.0	609.0
141.0	620.0
151.0	610.0
156.0	601.0
145.0	598.0
145.0	588.0
150.0	579.0
158.0	586.0
167.0	580.0
171.0	590.0
166.0	580.0
165.0	568.0
154.0	570.0
154.0	582.0
159.0	595.0
163.0	608.0
176.0	605.0
175.0	597.0
181.0	608.0
172.0	600.0
171.0	613.0
156.0	614.0
158.0	627.0
167.0	615.0
155.0	601.0
140.0	594.0
153.0	599.0
168.0	588.0
159.0	572.0
147.0	581.0
137.0	561.0
149.0	553.0
157.0	548.0
150.0	548.0
148.0	538.0
152.0	545.0
150.0	536.0
155.0	543.0
151.0	534.0
159.0	538.0
172.0	539.0
156.0	538.0
145.0	528.0
144.0	517.0
153.0	528.0
160.0	513.0
143.0	528.0
130.0	524.0
123.0	533.0
128.0	531.0
121.0	535.0
124.0	530.0
119.0	539.0
118.0	543.0
117.0	540.0
121.0	537.0
116.0	543.0
120.0	545.0
117.0	547.0
121.0	546.0
119.0	550.0
114.0	551.0
110.0	553.0
114.0	557.0
118.0	557.0
121.0	554.0
126.0	550.0
134.0	547.0
121.0	549.0
117.0	555.0
113.0	553.0
118.0	555.0
116.0	549.0
112.0	554.0
117.0	557.0
111.0	551.0
117.0	545.0
118.0	537.0
121.0	547.0
132.0	544.0
119.0	546.0
127.0	557.0
112.0	559.0
114.0	552.0
108.0	561.0
102.0	564.0
101.0	559.0
105.0	556.0
105.0	563.0
100.0	558.0
103.0	564.0
98.0	559.0
98.0	565.0
96.0	569.0
92.0	571.0
91.0	565.0
94.0	562.0
89.0	565.0
92.0	561.0
95.0	568.0
100.0	565.0
94.0	569.0
88.0	573.0
83.0	569.0
86.0	566.0
80.0	568.0
83.0	574.0
79.0	577.0
73.0	579.0
69.0	576.0
66.0	577.0
63.0	579.0
68.0	578.0
68.0	574.0
65.0	578.0
59.0	580.0
54.0	583.0
58.0	586.0
54.0	589.0
59.0	588.0
53.0	586.0
52.0	592.0
51.0	584.0
48.0	591.0
41.0	591.0
43.0	595.0
37.0	591.0
36.0	597.0
37.0	592.0
43.0	596.0
35.0	593.0
30.0	599.0
31.0	595.0
28.0	601.0
28.0	597.0
33.0	595.0
29.0	602.0
23.0	603.0
18.0	603.0
22.0	600.0
20.0	605.0
14.0	607.0
12.0	611.0
7.0	609.0
4.0	610.0
7.0	613.0
3.0	616.0
7.0	611.0
4.0	616.0
10.0	609.0
15.0	605.0
20.0	608.0
27.0	604.0
20.0	604.0
26.0	598.0
38.0	594.0
50.0	592.0
60.0	587.0
56.0	581.0
50.0	586.0
60.0	581.0
56.0	587.0
44.0	588.0
30.0	600.0
17.0	607.0
26.0	602.0
12.0	608.0
2.0	611.0
12.0	607.0
1.0	613.0
16.0	635.0
14.0	641.0
15.0	637.0
17.0	643.0
16.0	637.0
17.0	644.0
21.0	638.0
17.0	642.0
10.0	641.0
12.0	649.0
8.0	653.0
6.0	659.0
1.0	660.0
9.0	652.0
3.0	659.0
7.0	648.0
9.0	655.0
14.0	644.0
20.0	637.0
27.0	641.0
32.0	644.0
31.0	649.0
29.0	644.0
33.0	649.0
36.0	652.0
40.0	648.0
42.0	645.0
44.0	640.0
41.0	643.0
43.0	648.0
36.0	647.0
38.0	650.0
34.0	646.0
41.0	646.0
38.0	639.0
45.0	639.0
49.0	638.0
45.0	636.0
48.0	639.0
44.0	635.0
50.0	637.0
56.0	635.0
61.0	631.0
64.0	628.0
67.0	631.0
71.0	632.0
68.0	627.0
63.0	627.0
57.0	626.0
56.0	631.0
61.0	629.0
68.0	630.0
74.0	627.0
71.0	624.0
69.0	621.0
74.0	625.0
71.0	630.0
77.0	624.0
71.0	627.0
64.0	632.0
56.0	629.0
48.0	634.0
53.0	628.0
52.0	640.0
53.0	629.0
44.0	638.0
38.0	645.0
32.0	647.0
26.0	640.0
33.0	636.0
21.0	635.0
10.0	642.0
25.0	640.0
35.0	649.0
31.0	637.0
38.0	649.0
26.0	642.0
10.0	647.0
5.0	661.0
21.0	640.0
1.0	645.0
34.0	649.0
10.0	650.0
43.0	646.0
62.0	634.0
47.0	633.0
67.0	633.0
75.0	622.0
68.0	625.0
58.0	632.0
38.0	640.0
72.0	624.0
83.0	618.0
80.0	623.0
84.0	613.0
82.0	620.0
88.0	613.0
95.0	612.0
101.0	612.0
96.0	611.0
99.0	605.0
101.0	601.0
103.0	604.0
105.0	599.0
108.0	599.0
111.0	603.0
106.0	599.0
102.0	600.0
105.0	598.0
99.0	599.0
105.0	600.0
105.0	608.0
104.0	601.0
101.0	609.0
101.0	616.0
101.0	622.0
103.0	617.0
108.0	610.0
116.0	609.0
115.0	602.0
115.0	609.0
105.0	610.0
104.0	619.0
96.0	624.0
93.0	621.0
97.0	625.0
93.0	623.0
99.0	621.0
103.0	626.0
98.0	630.0
104.0	631.0
99.0	627.0
102.0	635.0
107.0	638.0
106.0	644.0
107.0	641.0
104.0	645.0
109.0	647.0
107.0	650.0
111.0	652.0
108.0	649.0
108.0	644.0
103.0	642.0
106.0	635.0
105.0	645.0
108.0	652.0
106.0	647.0
108.0	656.0
111.0	661.0
114.0	667.0
110.0	654.0
106.0	660.0
110.0	649.0
106.0	639.0
97.0	628.0
101.0	636.0
110.0	650.0
123.0	637.0
102.0	631.0
106.0	645.0
97.0	627.0
91.0	618.0
99.0	618.0
89.0	616.0
94.0	623.0
89.0	612.0
83.0	620.0
95.0	607.0
100.0	615.0
114.0	615.0
123.0	624.0
137.0	618.0
147.0	607.0
134.0	621.0
133.0	602.0
141.0	591.0
123.0	595.0
117.0	602.0
114.0	593.0
116.0	585.0
114.0	580.0
113.0	583.0
117.0	581.0
112.0	584.0
113.0	590.0
119.0	597.0
126.0	602.0
120.0	589.0
117.0	599.0
108.0	606.0
97.0	606.0
102.0	598.0
111.0	606.0
124.0	614.0
146.0	609.0
155.0	631.0
145.0	604.0
155.0	628.0
182.0	616.0
194.0	603.0
201.0	616.0
198.0	609.0
203.0	623.0
205.0	617.0
203.0	627.0
205.0	633.0
208.0	641.0
212.0	648.0
208.0	640.0
204.0	630.0
209.0	643.0
204.0	627.0
209.0	645.0
223.0	657.0
231.0	662.0
238.0	665.0
245.0	669.0
251.0	671.0
256.0	675.0
254.0	668.0
258.0	676.0
265.0	679.0
271.0	681.0
263.0	678.0
253.0	674.0
261.0	678.0
249.0	670.0
259.0	674.0
270.0	681.0
284.0	686.0
292.0	689.0
287.0	687.0
279.0	683.0
294.0	688.0
298.0	693.0
292.0	692.0
300.0	691.0
290.0	687.0
277.0	682.0
297.0	689.0
311.0	694.0
322.0	694.0
312.0	692.0
327.0	697.0
312.0	693.0
329.0	696.0
308.0	693.0
286.0	687.0
262.0	677.0
244.0	669.0
232.0	662.0
224.0	656.0
216.0	650.0
229.0	658.0
242.0	667.0
226.0	658.0
211.0	647.0
232.0	661.0
214.0	648.0
202.0	622.0
180.0	609.0
162.0	622.0
131.0	614.0
107.0	598.0
94.0	602.0
91.0	619.0
93.0	602.0
114.0	603.0
110.0	585.0
115.0	578.0
110.0	582.0
121.0	578.0
114.0	592.0
127.0	595.0
109.0	580.0
99.0	566.0
103.0	558.0
98.0	568.0
88.0	567.0
81.0	568.0
79.0	576.0
72.0	574.0
71.0	580.0
66.0	580.0
63.0	585.0
71.0	581.0
75.0	575.0
69.0	571.0
62.0	579.0
70.0	573.0
69.0	583.0
58.0	583.0
76.0	580.0
80.0	569.0
71.0	574.0
61.0	585.0
84.0	574.0
90.0	562.0
84.0	570.0
96.0	561.0
107.0	554.0
116.0	541.0
115.0	558.0
132.0	561.0
153.0	553.0
140.0	547.0
154.0	536.0
133.0	537.0
144.0	528.0
125.0	533.0
133.0	513.0
131.0	533.0
134.0	509.0
147.0	493.0
160.0	485.0
159.0	470.0
168.0	460.0
156.0	456.0
156.0	468.0
156.0	454.0
169.0	443.0
182.0	431.0
190.0	456.0
170.0	441.0
157.0	460.0
158.0	475.0
170.0	488.0
169.0	465.0
164.0	447.0
172.0	465.0
179.0	489.0
155.0	488.0
136.0	500.0
142.0	532.0
119.0	542.0
144.0	537.0
160.0	560.0
178.0	559.0
182.0	566.0
183.0	573.0
186.0	580.0
171.0	577.0
180.0	566.0
183.0	576.0
179.0	560.0
175.0	546.0
179.0	561.0
185.0	580.0
178.0	558.0
156.0	559.0
177.0	553.0
160.0	543.0
183.0	526.0
171.0	497.0
194.0	482.0
191.0	512.0
176.0	541.0
182.0	567.0
156.0	547.0
126.0	559.0
123.0	584.0
101.0	599.0
92.0	621.0
70.0	621.0
99.0	632.0
110.0	658.0
151.0	637.0
112.0	658.0
79.0	622.0
118.0	622.0
151.0	635.0
172.0	591.0
181.0	570.0
180.0	604.0
153.0	586.0
183.0	602.0
161.0	572.0
117.0	580.0
94.0	570.0
79.0	572.0
97.0	560.0
118.0	556.0
114.0	583.0
93.0	564.0
69.0	578.0
96.0	601.0
85.0	567.0
47.0	588.0
16.0	606.0
1.0	612.0
11.0	642.0
46.0	639.0
84.0	614.0
40.0	595.0
8.0	610.0
40.0	637.0
6.0	611.0
5.0	663.0
35.0	599.0
87.0	575.0
139.0	586.0
131.0	629.0
170.0	585.0
180.0	534.0
135.0	511.0
170.0	519.0
136.0	502.0
160.0	464.0
166.0	495.0
198.0	491.0
225.0	445.0
255.0	448.0
230.0	438.0
201.0	460.0
173.0	437.0
206.0	458.0
248.0	440.0
265.0	471.0
268.0	484.0
261.0	470.0
276.0	490.0
265.0	476.0
283.0	499.0
268.0	483.0
291.0	507.0
320.0	522.0
354.0	542.0
377.0	545.0
397.0	549.0
395.0	559.0
401.0	546.0
401.0	561.0
417.0	562.0
400.0	558.0
411.0	546.0
428.0	558.0
416.0	543.0
405.0	566.0
384.0	547.0
356.0	550.0
397.0	548.0
363.0	544.0
319.0	523.0
272.0	486.0
220.0	442.0
262.0	470.0
196.0	429.0
245.0	410.0
214.0	340.0
261.0	333.0
287.0	275.0
326.0	295.0
330.0	296.0
327.0	297.0
328.0	293.0
329.0	298.0
329.0	292.0
334.0	297.0
328.0	295.0
332.0	289.0
339.0	290.0
340.0	296.0
341.0	289.0
342.0	296.0
335.0	296.0
337.0	289.0
330.0	295.0
321.0	290.0
340.0	287.0
348.0	285.0
351.0	286.0
354.0	285.0
359.0	283.0
366.0	284.0
367.0	290.0
371.0	289.0
376.0	289.0
380.0	285.0
374.0	284.0
379.0	286.0
374.0	288.0
369.0	291.0
375.0	289.0
374.0	296.0
370.0	289.0
368.0	283.0
360.0	283.0
363.0	290.0
361.0	295.0
355.0	296.0
359.0	291.0
362.0	285.0
369.0	290.0
375.0	296.0
364.0	295.0
364.0	283.0
353.0	285.0
348.0	287.0
350.0	291.0
349.0	296.0
354.0	291.0
352.0	284.0
359.0	284.0
349.0	287.0
345.0	295.0
347.0	287.0
347.0	297.0
359.0	296.0
351.0	287.0
348.0	297.0
336.0	291.0
348.0	284.0
360.0	290.0
349.0	297.0
365.0	292.0
378.0	286.0
369.0	283.0
377.0	297.0
382.0	307.0
379.0	309.0
380.0	312.0
376.0	312.0
373.0	314.0
374.0	317.0
372.0	320.0
369.0	318.0
369.0	314.0
370.0	309.0
375.0	312.0
379.0	312.0
381.0	316.0
383.0	319.0
380.0	317.0
379.0	321.0
376.0	323.0
381.0	324.0
382.0	320.0
386.0	320.0
389.0	318.0
387.0	320.0
388.0	323.0
391.0	324.0
391.0	320.0
388.0	318.0
383.0	317.0
380.0	313.0
376.0	309.0
382.0	309.0
385.0	313.0
388.0	317.0
382.0	315.0
386.0	310.0
391.0	311.0
387.0	309.0
393.0	312.0
398.0	316.0
399.0	322.0
393.0	321.0
388.0	320.0
393.0	320.0
387.0	323.0
383.0	324.0
388.0	324.0
393.0	325.0
393.0	331.0
398.0	329.0
402.0	330.0
406.0	332.0
402.0	328.0
407.0	326.0
409.0	330.0
403.0	329.0
397.0	330.0
392.0	325.0
395.0	331.0
391.0	323.0
388.0	330.0
387.0	325.0
387.0	331.0
379.0	330.0
384.0	325.0
383.0	330.0
376.0	328.0
369.0	330.0
369.0	323.0
371.0	328.0
378.0	328.0
381.0	321.0
373.0	319.0
373.0	315.0
370.0	319.0
372.0	316.0
374.0	312.0
380.0	309.0
378.0	301.0
375.0	310.0
369.0	316.0
374.0	320.0
367.0	320.0
369.0	328.0
362.0	329.0
354.0	329.0
359.0	328.0
352.0	326.0
357.0	328.0
349.0	326.0
353.0	330.0
343.0	327.0
350.0	328.0
345.0	321.0
348.0	326.0
349.0	319.0
354.0	313.0
362.0	312.0
368.0	307.0
368.0	316.0
362.0	310.0
352.0	316.0
354.0	327.0
345.0	320.0
356.0	312.0
368.0	323.0
368.0	331.0
379.0	322.0
384.0	329.0
372.0	328.0
379.0	318.0
384.0	309.0
386.0	317.0
385.0	307.0
395.0	311.0
391.0	318.0
389.0	308.0
391.0	296.0
387.0	290.0
392.0	287.0
387.0	285.0
387.0	291.0
391.0	285.0
398.0	287.0
402.0	286.0
397.0	288.0
404.0	287.0
410.0	291.0
405.0	290.0
402.0	296.0
407.0	297.0
414.0	293.0
409.0	289.0
404.0	296.0
400.0	288.0
398.0	296.0
388.0	295.0
394.0	286.0
399.0	295.0
406.0	288.0
413.0	296.0
404.0	297.0
399.0	287.0
414.0	292.0
394.0	296.0
390.0	310.0
401.0	319.0
405.0	323.0
402.0	319.0
407.0	325.0
402.0	321.0
404.0	329.0
405.0	321.0
400.0	313.0
400.0	330.0
404.0	319.0
396.0	330.0
409.0	324.0
386.0	328.0
404.0	330.0
392.0	309.0
406.0	295.0
386.0	297.0
395.0	286.0
415.0	296.0
383.0	286.0
379.0	307.0
372.0	321.0
362.0	328.0
364.0	311.0
348.0	316.0
364.0	328.0
344.0	327.0
373.0	318.0
351.0	315.0
352.0	292.0
372.0	284.0
373.0	309.0
382.0	285.0
361.0	311.0
349.0	285.0
371.0	295.0
340.0	281.0
370.0	313.0
395.0	329.0
415.0	291.0
383.0	323.0
344.0	324.0
385.0	329.0
384.0	285.0
330.0	299.0
270.0	295.0
328.0	291.0
314.0	235.0
325.0	216.0
320.0	229.0
305.0	248.0
270.0	283.0
258.0	228.0
273.0	206.0
254.0	193.0
250.0	176.0
247.0	198.0
228.0	212.0
215.0	190.0
243.0	199.0
261.0	179.0
284.0	184.0
269.0	166.0
272.0	145.0
283.0	117.0
282.0	152.0
277.0	184.0
260.0	207.0
282.0	193.0
310.0	174.0
321.0	155.0
332.0	166.0
323.0	146.0
343.0	140.0
316.0	154.0
310.0	178.0
336.0	200.0
331.0	210.0
343.0	195.0
352.0	184.0
337.0	199.0
322.0	221.0
348.0	189.0
332.0	208.0
309.0	241.0
338.0	292.0
270.0	318.0
209.0	292.0
188.0	251.0
174.0	220.0
197.0	257.0
238.0	264.0
247.0	216.0
210.0	230.0
251.0	222.0
218.0	187.0
193.0	168.0
203.0	137.0
239.0	138.0
223.0	117.0
230.0	99.0
220.0	120.0
238.0	92.0
254.0	75.0
267.0	75.0
272.0	61.0
286.0	49.0
273.0	73.0
278.0	53.0
261.0	78.0
244.0	88.0
264.0	74.0
295.0	75.0
303.0	106.0
300.0	69.0
323.0	37.0
363.0	42.0
330.0	37.0
363.0	73.0
399.0	72.0
387.0	35.0
435.0	63.0
483.0	97.0
480.0	124.0
493.0	147.0
523.0	148.0
514.0	121.0
491.0	106.0
519.0	122.0
538.0	160.0
529.0	186.0
517.0	206.0
524.0	226.0
524.0	238.0
524.0	227.0
531.0	212.0
551.0	216.0
543.0	223.0
539.0	237.0
547.0	241.0
537.0	241.0
537.0	248.0
543.0	252.0
538.0	259.0
535.0	269.0
533.0	277.0
524.0	276.0
524.0	269.0
526.0	260.0
525.0	251.0
524.0	242.0
526.0	254.0
525.0	264.0
525.0	252.0
537.0	247.0
538.0	238.0
538.0	252.0
526.0	248.0
537.0	240.0
525.0	232.0
539.0	245.0
555.0	245.0
553.0	258.0
550.0	269.0
550.0	278.0
552.0	271.0
550.0	282.0
547.0	296.0
547.0	282.0
533.0	282.0
524.0	285.0
523.0	290.0
522.0	296.0
523.0	292.0
520.0	296.0
520.0	300.0
518.0	295.0
515.0	294.0
513.0	299.0
509.0	300.0
511.0	295.0
514.0	300.0
513.0	305.0
519.0	308.0
523.0	313.0
527.0	311.0
529.0	315.0
524.0	313.0
521.0	308.0
523.0	316.0
529.0	312.0
534.0	318.0
533.0	326.0
525.0	323.0
519.0	328.0
522.0	323.0
514.0	322.0
516.0	327.0
523.0	325.0
516.0	332.0
519.0	339.0
512.0	336.0
506.0	331.0
509.0	336.0
501.0	338.0
495.0	338.0
498.0	333.0
496.0	329.0
494.0	326.0
497.0	321.0
499.0	317.0
502.0	323.0
505.0	327.0
500.0	322.0
505.0	319.0
512.0	322.0
506.0	317.0
514.0	321.0
525.0	320.0
530.0	312.0
520.0	310.0
515.0	301.0
516.0	295.0
517.0	302.0
511.0	306.0
507.0	300.0
506.0	295.0
501.0	299.0
496.0	305.0
492.0	304.0
495.0	307.0
501.0	307.0
505.0	300.0
506.0	306.0
510.0	299.0
502.0	300.0
494.0	297.0
491.0	305.0
496.0	307.0
491.0	315.0
493.0	305.0
496.0	317.0
494.0	327.0
493.0	332.0
493.0	327.0
497.0	332.0
500.0	328.0
497.0	333.0
494.0	338.0
487.0	333.0
494.0	337.0
490.0	329.0
488.0	338.0
477.0	336.0
468.0	334.0
468.0	323.0
480.0	327.0
474.0	337.0
479.0	325.0
473.0	336.0
459.0	335.0
467.0	323.0
460.0	340.0
460.0	359.0
458.0	339.0
471.0	321.0
484.0	339.0
488.0	322.0
477.0	327.0
498.0	325.0
498.0	317.0
510.0	317.0
509.0	306.0
496.0	306.0
502.0	295.0
491.0	302.0
481.0	315.0
493.0	297.0
515.0	296.0
514.0	305.0
521.0	296.0
523.0	287.0
532.0	287.0
524.0	281.0
525.0	273.0
534.0	279.0
536.0	266.0
547.0	271.0
537.0	263.0
539.0	248.0
526.0	257.0
534.0	273.0
523.0	282.0
520.0	294.0
534.0	295.0
518.0	296.0
522.0	311.0
521.0	298.0
505.0	296.0
524.0	289.0
541.0	303.0
533.0	319.0
543.0	313.0
540.0	329.0
529.0	323.0
514.0	326.0
508.0	336.0
504.0	326.0
513.0	320.0
506.0	307.0
525.0	313.0
509.0	299.0
530.0	314.0
539.0	335.0
531.0	318.0
549.0	329.0
565.0	335.0
577.0	341.0
558.0	348.0
571.0	337.0
567.0	365.0
548.0	355.0
569.0	341.0
540.0	341.0
518.0	342.0
516.0	350.0
518.0	362.0
518.0	347.0
515.0	359.0
516.0	376.0
517.0	356.0
516.0	335.0
504.0	336.0
494.0	333.0
503.0	337.0
500.0	326.0
497.0	339.0
499.0	322.0
493.0	306.0
507.0	337.0
494.0	332.0
520.0	329.0
501.0	332.0
480.0	339.0
460.0	369.0
457.0	344.0
457.0	388.0
460.0	424.0
459.0	387.0
415.0	390.0
411.0	393.0
415.0	392.0
;end of file
