2.0	4.0
2.0	9.0
-1.0	6.0
-3.0	1.0
-2.0	-6.0
6.0	-5.0
0.0	-2.0
5.0	0.0
11.0	2.0
14.0	5.0
18.0	7.0
21.0	1.0
23.0	-3.0
27.0	-4.0
32.0	-5.0
37.0	-6.0
41.0	-9.0
35.0	-11.0
34.0	-5.0
28.0	-2.0
22.0	-1.0
19.0	-4.0
23.0	-1.0
18.0	-3.0
23.0	-5.0
17.0	1.0
13.0	3.0
6.0	3.0
-1.0	4.0
1.0	11.0
1.0	6.0
-3.0	13.0
-9.0	13.0
-5.0	13.0
1.0	13.0
-1.0	20.0
1.0	15.0
-4.0	20.0
1.0	18.0
-8.0	19.0
-11.0	17.0
-8.0	20.0
-2.0	20.0
-9.0	14.0
-7.0	20.0
-15.0	19.0
-19.0	17.0
-17.0	16.0
-20.0	13.0
-20.0	18.0
-23.0	18.0
-22.0	13.0
-16.0	13.0
-19.0	19.0
-11.0	16.0
-18.0	16.0
-12.0	12.0
-21.0	18.0
-27.0	10.0
-37.0	9.0
-37.0	16.0
-33.0	19.0
-41.0	18.0
-36.0	16.0
-41.0	20.0
-48.0	19.0
-42.0	18.0
-35.0	18.0
-44.0	18.0
-51.0	14.0
-54.0	11.0
-51.0	9.0
-49.0	12.0
-44.0	12.0
-45.0	19.0
-52.0	12.0
-54.0	8.0
-55.0	12.0
-56.0	7.0
-50.0	10.0
-42.0	9.0
-52.0	8.0
-59.0	14.0
-56.0	19.0
-60.0	18.0
-54.0	17.0
-57.0	22.0
-61.0	25.0
-57.0	28.0
-57.0	32.0
-60.0	34.0
-64.0	34.0
-61.0	37.0
-60.0	41.0
-61.0	35.0
-65.0	32.0
-59.0	30.0
-58.0	25.0
-60.0	31.0
-65.0	31.0
-60.0	36.0
-56.0	31.0
-64.0	30.0
-57.0	35.0
-60.0	27.0
-59.0	18.0
-63.0	25.0
-58.0	16.0
-57.0	24.0
-52.0	16.0
-60.0	23.0
-55.0	11.0
-50.0	20.0
-36.0	15.0
-28.0	19.0
-18.0	18.0
-9.0	16.0
2.0	18.0
12.0	5.0
13.0	-4.0
9.0	2.0
16.0	5.0
21.0	-4.0
13.0	1.0
5.0	-4.0
-3.0	2.0
9.0	-4.0
19.0	-1.0
33.0	-5.0
38.0	-11.0
40.0	-16.0
42.0	-12.0
42.0	-19.0
42.0	-24.0
41.0	-18.0
39.0	-24.0
40.0	-31.0
40.0	-35.0
42.0	-32.0
43.0	-36.0
43.0	-42.0
45.0	-47.0
43.0	-52.0
41.0	-46.0
40.0	-52.0
40.0	-44.0
47.0	-47.0
54.0	-43.0
58.0	-44.0
55.0	-40.0
59.0	-38.0
64.0	-40.0
59.0	-40.0
53.0	-40.0
47.0	-46.0
39.0	-52.0
36.0	-60.0
38.0	-65.0
44.0	-65.0
40.0	-62.0
35.0	-65.0
33.0	-58.0
30.0	-66.0
24.0	-66.0
32.0	-64.0
25.0	-69.0
35.0	-57.0
43.0	-63.0
36.0	-61.0
46.0	-63.0
54.0	-59.0
60.0	-59.0
65.0	-60.0
61.0	-60.0
67.0	-60.0
72.0	-60.0
76.0	-56.0
73.0	-59.0
79.0	-58.0
80.0	-54.0
85.0	-53.0
88.0	-52.0
89.0	-55.0
89.0	-59.0
89.0	-53.0
85.0	-50.0
89.0	-54.0
82.0	-52.0
79.0	-57.0
86.0	-54.0
78.0	-58.0
87.0	-57.0
88.0	-65.0
88.0	-73.0
85.0	-79.0
84.0	-73.0
89.0	-66.0
86.0	-78.0
83.0	-86.0
80.0	-87.0
83.0	-83.0
80.0	-88.0
84.0	-83.0
80.0	-90.0
81.0	-84.0
81.0	-95.0
76.0	-95.0
81.0	-96.0
75.0	-98.0
82.0	-98.0
79.0	-104.0
76.0	-101.0
78.0	-96.0
80.0	-104.0
75.0	-103.0
82.0	-101.0
81.0	-109.0
77.0	-112.0
77.0	-107.0
79.0	-114.0
84.0	-117.0
82.0	-122.0
84.0	-118.0
81.0	-123.0
85.0	-126.0
84.0	-122.0
85.0	-128.0
82.0	-123.0
86.0	-130.0
84.0	-124.0
81.0	-114.0
79.0	-106.0
75.0	-99.0
81.0	-111.0
78.0	-98.0
77.0	-113.0
85.0	-129.0
87.0	-139.0
87.0	-144.0
92.0	-144.0
93.0	-148.0
89.0	-151.0
92.0	-147.0
91.0	-142.0
93.0	-147.0
88.0	-151.0
92.0	-156.0
96.0	-158.0
94.0	-159.0
99.0	-159.0
96.0	-156.0
97.0	-152.0
95.0	-157.0
100.0	-160.0
97.0	-153.0
96.0	-159.0
94.0	-151.0
86.0	-152.0
91.0	-143.0
95.0	-148.0
97.0	-157.0
88.0	-148.0
78.0	-153.0
66.0	-156.0
87.0	-145.0
88.0	-134.0
83.0	-127.0
88.0	-140.0
73.0	-151.0
90.0	-139.0
83.0	-119.0
91.0	-140.0
72.0	-152.0
86.0	-132.0
96.0	-157.0
96.0	-172.0
95.0	-176.0
96.0	-181.0
95.0	-175.0
98.0	-169.0
94.0	-177.0
95.0	-170.0
95.0	-183.0
92.0	-188.0
86.0	-186.0
91.0	-186.0
95.0	-179.0
96.0	-192.0
83.0	-189.0
78.0	-193.0
82.0	-189.0
76.0	-193.0
72.0	-198.0
77.0	-197.0
70.0	-199.0
74.0	-197.0
69.0	-203.0
65.0	-206.0
68.0	-200.0
65.0	-205.0
69.0	-199.0
79.0	-195.0
70.0	-198.0
60.0	-205.0
54.0	-208.0
50.0	-211.0
45.0	-212.0
50.0	-209.0
55.0	-213.0
57.0	-217.0
57.0	-213.0
60.0	-217.0
56.0	-219.0
59.0	-225.0
60.0	-231.0
58.0	-222.0
57.0	-215.0
59.0	-221.0
59.0	-213.0
55.0	-206.0
58.0	-214.0
49.0	-212.0
58.0	-212.0
48.0	-212.0
58.0	-206.0
60.0	-218.0
61.0	-232.0
51.0	-210.0
64.0	-203.0
46.0	-211.0
57.0	-226.0
40.0	-215.0
57.0	-209.0
36.0	-215.0
19.0	-216.0
28.0	-216.0
41.0	-215.0
18.0	-217.0
9.0	-217.0
16.0	-218.0
3.0	-216.0
-2.0	-216.0
-4.0	-210.0
2.0	-216.0
-7.0	-214.0
-18.0	-212.0
-26.0	-209.0
-32.0	-207.0
-39.0	-200.0
-45.0	-194.0
-54.0	-190.0
-60.0	-187.0
-63.0	-184.0
-67.0	-180.0
-70.0	-181.0
-67.0	-183.0
-62.0	-184.0
-68.0	-180.0
-60.0	-184.0
-69.0	-179.0
-80.0	-173.0
-88.0	-171.0
-96.0	-171.0
-98.0	-179.0
-105.0	-173.0
-99.0	-173.0
-106.0	-174.0
-100.0	-179.0
-94.0	-170.0
-82.0	-173.0
-70.0	-179.0
-58.0	-188.0
-68.0	-181.0
-84.0	-171.0
-102.0	-172.0
-111.0	-170.0
-119.0	-166.0
-115.0	-168.0
-122.0	-163.0
-118.0	-167.0
-125.0	-161.0
-129.0	-156.0
-123.0	-161.0
-129.0	-155.0
-122.0	-162.0
-133.0	-153.0
-137.0	-144.0
-133.0	-149.0
-139.0	-140.0
-140.0	-131.0
-136.0	-142.0
-142.0	-127.0
-143.0	-113.0
-144.0	-107.0
-149.0	-106.0
-144.0	-110.0
-149.0	-107.0
-142.0	-110.0
-151.0	-106.0
-142.0	-113.0
-153.0	-103.0
-138.0	-107.0
-141.0	-88.0
-140.0	-81.0
-145.0	-84.0
-141.0	-83.0
-140.0	-77.0
-145.0	-74.0
-140.0	-72.0
-142.0	-66.0
-138.0	-69.0
-145.0	-65.0
-139.0	-69.0
-147.0	-66.0
-141.0	-72.0
-147.0	-77.0
-145.0	-86.0
-141.0	-76.0
-142.0	-86.0
-139.0	-72.0
-147.0	-65.0
-146.0	-81.0
-148.0	-66.0
-143.0	-87.0
-146.0	-67.0
-178.0	-71.0
-185.0	-73.0
-190.0	-76.0
-193.0	-75.0
-197.0	-77.0
-203.0	-77.0
-208.0	-77.0
-212.0	-78.0
-216.0	-81.0
-212.0	-77.0
-217.0	-80.0
-210.0	-79.0
-204.0	-79.0
-197.0	-82.0
-199.0	-77.0
-207.0	-77.0
-201.0	-86.0
-209.0	-89.0
-208.0	-78.0
-209.0	-90.0
-205.0	-78.0
-195.0	-77.0
-188.0	-74.0
-184.0	-70.0
-184.0	-79.0
-183.0	-74.0
-188.0	-79.0
-186.0	-83.0
-192.0	-78.0
-189.0	-84.0
-195.0	-78.0
-187.0	-76.0
-178.0	-76.0
-176.0	-83.0
-179.0	-79.0
-173.0	-85.0
-169.0	-91.0
-175.0	-93.0
-177.0	-84.0
-178.0	-73.0
-191.0	-77.0
-199.0	-86.0
-190.0	-77.0
-203.0	-78.0
-188.0	-82.0
-199.0	-88.0
-178.0	-79.0
-166.0	-91.0
-174.0	-87.0
-164.0	-95.0
-155.0	-103.0
-142.0	-115.0
-138.0	-138.0
-131.0	-159.0
-117.0	-167.0
-100.0	-173.0
-119.0	-165.0
-101.0	-181.0
-121.0	-165.0
-93.0	-171.0
-67.0	-182.0
-48.0	-193.0
-58.0	-186.0
-41.0	-198.0
-28.0	-208.0
-37.0	-202.0
-22.0	-211.0
-33.0	-204.0
-13.0	-213.0
-27.0	-208.0
0.0	-215.0
12.0	-217.0
0.0	-216.0
21.0	-216.0
-10.0	-213.0
24.0	-216.0
61.0	-224.0
77.0	-196.0
64.0	-204.0
84.0	-188.0
91.0	-183.0
98.0	-172.0
91.0	-154.0
67.0	-154.0
95.0	-173.0
84.0	-192.0
97.0	-164.0
89.0	-135.0
63.0	-157.0
92.0	-185.0
74.0	-153.0
78.0	-111.0
82.0	-80.0
88.0	-69.0
76.0	-60.0
65.0	-61.0
57.0	-57.0
50.0	-62.0
59.0	-59.0
70.0	-62.0
78.0	-50.0
77.0	-42.0
77.0	-39.0
73.0	-38.0
75.0	-33.0
72.0	-32.0
78.0	-33.0
84.0	-32.0
88.0	-40.0
84.0	-45.0
86.0	-39.0
79.0	-41.0
80.0	-44.0
76.0	-41.0
72.0	-42.0
66.0	-39.0
61.0	-41.0
67.0	-41.0
64.0	-33.0
65.0	-38.0
65.0	-31.0
75.0	-31.0
78.0	-40.0
76.0	-45.0
74.0	-35.0
79.0	-42.0
88.0	-42.0
87.0	-52.0
76.0	-58.0
77.0	-44.0
76.0	-32.0
86.0	-37.0
86.0	-51.0
79.0	-38.0
65.0	-34.0
75.0	-32.0
87.0	-35.0
64.0	-35.0
56.0	-41.0
42.0	-36.0
41.0	-43.0
40.0	-33.0
40.0	-23.0
41.0	-14.0
33.0	-10.0
26.0	-1.0
13.0	2.0
0.0	10.0
-1.0	-6.0
-14.0	-19.0
-18.0	-17.0
-14.0	-16.0
-17.0	-22.0
-22.0	-23.0
-24.0	-27.0
-28.0	-26.0
-26.0	-23.0
-27.0	-28.0
-27.0	-32.0
-29.0	-33.0
-31.0	-34.0
-28.0	-32.0
-31.0	-33.0
-28.0	-37.0
-30.0	-28.0
-26.0	-25.0
-21.0	-21.0
-23.0	-25.0
-19.0	-18.0
-24.0	-21.0
-16.0	-17.0
-27.0	-26.0
-28.0	-34.0
-21.0	-20.0
-29.0	-32.0
-19.0	-17.0
-31.0	-31.0
-39.0	9.0
-24.0	12.0
-38.0	10.0
-58.0	7.0
-68.0	5.0
-64.0	11.0
-68.0	2.0
-61.0	7.0
-73.0	4.0
-83.0	3.0
-89.0	6.0
-86.0	0.0
-79.0	3.0
-69.0	5.0
-87.0	4.0
-90.0	11.0
-92.0	19.0
-96.0	28.0
-94.0	20.0
-98.0	29.0
-103.0	39.0
-106.0	46.0
-107.0	52.0
-108.0	46.0
-104.0	39.0
-105.0	49.0
-111.0	54.0
-108.0	60.0
-111.0	57.0
-110.0	62.0
-111.0	56.0
-113.0	65.0
-116.0	70.0
-113.0	72.0
-117.0	74.0
-119.0	70.0
-120.0	75.0
-118.0	70.0
-118.0	75.0
-115.0	80.0
-111.0	77.0
-112.0	82.0
-107.0	83.0
-111.0	82.0
-107.0	78.0
-103.0	78.0
-104.0	75.0
-107.0	72.0
-102.0	71.0
-100.0	66.0
-98.0	69.0
-101.0	65.0
-106.0	63.0
-110.0	57.0
-115.0	67.0
-109.0	71.0
-108.0	77.0
-110.0	82.0
-116.0	82.0
-122.0	82.0
-118.0	80.0
-121.0	86.0
-124.0	87.0
-120.0	87.0
-121.0	91.0
-124.0	93.0
-121.0	94.0
-125.0	91.0
-123.0	94.0
-127.0	97.0
-131.0	101.0
-133.0	104.0
-135.0	101.0
-134.0	107.0
-130.0	103.0
-125.0	105.0
-128.0	100.0
-122.0	98.0
-117.0	103.0
-120.0	99.0
-115.0	103.0
-119.0	99.0
-113.0	96.0
-113.0	101.0
-109.0	99.0
-106.0	97.0
-102.0	93.0
-100.0	90.0
-100.0	87.0
-96.0	88.0
-101.0	89.0
-97.0	89.0
-102.0	91.0
-107.0	96.0
-113.0	97.0
-107.0	98.0
-114.0	100.0
-122.0	107.0
-126.0	99.0
-134.0	99.0
-134.0	108.0
-129.0	110.0
-130.0	115.0
-134.0	115.0
-131.0	114.0
-136.0	112.0
-135.0	107.0
-136.0	114.0
-133.0	117.0
-137.0	120.0
-135.0	123.0
-141.0	124.0
-144.0	126.0
-140.0	128.0
-146.0	128.0
-143.0	124.0
-137.0	123.0
-142.0	126.0
-145.0	132.0
-148.0	135.0
-146.0	138.0
-149.0	136.0
-154.0	136.0
-154.0	141.0
-156.0	143.0
-153.0	140.0
-150.0	136.0
-145.0	139.0
-141.0	140.0
-143.0	137.0
-143.0	141.0
-148.0	137.0
-152.0	141.0
-151.0	134.0
-144.0	134.0
-147.0	129.0
-142.0	122.0
-135.0	118.0
-138.0	123.0
-137.0	113.0
-133.0	107.0
-133.0	115.0
-141.0	121.0
-150.0	114.0
-152.0	118.0
-149.0	111.0
-153.0	107.0
-150.0	110.0
-150.0	105.0
-147.0	102.0
-146.0	96.0
-150.0	94.0
-150.0	90.0
-152.0	89.0
-149.0	91.0
-146.0	94.0
-143.0	90.0
-146.0	92.0
-142.0	90.0
-144.0	86.0
-148.0	89.0
-147.0	84.0
-142.0	83.0
-146.0	82.0
-142.0	79.0
-138.0	78.0
-139.0	82.0
-134.0	80.0
-141.0	80.0
-139.0	85.0
-143.0	80.0
-148.0	84.0
-146.0	78.0
-146.0	73.0
-151.0	71.0
-154.0	74.0
-157.0	76.0
-160.0	78.0
-157.0	80.0
-162.0	80.0
-166.0	76.0
-168.0	80.0
-163.0	73.0
-163.0	78.0
-161.0	73.0
-156.0	73.0
-155.0	69.0
-153.0	65.0
-155.0	61.0
-155.0	65.0
-156.0	60.0
-159.0	64.0
-157.0	71.0
-159.0	76.0
-154.0	73.0
-158.0	69.0
-164.0	73.0
-159.0	81.0
-153.0	82.0
-157.0	79.0
-161.0	85.0
-155.0	89.0
-151.0	91.0
-155.0	93.0
-159.0	98.0
-153.0	93.0
-150.0	88.0
-148.0	82.0
-150.0	75.0
-155.0	76.0
-147.0	75.0
-153.0	73.0
-145.0	71.0
-142.0	76.0
-135.0	76.0
-140.0	74.0
-135.0	70.0
-137.0	74.0
-133.0	78.0
-130.0	70.0
-128.0	66.0
-132.0	62.0
-130.0	66.0
-135.0	67.0
-131.0	65.0
-136.0	65.0
-137.0	61.0
-136.0	57.0
-133.0	53.0
-137.0	50.0
-136.0	54.0
-131.0	55.0
-132.0	50.0
-135.0	47.0
-135.0	42.0
-131.0	38.0
-135.0	40.0
-129.0	40.0
-132.0	44.0
-138.0	46.0
-136.0	50.0
-141.0	53.0
-144.0	56.0
-143.0	60.0
-141.0	64.0
-139.0	66.0
-142.0	65.0
-139.0	63.0
-143.0	62.0
-141.0	67.0
-140.0	72.0
-147.0	71.0
-152.0	76.0
-155.0	86.0
-150.0	82.0
-159.0	87.0
-155.0	94.0
-154.0	86.0
-150.0	78.0
-140.0	71.0
-132.0	71.0
-137.0	64.0
-134.0	61.0
-139.0	56.0
-139.0	50.0
-144.0	53.0
-148.0	50.0
-144.0	47.0
-142.0	43.0
-140.0	38.0
-141.0	46.0
-147.0	48.0
-151.0	54.0
-147.0	51.0
-144.0	57.0
-142.0	63.0
-140.0	57.0
-134.0	62.0
-131.0	68.0
-126.0	62.0
-130.0	67.0
-129.0	58.0
-125.0	53.0
-128.0	56.0
-129.0	51.0
-132.0	47.0
-138.0	45.0
-140.0	36.0
-129.0	34.0
-126.0	30.0
-124.0	34.0
-129.0	33.0
-132.0	28.0
-126.0	29.0
-131.0	27.0
-129.0	21.0
-131.0	25.0
-125.0	21.0
-121.0	24.0
-118.0	20.0
-117.0	16.0
-114.0	19.0
-116.0	20.0
-112.0	21.0
-113.0	17.0
-111.0	14.0
-110.0	10.0
-108.0	15.0
-105.0	14.0
-109.0	16.0
-105.0	13.0
-109.0	10.0
-104.0	8.0
-103.0	11.0
-105.0	6.0
-109.0	6.0
-111.0	0.0
-106.0	2.0
-102.0	4.0
-102.0	8.0
-104.0	2.0
-101.0	5.0
-106.0	9.0
-108.0	16.0
-110.0	22.0
-115.0	21.0
-119.0	22.0
-115.0	25.0
-114.0	29.0
-119.0	26.0
-119.0	32.0
-118.0	37.0
-118.0	42.0
-120.0	37.0
-123.0	40.0
-125.0	45.0
-125.0	41.0
-128.0	37.0
-123.0	42.0
-124.0	37.0
-121.0	43.0
-128.0	44.0
-132.0	39.0
-140.0	46.0
-146.0	56.0
-151.0	57.0
-147.0	58.0
-153.0	59.0
-150.0	54.0
-154.0	61.0
-149.0	65.0
-141.0	65.0
-137.0	71.0
-137.0	60.0
-126.0	59.0
-124.0	50.0
-124.0	46.0
-128.0	51.0
-125.0	56.0
-129.0	48.0
-120.0	45.0
-124.0	53.0
-120.0	41.0
-127.0	48.0
-131.0	61.0
-140.0	52.0
-127.0	52.0
-112.0	59.0
-116.0	69.0
-110.0	73.0
-103.0	71.0
-101.0	77.0
-105.0	79.0
-104.0	84.0
-97.0	85.0
-99.0	91.0
-94.0	83.0
-99.0	79.0
-106.0	79.0
-99.0	78.0
-94.0	73.0
-95.0	68.0
-96.0	71.0
-92.0	68.0
-88.0	67.0
-91.0	65.0
-90.0	68.0
-86.0	65.0
-82.0	67.0
-78.0	70.0
-82.0	72.0
-78.0	73.0
-82.0	75.0
-85.0	72.0
-81.0	75.0
-76.0	71.0
-74.0	64.0
-76.0	62.0
-73.0	65.0
-76.0	63.0
-74.0	59.0
-71.0	62.0
-69.0	61.0
-73.0	62.0
-70.0	62.0
-68.0	58.0
-72.0	57.0
-76.0	54.0
-80.0	56.0
-84.0	59.0
-80.0	55.0
-82.0	60.0
-77.0	63.0
-83.0	62.0
-88.0	65.0
-90.0	61.0
-93.0	67.0
-91.0	62.0
-93.0	69.0
-96.0	74.0
-100.0	68.0
-101.0	76.0
-106.0	83.0
-113.0	88.0
-111.0	97.0
-119.0	105.0
-129.0	101.0
-124.0	92.0
-119.0	88.0
-124.0	91.0
-122.0	84.0
-120.0	78.0
-123.0	87.0
-112.0	83.0
-122.0	90.0
-129.0	99.0
-126.0	110.0
-136.0	117.0
-131.0	104.0
-141.0	93.0
-139.0	89.0
-144.0	95.0
-145.0	102.0
-152.0	97.0
-152.0	105.0
-157.0	109.0
-161.0	111.0
-158.0	109.0
-163.0	106.0
-159.0	111.0
-164.0	113.0
-164.0	107.0
-170.0	103.0
-169.0	97.0
-172.0	95.0
-168.0	96.0
-172.0	98.0
-175.0	92.0
-180.0	90.0
-172.0	91.0
-168.0	98.0
-173.0	93.0
-165.0	97.0
-154.0	93.0
-144.0	93.0
-153.0	89.0
-141.0	89.0
-140.0	77.0
-140.0	91.0
-125.0	89.0
-136.0	81.0
-140.0	66.0
-150.0	59.0
-146.0	64.0
-153.0	56.0
-152.0	68.0
-150.0	56.0
-143.0	45.0
-154.0	60.0
-160.0	74.0
-160.0	86.0
-169.0	76.0
-180.0	68.0
-175.0	68.0
-183.0	69.0
-185.0	63.0
-191.0	63.0
-198.0	58.0
-206.0	65.0
-214.0	67.0
-216.0	72.0
-215.0	67.0
-209.0	63.0
-217.0	67.0
-213.0	75.0
-211.0	78.0
-215.0	73.0
-219.0	67.0
-214.0	76.0
-223.0	76.0
-228.0	77.0
-224.0	78.0
-230.0	77.0
-234.0	75.0
-229.0	75.0
-223.0	78.0
-233.0	78.0
-241.0	78.0
-248.0	79.0
-254.0	78.0
-258.0	82.0
-263.0	84.0
-269.0	85.0
-273.0	88.0
-269.0	87.0
-274.0	86.0
-276.0	91.0
-271.0	88.0
-277.0	89.0
-269.0	83.0
-272.0	90.0
-271.0	79.0
-261.0	83.0
-267.0	84.0
-257.0	85.0
-250.0	80.0
-256.0	80.0
-264.0	85.0
-278.0	90.0
-290.0	97.0
-292.0	101.0
-295.0	99.0
-300.0	102.0
-304.0	106.0
-306.0	110.0
-309.0	113.0
-308.0	107.0
-302.0	105.0
-308.0	110.0
-303.0	104.0
-295.0	100.0
-289.0	99.0
-284.0	99.0
-292.0	98.0
-285.0	100.0
-297.0	100.0
-303.0	109.0
-312.0	117.0
-317.0	117.0
-318.0	122.0
-323.0	120.0
-326.0	125.0
-329.0	127.0
-331.0	124.0
-327.0	128.0
-329.0	133.0
-336.0	135.0
-332.0	132.0
-330.0	125.0
-323.0	121.0
-327.0	116.0
-328.0	127.0
-336.0	132.0
-337.0	140.0
-341.0	143.0
-342.0	139.0
-344.0	143.0
-343.0	148.0
-344.0	153.0
-347.0	151.0
-350.0	154.0
-350.0	160.0
-354.0	164.0
-356.0	169.0
-358.0	174.0
-353.0	172.0
-357.0	175.0
-361.0	181.0
-362.0	186.0
-359.0	189.0
-360.0	185.0
-363.0	189.0
-361.0	194.0
-360.0	199.0
-364.0	194.0
-358.0	193.0
-364.0	199.0
-363.0	208.0
-362.0	202.0
-362.0	211.0
-365.0	204.0
-361.0	197.0
-367.0	209.0
-374.0	208.0
-374.0	204.0
-374.0	209.0
-376.0	214.0
-369.0	218.0
-376.0	216.0
-377.0	224.0
-378.0	231.0
-378.0	238.0
-382.0	235.0
-379.0	240.0
-381.0	234.0
-375.0	239.0
-368.0	238.0
-364.0	235.0
-363.0	230.0
-368.0	228.0
-368.0	222.0
-361.0	218.0
-368.0	224.0
-363.0	231.0
-369.0	234.0
-362.0	234.0
-363.0	226.0
-362.0	215.0
-369.0	225.0
-376.0	219.0
-378.0	228.0
-381.0	238.0
-372.0	240.0
-366.0	243.0
-364.0	238.0
-369.0	243.0
-364.0	249.0
-368.0	253.0
-368.0	245.0
-370.0	237.0
-380.0	234.0
-376.0	223.0
-362.0	226.0
-376.0	220.0
-373.0	206.0
-375.0	200.0
-382.0	198.0
-390.0	197.0
-395.0	194.0
-393.0	198.0
-396.0	203.0
-400.0	200.0
-396.0	197.0
-393.0	192.0
-399.0	195.0
-404.0	199.0
-402.0	193.0
-409.0	194.0
-414.0	194.0
-412.0	195.0
-416.0	194.0
-420.0	194.0
-418.0	199.0
-423.0	193.0
-428.0	192.0
-427.0	189.0
-431.0	190.0
-429.0	189.0
-433.0	190.0
-430.0	192.0
-431.0	188.0
-435.0	191.0
-436.0	186.0
-440.0	185.0
-441.0	181.0
-439.0	183.0
-435.0	183.0
-441.0	183.0
-443.0	179.0
-442.0	183.0
-442.0	177.0
-447.0	172.0
-452.0	173.0
-449.0	168.0
-451.0	172.0
-445.0	170.0
-453.0	168.0
-447.0	161.0
-450.0	157.0
-452.0	153.0
-447.0	156.0
-442.0	156.0
-448.0	153.0
-449.0	159.0
-449.0	152.0
-445.0	144.0
-450.0	146.0
-451.0	138.0
-448.0	137.0
-452.0	136.0
-449.0	137.0
-447.0	141.0
-451.0	136.0
-452.0	132.0
-456.0	133.0
-455.0	129.0
-454.0	134.0
-458.0	132.0
-453.0	131.0
-460.0	130.0
-457.0	132.0
-459.0	126.0
-461.0	129.0
-459.0	125.0
-463.0	128.0
-461.0	123.0
-464.0	120.0
-464.0	116.0
-467.0	117.0
-463.0	120.0
-464.0	115.0
-466.0	110.0
-466.0	115.0
-464.0	109.0
-458.0	110.0
-454.0	111.0
-457.0	113.0
-457.0	108.0
-453.0	108.0
-457.0	106.0
-453.0	110.0
-452.0	105.0
-448.0	109.0
-456.0	109.0
-462.0	114.0
-469.0	113.0
-474.0	115.0
-475.0	111.0
-475.0	107.0
-472.0	112.0
-474.0	108.0
-474.0	102.0
-477.0	99.0
-472.0	99.0
-478.0	96.0
-474.0	99.0
-475.0	106.0
-471.0	113.0
-466.0	118.0
-472.0	122.0
-474.0	116.0
-480.0	121.0
-469.0	126.0
-461.0	127.0
-462.0	120.0
-455.0	118.0
-450.0	119.0
-455.0	121.0
-462.0	122.0
-469.0	125.0
-463.0	118.0
-459.0	109.0
-467.0	107.0
-463.0	100.0
-461.0	95.0
-466.0	93.0
-466.0	89.0
-462.0	85.0
-468.0	84.0
-475.0	84.0
-471.0	82.0
-477.0	80.0
-472.0	77.0
-478.0	78.0
-476.0	86.0
-473.0	82.0
-476.0	89.0
-479.0	91.0
-475.0	91.0
-471.0	92.0
-478.0	92.0
-476.0	88.0
-476.0	95.0
-478.0	89.0
-483.0	92.0
-478.0	94.0
-475.0	101.0
-464.0	101.0
-471.0	102.0
-464.0	96.0
-456.0	97.0
-452.0	94.0
-455.0	98.0
-457.0	104.0
-450.0	109.0
-454.0	117.0
-448.0	123.0
-451.0	119.0
-446.0	127.0
-442.0	130.0
-439.0	126.0
-435.0	128.0
-430.0	133.0
-424.0	134.0
-425.0	138.0
-422.0	134.0
-422.0	138.0
-420.0	143.0
-415.0	139.0
-411.0	140.0
-415.0	136.0
-418.0	133.0
-413.0	131.0
-412.0	127.0
-416.0	133.0
-421.0	136.0
-426.0	133.0
-420.0	133.0
-427.0	136.0
-419.0	136.0
-419.0	143.0
-413.0	139.0
-412.0	132.0
-419.0	135.0
-410.0	133.0
-411.0	142.0
-405.0	152.0
-401.0	160.0
-407.0	160.0
-404.0	155.0
-403.0	164.0
-403.0	154.0
-414.0	162.0
-404.0	159.0
-391.0	165.0
-383.0	177.0
-387.0	179.0
-390.0	180.0
-387.0	176.0
-382.0	177.0
-386.0	181.0
-383.0	180.0
-384.0	175.0
-381.0	182.0
-385.0	185.0
-386.0	182.0
-387.0	186.0
-391.0	184.0
-385.0	188.0
-386.0	183.0
-388.0	188.0
-382.0	185.0
-378.0	187.0
-379.0	194.0
-379.0	185.0
-385.0	190.0
-390.0	194.0
-393.0	203.0
-400.0	199.0
-396.0	204.0
-396.0	212.0
-396.0	207.0
-398.0	215.0
-397.0	219.0
-399.0	223.0
-399.0	229.0
-398.0	234.0
-397.0	231.0
-398.0	227.0
-396.0	234.0
-400.0	237.0
-397.0	234.0
-396.0	228.0
-397.0	218.0
-398.0	211.0
-400.0	204.0
-399.0	193.0
-409.0	196.0
-415.0	194.0
-420.0	192.0
-414.0	196.0
-403.0	195.0
-391.0	193.0
-380.0	192.0
-386.0	186.0
-388.0	194.0
-383.0	182.0
-378.0	195.0
-375.0	205.0
-365.0	198.0
-361.0	188.0
-357.0	183.0
-354.0	175.0
-351.0	167.0
-352.0	173.0
-352.0	162.0
-348.0	157.0
-349.0	162.0
-347.0	154.0
-349.0	160.0
-352.0	168.0
-359.0	179.0
-359.0	191.0
-373.0	203.0
-363.0	191.0
-380.0	189.0
-373.0	204.0
-369.0	220.0
-364.0	232.0
-380.0	239.0
-391.0	243.0
-394.0	245.0
-398.0	250.0
-394.0	243.0
-388.0	240.0
-394.0	244.0
-401.0	241.0
-402.0	244.0
-406.0	245.0
-405.0	250.0
-410.0	250.0
-413.0	254.0
-408.0	253.0
-406.0	248.0
-403.0	242.0
-399.0	236.0
-404.0	241.0
-409.0	248.0
-411.0	257.0
-407.0	259.0
-413.0	257.0
-415.0	262.0
-415.0	258.0
-416.0	262.0
-417.0	267.0
-418.0	262.0
-420.0	268.0
-419.0	273.0
-423.0	275.0
-426.0	275.0
-427.0	280.0
-423.0	276.0
-419.0	274.0
-423.0	270.0
-425.0	275.0
-422.0	268.0
-421.0	276.0
-414.0	280.0
-409.0	279.0
-413.0	277.0
-407.0	278.0
-404.0	278.0
-406.0	276.0
-406.0	279.0
-405.0	282.0
-404.0	279.0
-406.0	275.0
-408.0	278.0
-406.0	283.0
-409.0	287.0
-406.0	290.0
-407.0	284.0
-413.0	283.0
-413.0	289.0
-415.0	295.0
-410.0	295.0
-415.0	296.0
-409.0	297.0
-406.0	292.0
-410.0	300.0
-414.0	296.0
-407.0	301.0
-406.0	308.0
-403.0	310.0
-404.0	313.0
-405.0	309.0
-405.0	314.0
-401.0	317.0
-402.0	313.0
-405.0	318.0
-402.0	322.0
-402.0	326.0
-399.0	325.0
-403.0	327.0
-400.0	331.0
-401.0	325.0
-402.0	320.0
-401.0	327.0
-404.0	320.0
-401.0	328.0
-403.0	316.0
-402.0	309.0
-404.0	315.0
-405.0	305.0
-405.0	311.0
-415.0	310.0
-407.0	309.0
-416.0	313.0
-426.0	310.0
-426.0	317.0
-432.0	319.0
-433.0	322.0
-432.0	318.0
-429.0	316.0
-428.0	321.0
-429.0	315.0
-435.0	315.0
-439.0	314.0
-434.0	316.0
-431.0	320.0
-431.0	326.0
-433.0	331.0
-437.0	329.0
-435.0	333.0
-436.0	337.0
-435.0	340.0
-437.0	337.0
-441.0	337.0
-438.0	341.0
-440.0	344.0
-436.0	345.0
-439.0	349.0
-438.0	346.0
-440.0	342.0
-437.0	338.0
-441.0	336.0
-436.0	340.0
-438.0	334.0
-435.0	331.0
-440.0	333.0
-441.0	326.0
-436.0	327.0
-438.0	331.0
-435.0	337.0
-440.0	343.0
-439.0	337.0
-437.0	327.0
-439.0	322.0
-437.0	318.0
-433.0	321.0
-438.0	324.0
-432.0	326.0
-433.0	319.0
-437.0	313.0
-438.0	308.0
-434.0	310.0
-436.0	306.0
-433.0	309.0
-437.0	310.0
-436.0	304.0
-432.0	302.0
-432.0	298.0
-428.0	297.0
-430.0	291.0
-428.0	286.0
-430.0	284.0
-431.0	287.0
-426.0	287.0
-430.0	285.0
-428.0	289.0
-430.0	283.0
-424.0	274.0
-428.0	283.0
-420.0	276.0
-411.0	272.0
-404.0	272.0
-401.0	271.0
-405.0	270.0
-401.0	270.0
-404.0	273.0
-404.0	268.0
-400.0	270.0
-401.0	264.0
-397.0	263.0
-401.0	265.0
-397.0	262.0
-403.0	257.0
-408.0	250.0
-414.0	259.0
-416.0	266.0
-411.0	269.0
-403.0	270.0
-398.0	266.0
-406.0	272.0
-402.0	266.0
-408.0	261.0
-403.0	268.0
-405.0	276.0
-407.0	285.0
-405.0	279.0
-413.0	285.0
-407.0	290.0
-405.0	281.0
-414.0	285.0
-407.0	294.0
-413.0	286.0
-416.0	298.0
-408.0	305.0
-415.0	298.0
-416.0	312.0
-403.0	309.0
-415.0	302.0
-429.0	308.0
-437.0	304.0
-430.0	305.0
-431.0	312.0
-439.0	316.0
-441.0	324.0
-434.0	333.0
-430.0	339.0
-427.0	334.0
-429.0	331.0
-427.0	337.0
-422.0	338.0
-422.0	333.0
-425.0	337.0
-423.0	333.0
-427.0	336.0
-421.0	331.0
-419.0	338.0
-420.0	344.0
-416.0	342.0
-411.0	340.0
-412.0	335.0
-412.0	341.0
-417.0	344.0
-422.0	348.0
-426.0	348.0
-427.0	351.0
-424.0	347.0
-421.0	349.0
-423.0	344.0
-416.0	345.0
-408.0	346.0
-400.0	347.0
-406.0	345.0
-414.0	339.0
-415.0	331.0
-415.0	323.0
-404.0	323.0
-415.0	319.0
-416.0	305.0
-434.0	305.0
-433.0	298.0
-431.0	292.0
-435.0	300.0
-439.0	310.0
-435.0	322.0
-433.0	312.0
-427.0	325.0
-437.0	320.0
-422.0	329.0
-413.0	333.0
-422.0	336.0
-413.0	337.0
-405.0	346.0
-395.0	347.0
-405.0	348.0
-405.0	359.0
-410.0	359.0
-414.0	357.0
-406.0	360.0
-401.0	363.0
-402.0	367.0
-403.0	363.0
-405.0	367.0
-405.0	371.0
-409.0	372.0
-414.0	375.0
-411.0	379.0
-410.0	387.0
-407.0	393.0
-411.0	391.0
-414.0	398.0
-409.0	400.0
-405.0	399.0
-404.0	395.0
-409.0	397.0
-409.0	391.0
-410.0	383.0
-411.0	372.0
-406.0	370.0
-403.0	373.0
-403.0	369.0
-400.0	374.0
-398.0	371.0
-396.0	367.0
-391.0	367.0
-390.0	372.0
-389.0	377.0
-394.0	376.0
-391.0	381.0
-392.0	387.0
-392.0	391.0
-395.0	395.0
-395.0	399.0
-400.0	397.0
-402.0	392.0
-396.0	396.0
-399.0	400.0
-393.0	398.0
-396.0	391.0
-392.0	385.0
-388.0	389.0
-390.0	384.0
-386.0	377.0
-389.0	370.0
-393.0	366.0
-392.0	373.0
-392.0	367.0
-395.0	374.0
-401.0	375.0
-404.0	367.0
-409.0	370.0
-413.0	366.0
-415.0	371.0
-414.0	378.0
-410.0	370.0
-403.0	368.0
-400.0	362.0
-408.0	359.0
-402.0	361.0
-409.0	366.0
-401.0	371.0
-398.0	363.0
-401.0	373.0
-390.0	373.0
-386.0	383.0
-390.0	374.0
-389.0	386.0
-394.0	393.0
-390.0	401.0
-389.0	409.0
-387.0	405.0
-392.0	410.0
-396.0	411.0
-395.0	408.0
-398.0	411.0
-396.0	414.0
-401.0	410.0
-396.0	409.0
-392.0	413.0
-386.0	414.0
-389.0	413.0
-383.0	414.0
-387.0	414.0
-380.0	414.0
-383.0	411.0
-384.0	407.0
-390.0	406.0
-385.0	412.0
-390.0	408.0
-398.0	407.0
-401.0	402.0
-407.0	399.0
-404.0	403.0
-402.0	409.0
-396.0	412.0
-404.0	407.0
-410.0	407.0
-405.0	405.0
-411.0	406.0
-410.0	400.0
-408.0	405.0
-414.0	401.0
-419.0	407.0
-422.0	413.0
-419.0	415.0
-416.0	417.0
-421.0	414.0
-417.0	414.0
-423.0	417.0
-427.0	417.0
-429.0	414.0
-428.0	417.0
-426.0	413.0
-423.0	415.0
-424.0	419.0
-427.0	415.0
-423.0	416.0
-426.0	411.0
-431.0	412.0
-430.0	417.0
-428.0	410.0
-431.0	406.0
-427.0	402.0
-432.0	402.0
-429.0	406.0
-426.0	412.0
-421.0	415.0
-424.0	422.0
-427.0	427.0
-422.0	430.0
-420.0	434.0
-423.0	438.0
-419.0	440.0
-423.0	442.0
-419.0	444.0
-422.0	447.0
-422.0	443.0
-421.0	448.0
-421.0	443.0
-419.0	437.0
-422.0	431.0
-423.0	426.0
-424.0	433.0
-422.0	440.0
-419.0	446.0
-419.0	455.0
-418.0	460.0
-416.0	465.0
-412.0	467.0
-409.0	466.0
-412.0	464.0
-409.0	465.0
-412.0	462.0
-407.0	463.0
-411.0	469.0
-410.0	472.0
-410.0	475.0
-406.0	472.0
-409.0	467.0
-412.0	463.0
-417.0	464.0
-414.0	457.0
-416.0	460.0
-411.0	457.0
-413.0	463.0
-414.0	471.0
-410.0	467.0
-409.0	472.0
-409.0	480.0
-408.0	473.0
-408.0	482.0
-401.0	483.0
-397.0	485.0
-403.0	489.0
-400.0	493.0
-395.0	496.0
-398.0	497.0
-398.0	492.0
-397.0	498.0
-394.0	501.0
-393.0	498.0
-393.0	502.0
-396.0	500.0
-397.0	495.0
-392.0	501.0
-390.0	506.0
-389.0	510.0
-384.0	510.0
-386.0	507.0
-383.0	504.0
-383.0	511.0
-386.0	514.0
-384.0	508.0
-390.0	507.0
-387.0	512.0
-382.0	518.0
-379.0	522.0
-377.0	520.0
-381.0	520.0
-382.0	515.0
-378.0	521.0
-374.0	521.0
-377.0	524.0
-374.0	528.0
-371.0	530.0
-370.0	527.0
-368.0	531.0
-367.0	536.0
-363.0	540.0
-359.0	542.0
-357.0	545.0
-361.0	541.0
-365.0	537.0
-360.0	541.0
-355.0	545.0
-352.0	551.0
-348.0	551.0
-352.0	552.0
-346.0	551.0
-345.0	556.0
-341.0	553.0
-337.0	550.0
-335.0	555.0
-336.0	550.0
-342.0	554.0
-347.0	557.0
-344.0	551.0
-346.0	545.0
-349.0	552.0
-347.0	558.0
-352.0	550.0
-356.0	543.0
-362.0	537.0
-358.0	541.0
-366.0	536.0
-372.0	530.0
-375.0	525.0
-378.0	520.0
-373.0	525.0
-373.0	518.0
-381.0	511.0
-384.0	501.0
-391.0	500.0
-397.0	496.0
-390.0	503.0
-394.0	496.0
-402.0	487.0
-404.0	483.0
-401.0	487.0
-393.0	490.0
-405.0	484.0
-410.0	471.0
-406.0	481.0
-410.0	470.0
-417.0	456.0
-410.0	462.0
-411.0	475.0
-417.0	458.0
-409.0	470.0
-402.0	486.0
-390.0	472.0
-377.0	473.0
-372.0	473.0
-375.0	476.0
-373.0	479.0
-370.0	475.0
-375.0	474.0
-380.0	474.0
-371.0	473.0
-370.0	467.0
-371.0	465.0
-368.0	467.0
-365.0	469.0
-365.0	465.0
-362.0	465.0
-358.0	467.0
-355.0	472.0
-354.0	468.0
-360.0	469.0
-365.0	472.0
-372.0	470.0
-372.0	476.0
-368.0	482.0
-361.0	482.0
-355.0	477.0
-360.0	473.0
-354.0	470.0
-350.0	477.0
-353.0	481.0
-357.0	474.0
-364.0	471.0
-368.0	465.0
-365.0	463.0
-362.0	459.0
-366.0	455.0
-371.0	458.0
-375.0	454.0
-372.0	451.0
-376.0	448.0
-377.0	446.0
-374.0	448.0
-377.0	449.0
-374.0	447.0
-372.0	452.0
-373.0	446.0
-375.0	452.0
-376.0	446.0
-373.0	440.0
-377.0	438.0
-372.0	440.0
-366.0	439.0
-369.0	434.0
-372.0	438.0
-369.0	432.0
-363.0	430.0
-358.0	429.0
-362.0	430.0
-358.0	426.0
-361.0	424.0
-363.0	429.0
-367.0	433.0
-363.0	439.0
-369.0	436.0
-364.0	429.0
-359.0	424.0
-355.0	428.0
-354.0	432.0
-351.0	431.0
-350.0	427.0
-351.0	432.0
-355.0	433.0
-357.0	438.0
-352.0	434.0
-356.0	437.0
-350.0	436.0
-346.0	435.0
-348.0	439.0
-349.0	436.0
-353.0	433.0
-352.0	426.0
-358.0	427.0
-351.0	429.0
-345.0	427.0
-341.0	431.0
-342.0	435.0
-347.0	436.0
-345.0	441.0
-349.0	440.0
-350.0	444.0
-347.0	446.0
-345.0	443.0
-342.0	440.0
-348.0	440.0
-344.0	442.0
-339.0	444.0
-342.0	447.0
-338.0	448.0
-336.0	452.0
-336.0	457.0
-338.0	454.0
-342.0	451.0
-346.0	452.0
-348.0	448.0
-344.0	447.0
-348.0	444.0
-350.0	449.0
-354.0	446.0
-360.0	448.0
-357.0	452.0
-352.0	453.0
-354.0	459.0
-360.0	456.0
-367.0	456.0
-373.0	457.0
-379.0	459.0
-383.0	456.0
-387.0	460.0
-388.0	451.0
-385.0	447.0
-380.0	447.0
-383.0	449.0
-384.0	453.0
-389.0	450.0
-384.0	455.0
-381.0	461.0
-372.0	457.0
-375.0	450.0
-367.0	452.0
-361.0	447.0
-361.0	440.0
-353.0	444.0
-352.0	438.0
-348.0	445.0
-347.0	452.0
-349.0	458.0
-346.0	462.0
-342.0	462.0
-340.0	459.0
-339.0	462.0
-342.0	459.0
-344.0	462.0
-347.0	460.0
-343.0	457.0
-339.0	460.0
-335.0	458.0
-332.0	461.0
-333.0	467.0
-327.0	471.0
-328.0	464.0
-328.0	473.0
-333.0	480.0
-341.0	482.0
-345.0	478.0
-342.0	479.0
-346.0	479.0
-344.0	482.0
-344.0	475.0
-347.0	478.0
-342.0	478.0
-348.0	476.0
-341.0	475.0
-348.0	481.0
-352.0	470.0
-347.0	463.0
-341.0	462.0
-346.0	459.0
-345.0	453.0
-346.0	460.0
-349.0	452.0
-341.0	449.0
-337.0	443.0
-331.0	445.0
-332.0	441.0
-327.0	441.0
-328.0	437.0
-326.0	440.0
-330.0	438.0
-330.0	432.0
-327.0	433.0
-331.0	432.0
-336.0	432.0
-339.0	427.0
-343.0	431.0
-338.0	429.0
-332.0	430.0
-329.0	426.0
-329.0	422.0
-331.0	418.0
-333.0	424.0
-331.0	420.0
-330.0	426.0
-334.0	429.0
-329.0	425.0
-324.0	427.0
-329.0	430.0
-331.0	435.0
-337.0	436.0
-330.0	434.0
-333.0	427.0
-341.0	428.0
-344.0	435.0
-350.0	441.0
-343.0	434.0
-338.0	427.0
-331.0	421.0
-338.0	417.0
-341.0	414.0
-346.0	416.0
-349.0	418.0
-345.0	418.0
-351.0	418.0
-351.0	410.0
-352.0	416.0
-357.0	411.0
-358.0	407.0
-361.0	406.0
-364.0	405.0
-360.0	404.0
-359.0	400.0
-363.0	399.0
-360.0	400.0
-364.0	396.0
-360.0	398.0
-358.0	393.0
-362.0	388.0
-368.0	386.0
-372.0	390.0
-374.0	394.0
-375.0	397.0
-378.0	395.0
-375.0	396.0
-373.0	393.0
-369.0	394.0
-373.0	394.0
-371.0	398.0
-366.0	399.0
-372.0	399.0
-377.0	395.0
-381.0	394.0
-376.0	394.0
-372.0	391.0
-377.0	393.0
-383.0	390.0
-393.0	390.0
-382.0	391.0
-374.0	397.0
-380.0	391.0
-369.0	388.0
-368.0	393.0
-367.0	388.0
-368.0	394.0
-365.0	388.0
-366.0	394.0
-370.0	389.0
-375.0	398.0
-376.0	410.0
-378.0	414.0
-373.0	414.0
-375.0	421.0
-376.0	414.0
-374.0	421.0
-374.0	412.0
-384.0	414.0
-395.0	411.0
-405.0	414.0
-409.0	422.0
-417.0	422.0
-408.0	424.0
-404.0	413.0
-407.0	423.0
-401.0	411.0
-407.0	421.0
-410.0	408.0
-418.0	414.0
-422.0	405.0
-426.0	398.0
-423.0	399.0
-427.0	396.0
-423.0	396.0
-429.0	400.0
-428.0	394.0
-433.0	397.0
-438.0	396.0
-432.0	393.0
-437.0	390.0
-436.0	395.0
-436.0	387.0
-437.0	384.0
-433.0	382.0
-432.0	386.0
-435.0	383.0
-439.0	382.0
-437.0	377.0
-440.0	373.0
-440.0	367.0
-438.0	371.0
-438.0	364.0
-440.0	368.0
-438.0	361.0
-441.0	357.0
-438.0	360.0
-440.0	354.0
-435.0	354.0
-439.0	351.0
-440.0	347.0
-436.0	342.0
-427.0	338.0
-424.0	346.0
-426.0	353.0
-426.0	347.0
-429.0	354.0
-425.0	348.0
-418.0	353.0
-425.0	345.0
-433.0	351.0
-437.0	357.0
-438.0	363.0
-433.0	354.0
-441.0	349.0
-433.0	353.0
-440.0	361.0
-439.0	372.0
-439.0	364.0
-440.0	350.0
-422.0	352.0
-411.0	358.0
-408.0	366.0
-412.0	356.0
-410.0	344.0
-396.0	347.0
-387.0	340.0
-391.0	343.0
-385.0	343.0
-381.0	349.0
-376.0	355.0
-370.0	358.0
-375.0	361.0
-374.0	355.0
-374.0	363.0
-379.0	350.0
-386.0	343.0
-394.0	347.0
-383.0	338.0
-380.0	346.0
-380.0	334.0
-386.0	341.0
-379.0	332.0
-374.0	323.0
-376.0	328.0
-372.0	319.0
-375.0	324.0
-370.0	318.0
-372.0	322.0
-376.0	329.0
-366.0	317.0
-364.0	312.0
-361.0	308.0
-367.0	304.0
-369.0	310.0
-367.0	315.0
-370.0	320.0
-371.0	311.0
-365.0	315.0
-373.0	313.0
-364.0	309.0
-360.0	301.0
-360.0	294.0
-361.0	300.0
-361.0	293.0
-360.0	287.0
-357.0	287.0
-360.0	289.0
-356.0	287.0
-361.0	285.0
-362.0	292.0
-355.0	287.0
-357.0	281.0
-352.0	291.0
-350.0	297.0
-347.0	302.0
-349.0	299.0
-345.0	305.0
-342.0	307.0
-345.0	304.0
-348.0	300.0
-346.0	308.0
-348.0	301.0
-343.0	310.0
-347.0	305.0
-350.0	294.0
-361.0	295.0
-358.0	285.0
-359.0	297.0
-351.0	289.0
-344.0	306.0
-340.0	317.0
-345.0	307.0
-340.0	321.0
-341.0	311.0
-338.0	329.0
-339.0	318.0
-336.0	335.0
-332.0	346.0
-334.0	337.0
-329.0	350.0
-321.0	353.0
-326.0	351.0
-323.0	358.0
-320.0	350.0
-317.0	358.0
-324.0	355.0
-315.0	362.0
-320.0	357.0
-310.0	363.0
-310.0	368.0
-313.0	363.0
-307.0	369.0
-310.0	366.0
-304.0	371.0
-307.0	367.0
-305.0	375.0
-302.0	370.0
-310.0	367.0
-302.0	377.0
-300.0	381.0
-301.0	379.0
-298.0	382.0
-294.0	383.0
-298.0	381.0
-293.0	383.0
-291.0	388.0
-294.0	386.0
-289.0	390.0
-292.0	385.0
-300.0	380.0
-307.0	373.0
-313.0	362.0
-301.0	377.0
-292.0	386.0
-287.0	394.0
-285.0	399.0
-283.0	404.0
-286.0	399.0
-283.0	406.0
-281.0	413.0
-274.0	415.0
-278.0	411.0
-274.0	418.0
-270.0	423.0
-275.0	419.0
-269.0	425.0
-264.0	432.0
-269.0	429.0
-261.0	429.0
-258.0	437.0
-262.0	432.0
-255.0	439.0
-248.0	442.0
-241.0	442.0
-243.0	445.0
-240.0	444.0
-244.0	443.0
-239.0	448.0
-245.0	446.0
-253.0	439.0
-241.0	443.0
-231.0	446.0
-241.0	445.0
-257.0	446.0
-238.0	447.0
-223.0	449.0
-218.0	449.0
-224.0	448.0
-233.0	447.0
-220.0	451.0
-229.0	447.0
-212.0	447.0
-207.0	450.0
-203.0	449.0
-208.0	451.0
-201.0	447.0
-209.0	449.0
-219.0	450.0
-205.0	449.0
-193.0	449.0
-198.0	447.0
-189.0	448.0
-184.0	445.0
-192.0	448.0
-183.0	446.0
-193.0	447.0
-207.0	448.0
-191.0	450.0
-209.0	451.0
-186.0	446.0
-165.0	445.0
-158.0	441.0
-162.0	442.0
-155.0	440.0
-151.0	438.0
-153.0	443.0
-160.0	441.0
-154.0	437.0
-148.0	435.0
-153.0	432.0
-144.0	432.0
-135.0	431.0
-124.0	429.0
-116.0	430.0
-122.0	430.0
-115.0	434.0
-120.0	430.0
-116.0	438.0
-110.0	435.0
-106.0	440.0
-105.0	444.0
-104.0	446.0
-107.0	445.0
-108.0	443.0
-104.0	444.0
-101.0	447.0
-104.0	443.0
-99.0	443.0
-96.0	438.0
-91.0	439.0
-87.0	440.0
-83.0	437.0
-85.0	433.0
-88.0	428.0
-91.0	431.0
-89.0	426.0
-93.0	422.0
-92.0	427.0
-96.0	422.0
-92.0	417.0
-90.0	413.0
-91.0	418.0
-87.0	411.0
-86.0	404.0
-89.0	413.0
-93.0	421.0
-102.0	423.0
-107.0	425.0
-109.0	431.0
-103.0	433.0
-102.0	437.0
-98.0	435.0
-92.0	432.0
-86.0	428.0
-81.0	429.0
-83.0	424.0
-90.0	430.0
-83.0	425.0
-90.0	431.0
-99.0	433.0
-106.0	432.0
-103.0	438.0
-101.0	443.0
-107.0	441.0
-108.0	447.0
-112.0	447.0
-107.0	447.0
-103.0	445.0
-101.0	438.0
-99.0	446.0
-92.0	442.0
-88.0	442.0
-90.0	437.0
-86.0	443.0
-93.0	441.0
-87.0	434.0
-79.0	433.0
-81.0	438.0
-85.0	444.0
-94.0	445.0
-102.0	435.0
-93.0	440.0
-80.0	438.0
-73.0	431.0
-66.0	432.0
-67.0	427.0
-70.0	420.0
-67.0	414.0
-66.0	421.0
-69.0	417.0
-62.0	421.0
-65.0	417.0
-58.0	418.0
-55.0	416.0
-51.0	415.0
-50.0	410.0
-49.0	414.0
-51.0	407.0
-52.0	404.0
-56.0	405.0
-57.0	409.0
-57.0	406.0
-56.0	410.0
-53.0	409.0
-56.0	411.0
-51.0	411.0
-53.0	406.0
-58.0	406.0
-52.0	407.0
-47.0	403.0
-50.0	405.0
-52.0	400.0
-51.0	396.0
-55.0	395.0
-59.0	394.0
-59.0	390.0
-60.0	393.0
-56.0	396.0
-58.0	392.0
-56.0	388.0
-56.0	385.0
-51.0	385.0
-51.0	380.0
-49.0	386.0
-50.0	392.0
-55.0	393.0
-56.0	398.0
-58.0	404.0
-58.0	411.0
-57.0	418.0
-53.0	416.0
-56.0	421.0
-55.0	424.0
-54.0	420.0
-54.0	426.0
-52.0	421.0
-59.0	420.0
-57.0	426.0
-61.0	419.0
-53.0	422.0
-63.0	419.0
-57.0	427.0
-58.0	435.0
-59.0	432.0
-58.0	437.0
-56.0	435.0
-57.0	430.0
-59.0	438.0
-62.0	440.0
-59.0	439.0
-57.0	435.0
-65.0	438.0
-65.0	442.0
-67.0	441.0
-64.0	443.0
-62.0	444.0
-64.0	441.0
-68.0	439.0
-66.0	444.0
-70.0	446.0
-64.0	442.0
-60.0	445.0
-63.0	449.0
-64.0	453.0
-64.0	458.0
-67.0	460.0
-65.0	457.0
-69.0	461.0
-65.0	460.0
-68.0	465.0
-67.0	459.0
-71.0	464.0
-75.0	469.0
-72.0	465.0
-68.0	458.0
-72.0	466.0
-75.0	473.0
-79.0	476.0
-82.0	480.0
-83.0	475.0
-81.0	481.0
-78.0	475.0
-72.0	471.0
-77.0	479.0
-82.0	485.0
-86.0	491.0
-84.0	489.0
-89.0	492.0
-89.0	495.0
-87.0	491.0
-89.0	494.0
-93.0	498.0
-90.0	495.0
-94.0	500.0
-94.0	504.0
-97.0	507.0
-102.0	506.0
-103.0	503.0
-100.0	502.0
-98.0	506.0
-103.0	504.0
-106.0	506.0
-107.0	503.0
-110.0	506.0
-109.0	511.0
-112.0	513.0
-108.0	512.0
-104.0	512.0
-108.0	513.0
-110.0	517.0
-109.0	513.0
-113.0	516.0
-114.0	519.0
-111.0	517.0
-107.0	514.0
-107.0	508.0
-103.0	510.0
-107.0	507.0
-103.0	509.0
-104.0	504.0
-110.0	504.0
-101.0	505.0
-106.0	508.0
-102.0	503.0
-106.0	510.0
-104.0	502.0
-103.0	512.0
-114.0	515.0
-118.0	517.0
-121.0	516.0
-116.0	517.0
-120.0	518.0
-117.0	522.0
-120.0	525.0
-123.0	524.0
-119.0	525.0
-116.0	520.0
-118.0	524.0
-123.0	528.0
-120.0	524.0
-114.0	522.0
-108.0	517.0
-100.0	509.0
-92.0	502.0
-98.0	505.0
-92.0	497.0
-87.0	492.0
-83.0	482.0
-86.0	474.0
-74.0	473.0
-67.0	463.0
-61.0	450.0
-66.0	446.0
-61.0	448.0
-65.0	444.0
-71.0	446.0
-61.0	445.0
-62.0	452.0
-58.0	441.0
-61.0	449.0
-60.0	438.0
-69.0	440.0
-66.0	447.0
-61.0	436.0
-65.0	429.0
-59.0	436.0
-70.0	430.0
-65.0	422.0
-70.0	435.0
-79.0	432.0
-68.0	433.0
-69.0	419.0
-78.0	413.0
-75.0	410.0
-77.0	414.0
-76.0	409.0
-74.0	403.0
-70.0	400.0
-75.0	401.0
-67.0	404.0
-67.0	410.0
-75.0	406.0
-72.0	400.0
-65.0	402.0
-62.0	399.0
-68.0	403.0
-65.0	396.0
-67.0	405.0
-75.0	411.0
-73.0	401.0
-77.0	412.0
-88.0	410.0
-80.0	417.0
-85.0	405.0
-90.0	417.0
-101.0	422.0
-107.0	431.0
-105.0	424.0
-105.0	434.0
-104.0	423.0
-109.0	435.0
-117.0	441.0
-116.0	446.0
-119.0	441.0
-125.0	446.0
-125.0	452.0
-128.0	448.0
-133.0	450.0
-130.0	449.0
-126.0	446.0
-119.0	445.0
-119.0	453.0
-116.0	455.0
-115.0	453.0
-115.0	456.0
-119.0	458.0
-123.0	458.0
-122.0	454.0
-119.0	454.0
-115.0	451.0
-110.0	450.0
-105.0	446.0
-112.0	454.0
-117.0	455.0
-121.0	456.0
-126.0	458.0
-123.0	462.0
-117.0	461.0
-114.0	455.0
-109.0	458.0
-105.0	456.0
-110.0	456.0
-116.0	457.0
-112.0	462.0
-120.0	462.0
-112.0	461.0
-104.0	458.0
-100.0	457.0
-108.0	449.0
-117.0	452.0
-121.0	444.0
-124.0	453.0
-131.0	454.0
-134.0	449.0
-135.0	452.0
-139.0	452.0
-140.0	448.0
-141.0	453.0
-137.0	449.0
-135.0	453.0
-134.0	447.0
-128.0	447.0
-134.0	452.0
-140.0	447.0
-132.0	448.0
-142.0	448.0
-142.0	456.0
-147.0	457.0
-153.0	458.0
-155.0	462.0
-154.0	456.0
-159.0	461.0
-157.0	457.0
-162.0	462.0
-168.0	467.0
-174.0	467.0
-175.0	471.0
-173.0	469.0
-169.0	468.0
-168.0	461.0
-176.0	467.0
-178.0	471.0
-176.0	473.0
-176.0	469.0
-180.0	471.0
-176.0	471.0
-172.0	468.0
-180.0	470.0
-177.0	475.0
-181.0	472.0
-174.0	474.0
-175.0	480.0
-169.0	483.0
-165.0	487.0
-161.0	490.0
-164.0	490.0
-169.0	488.0
-171.0	482.0
-176.0	478.0
-183.0	481.0
-174.0	479.0
-177.0	471.0
-170.0	466.0
-183.0	471.0
-175.0	479.0
-176.0	470.0
-186.0	481.0
-172.0	486.0
-163.0	490.0
-163.0	497.0
-161.0	501.0
-164.0	504.0
-165.0	508.0
-162.0	512.0
-164.0	506.0
-166.0	511.0
-170.0	515.0
-167.0	518.0
-173.0	521.0
-177.0	520.0
-174.0	521.0
-174.0	516.0
-176.0	522.0
-172.0	518.0
-169.0	512.0
-165.0	507.0
-163.0	499.0
-161.0	493.0
-162.0	499.0
-163.0	508.0
-172.0	513.0
-179.0	518.0
-177.0	523.0
-182.0	520.0
-188.0	520.0
-184.0	523.0
-190.0	523.0
-185.0	524.0
-189.0	518.0
-188.0	523.0
-186.0	530.0
-194.0	531.0
-188.0	533.0
-195.0	534.0
-201.0	532.0
-203.0	537.0
-205.0	535.0
-201.0	533.0
-204.0	538.0
-203.0	543.0
-204.0	536.0
-199.0	533.0
-191.0	532.0
-183.0	537.0
-181.0	542.0
-175.0	542.0
-180.0	540.0
-174.0	540.0
-179.0	539.0
-173.0	537.0
-177.0	541.0
-172.0	535.0
-180.0	539.0
-190.0	539.0
-190.0	525.0
-195.0	533.0
-192.0	522.0
-182.0	522.0
-189.0	515.0
-179.0	520.0
-191.0	520.0
-202.0	518.0
-205.0	520.0
-201.0	517.0
-207.0	515.0
-210.0	519.0
-212.0	524.0
-217.0	524.0
-217.0	527.0
-215.0	531.0
-216.0	525.0
-221.0	524.0
-225.0	523.0
-220.0	523.0
-225.0	522.0
-226.0	528.0
-224.0	525.0
-219.0	524.0
-226.0	527.0
-228.0	532.0
-234.0	529.0
-238.0	529.0
-235.0	531.0
-241.0	531.0
-236.0	531.0
-240.0	527.0
-242.0	523.0
-243.0	526.0
-244.0	522.0
-248.0	521.0
-252.0	518.0
-252.0	510.0
-249.0	507.0
-249.0	510.0
-250.0	506.0
-248.0	509.0
-251.0	506.0
-251.0	510.0
-246.0	511.0
-244.0	506.0
-246.0	510.0
-251.0	505.0
-252.0	501.0
-253.0	498.0
-249.0	500.0
-245.0	503.0
-239.0	503.0
-233.0	505.0
-240.0	503.0
-244.0	510.0
-237.0	503.0
-231.0	510.0
-230.0	515.0
-228.0	512.0
-224.0	512.0
-229.0	512.0
-225.0	515.0
-221.0	515.0
-225.0	513.0
-229.0	517.0
-227.0	524.0
-231.0	531.0
-225.0	525.0
-216.0	524.0
-208.0	521.0
-210.0	515.0
-216.0	515.0
-220.0	515.0
-227.0	513.0
-219.0	515.0
-211.0	514.0
-210.0	521.0
-203.0	519.0
-210.0	513.0
-204.0	520.0
-214.0	515.0
-223.0	515.0
-229.0	507.0
-218.0	514.0
-207.0	514.0
-216.0	523.0
-210.0	531.0
-205.0	536.0
-211.0	535.0
-215.0	533.0
-218.0	539.0
-216.0	542.0
-213.0	541.0
-213.0	538.0
-209.0	539.0
-213.0	542.0
-212.0	538.0
-215.0	543.0
-212.0	540.0
-213.0	534.0
-211.0	543.0
-217.0	543.0
-221.0	540.0
-216.0	540.0
-223.0	543.0
-219.0	539.0
-226.0	544.0
-232.0	543.0
-228.0	540.0
-221.0	544.0
-223.0	553.0
-227.0	555.0
-231.0	555.0
-235.0	552.0
-238.0	556.0
-236.0	551.0
-240.0	548.0
-239.0	546.0
-242.0	548.0
-238.0	548.0
-235.0	545.0
-238.0	549.0
-238.0	554.0
-244.0	555.0
-244.0	559.0
-242.0	555.0
-241.0	550.0
-241.0	555.0
-247.0	556.0
-245.0	551.0
-244.0	557.0
-243.0	550.0
-237.0	546.0
-240.0	552.0
-244.0	545.0
-254.0	545.0
-257.0	542.0
-259.0	542.0
-256.0	541.0
-256.0	545.0
-261.0	542.0
-256.0	542.0
-264.0	542.0
-268.0	540.0
-273.0	540.0
-268.0	541.0
-274.0	537.0
-279.0	540.0
-276.0	539.0
-280.0	537.0
-276.0	540.0
-281.0	538.0
-275.0	537.0
-282.0	542.0
-279.0	548.0
-278.0	551.0
-282.0	554.0
-286.0	552.0
-291.0	551.0
-286.0	554.0
-292.0	552.0
-297.0	556.0
-297.0	560.0
-300.0	557.0
-300.0	561.0
-301.0	555.0
-297.0	554.0
-293.0	553.0
-299.0	551.0
-299.0	557.0
-299.0	552.0
-304.0	557.0
-307.0	551.0
-302.0	554.0
-295.0	552.0
-286.0	556.0
-281.0	550.0
-276.0	548.0
-284.0	544.0
-279.0	538.0
-278.0	548.0
-284.0	554.0
-277.0	549.0
-281.0	539.0
-284.0	551.0
-279.0	542.0
-266.0	541.0
-258.0	543.0
-267.0	542.0
-257.0	543.0
-254.0	534.0
-258.0	527.0
-261.0	525.0
-255.0	527.0
-261.0	524.0
-263.0	532.0
-256.0	529.0
-261.0	523.0
-251.0	523.0
-256.0	528.0
-251.0	520.0
-243.0	524.0
-243.0	532.0
-246.0	524.0
-241.0	533.0
-243.0	523.0
-238.0	532.0
-236.0	543.0
-228.0	546.0
-233.0	552.0
-226.0	556.0
-224.0	560.0
-226.0	555.0
-226.0	561.0
-222.0	555.0
-217.0	556.0
-213.0	553.0
-207.0	552.0
-208.0	548.0
-208.0	552.0
-207.0	548.0
-211.0	553.0
-219.0	555.0
-217.0	560.0
-221.0	563.0
-216.0	568.0
-221.0	573.0
-223.0	577.0
-221.0	580.0
-219.0	576.0
-219.0	579.0
-222.0	575.0
-226.0	576.0
-220.0	578.0
-224.0	577.0
-231.0	575.0
-234.0	581.0
-238.0	580.0
-233.0	579.0
-239.0	580.0
-244.0	582.0
-242.0	587.0
-248.0	586.0
-244.0	580.0
-250.0	585.0
-241.0	588.0
-248.0	585.0
-239.0	590.0
-244.0	583.0
-235.0	580.0
-235.0	587.0
-231.0	581.0
-231.0	589.0
-222.0	589.0
-226.0	589.0
-232.0	588.0
-240.0	582.0
-230.0	587.0
-220.0	587.0
-225.0	587.0
-216.0	585.0
-217.0	577.0
-211.0	578.0
-205.0	578.0
-210.0	577.0
-205.0	576.0
-209.0	574.0
-210.0	571.0
-209.0	575.0
-206.0	579.0
-209.0	571.0
-206.0	568.0
-209.0	572.0
-205.0	569.0
-210.0	572.0
-217.0	574.0
-210.0	568.0
-218.0	562.0
-223.0	556.0
-218.0	561.0
-230.0	563.0
-230.0	553.0
-237.0	561.0
-247.0	561.0
-253.0	561.0
-249.0	558.0
-255.0	562.0
-260.0	562.0
-256.0	559.0
-253.0	564.0
-252.0	557.0
-256.0	565.0
-248.0	564.0
-261.0	562.0
-261.0	557.0
-265.0	561.0
-262.0	556.0
-258.0	563.0
-266.0	557.0
-280.0	556.0
-285.0	543.0
-295.0	531.0
-280.0	535.0
-293.0	527.0
-307.0	519.0
-297.0	528.0
-306.0	510.0
-323.0	508.0
-320.0	501.0
-325.0	507.0
-329.0	502.0
-327.0	498.0
-321.0	502.0
-331.0	504.0
-338.0	500.0
-332.0	500.0
-339.0	496.0
-346.0	496.0
-350.0	501.0
-347.0	505.0
-351.0	503.0
-344.0	503.0
-350.0	503.0
-343.0	499.0
-348.0	501.0
-341.0	497.0
-339.0	507.0
-331.0	514.0
-327.0	502.0
-338.0	498.0
-342.0	508.0
-333.0	514.0
-328.0	498.0
-345.0	496.0
-343.0	480.0
-333.0	481.0
-343.0	478.0
-342.0	463.0
-334.0	460.0
-340.0	458.0
-344.0	449.0
-337.0	455.0
-342.0	452.0
-334.0	447.0
-332.0	452.0
-331.0	447.0
-329.0	452.0
-326.0	447.0
-327.0	451.0
-322.0	447.0
-322.0	442.0
-325.0	445.0
-320.0	448.0
-313.0	447.0
-309.0	449.0
-307.0	454.0
-302.0	449.0
-303.0	453.0
-299.0	450.0
-302.0	446.0
-297.0	447.0
-302.0	452.0
-307.0	450.0
-301.0	447.0
-307.0	444.0
-311.0	449.0
-315.0	442.0
-319.0	440.0
-315.0	439.0
-314.0	434.0
-319.0	437.0
-325.0	434.0
-322.0	429.0
-313.0	432.0
-306.0	434.0
-313.0	433.0
-318.0	439.0
-313.0	443.0
-317.0	438.0
-311.0	443.0
-308.0	437.0
-302.0	444.0
-308.0	438.0
-313.0	448.0
-323.0	448.0
-328.0	444.0
-335.0	443.0
-329.0	438.0
-335.0	445.0
-335.0	454.0
-341.0	448.0
-352.0	450.0
-362.0	448.0
-364.0	457.0
-366.0	464.0
-372.0	466.0
-373.0	459.0
-369.0	465.0
-365.0	471.0
-370.0	465.0
-377.0	459.0
-381.0	450.0
-386.0	446.0
-385.0	439.0
-377.0	439.0
-385.0	438.0
-383.0	447.0
-391.0	448.0
-383.0	439.0
-382.0	449.0
-377.0	458.0
-377.0	448.0
-370.0	439.0
-359.0	438.0
-349.0	439.0
-343.0	430.0
-340.0	441.0
-326.0	443.0
-326.0	452.0
-336.0	459.0
-331.0	448.0
-320.0	444.0
-310.0	438.0
-321.0	443.0
-326.0	433.0
-331.0	424.0
-339.0	420.0
-341.0	413.0
-347.0	415.0
-350.0	410.0
-346.0	415.0
-339.0	415.0
-345.0	410.0
-354.0	409.0
-359.0	410.0
-357.0	406.0
-358.0	410.0
-353.0	406.0
-361.0	403.0
-362.0	398.0
-362.0	390.0
-353.0	394.0
-362.0	393.0
-353.0	396.0
-360.0	406.0
-364.0	401.0
-357.0	409.0
-348.0	417.0
-356.0	410.0
-363.0	423.0
-355.0	426.0
-345.0	429.0
-341.0	415.0
-348.0	427.0
-357.0	439.0
-366.0	432.0
-375.0	437.0
-370.0	423.0
-375.0	413.0
-386.0	411.0
-379.0	394.0
-380.0	408.0
-363.0	407.0
-370.0	421.0
-368.0	435.0
-356.0	428.0
-374.0	428.0
-389.0	431.0
-380.0	439.0
-391.0	450.0
-381.0	438.0
-395.0	433.0
-396.0	449.0
-383.0	461.0
-391.0	475.0
-379.0	461.0
-367.0	467.0
-359.0	460.0
-350.0	461.0
-361.0	458.0
-359.0	467.0
-372.0	468.0
-368.0	479.0
-377.0	478.0
-392.0	475.0
-393.0	500.0
-405.0	487.0
-384.0	506.0
-379.0	519.0
-372.0	529.0
-364.0	534.0
-371.0	527.0
-376.0	516.0
-364.0	509.0
-368.0	495.0
-364.0	494.0
-371.0	494.0
-363.0	496.0
-361.0	485.0
-368.0	494.0
-362.0	484.0
-369.0	495.0
-363.0	508.0
-349.0	503.0
-365.0	510.0
-350.0	502.0
-332.0	512.0
-347.0	496.0
-335.0	479.0
-331.0	465.0
-327.0	452.0
-317.0	442.0
-323.0	430.0
-311.0	432.0
-326.0	426.0
-338.0	420.0
-322.0	423.0
-306.0	437.0
-300.0	454.0
-296.0	446.0
-300.0	456.0
-306.0	463.0
-310.0	466.0
-305.0	464.0
-302.0	469.0
-299.0	472.0
-305.0	470.0
-308.0	465.0
-303.0	470.0
-310.0	473.0
-315.0	475.0
-318.0	471.0
-315.0	469.0
-315.0	472.0
-315.0	468.0
-319.0	470.0
-313.0	472.0
-310.0	468.0
-304.0	467.0
-311.0	475.0
-304.0	468.0
-314.0	473.0
-306.0	464.0
-316.0	470.0
-328.0	465.0
-315.0	471.0
-329.0	472.0
-314.0	469.0
-302.0	484.0
-300.0	488.0
-297.0	485.0
-299.0	482.0
-294.0	482.0
-293.0	485.0
-290.0	483.0
-295.0	481.0
-290.0	484.0
-296.0	482.0
-301.0	484.0
-294.0	484.0
-299.0	486.0
-292.0	488.0
-288.0	492.0
-293.0	494.0
-288.0	490.0
-282.0	493.0
-277.0	496.0
-282.0	495.0
-275.0	497.0
-270.0	499.0
-268.0	503.0
-272.0	504.0
-268.0	506.0
-268.0	500.0
-273.0	503.0
-278.0	503.0
-276.0	496.0
-271.0	492.0
-271.0	498.0
-267.0	493.0
-266.0	500.0
-265.0	494.0
-258.0	495.0
-254.0	491.0
-256.0	494.0
-253.0	489.0
-256.0	487.0
-253.0	490.0
-260.0	488.0
-260.0	483.0
-265.0	482.0
-265.0	479.0
-265.0	484.0
-266.0	479.0
-266.0	484.0
-271.0	482.0
-275.0	482.0
-276.0	478.0
-273.0	481.0
-269.0	480.0
-274.0	481.0
-267.0	481.0
-276.0	480.0
-270.0	479.0
-276.0	473.0
-282.0	480.0
-286.0	474.0
-285.0	479.0
-292.0	482.0
-293.0	474.0
-289.0	476.0
-290.0	470.0
-290.0	466.0
-291.0	470.0
-292.0	474.0
-287.0	473.0
-282.0	470.0
-280.0	477.0
-285.0	468.0
-291.0	464.0
-294.0	459.0
-299.0	455.0
-291.0	462.0
-287.0	457.0
-281.0	458.0
-276.0	458.0
-282.0	457.0
-275.0	457.0
-283.0	455.0
-275.0	456.0
-289.0	458.0
-281.0	454.0
-291.0	463.0
-289.0	470.0
-294.0	472.0
-288.0	466.0
-293.0	473.0
-297.0	483.0
-295.0	492.0
-302.0	488.0
-291.0	484.0
-290.0	494.0
-281.0	492.0
-272.0	491.0
-272.0	482.0
-275.0	492.0
-285.0	494.0
-279.0	503.0
-271.0	506.0
-278.0	504.0
-269.0	504.0
-277.0	505.0
-283.0	495.0
-274.0	505.0
-268.0	496.0
-278.0	495.0
-293.0	491.0
-277.0	481.0
-263.0	485.0
-267.0	480.0
-259.0	489.0
-262.0	495.0
-256.0	500.0
-256.0	505.0
-260.0	505.0
-262.0	500.0
-257.0	506.0
-258.0	500.0
-254.0	506.0
-248.0	507.0
-255.0	507.0
-254.0	499.0
-251.0	504.0
-249.0	498.0
-251.0	490.0
-258.0	484.0
-251.0	491.0
-261.0	488.0
-252.0	498.0
-254.0	488.0
-253.0	504.0
-242.0	509.0
-249.0	499.0
-254.0	487.0
-268.0	499.0
-257.0	505.0
-252.0	520.0
-258.0	530.0
-265.0	539.0
-256.0	543.0
-266.0	532.0
-253.0	543.0
-266.0	534.0
-279.0	550.0
-264.0	558.0
-279.0	567.0
-285.0	575.0
-282.0	577.0
-284.0	574.0
-288.0	572.0
-293.0	569.0
-289.0	571.0
-294.0	570.0
-291.0	566.0
-294.0	561.0
-291.0	567.0
-289.0	574.0
-281.0	577.0
-287.0	574.0
-280.0	577.0
-286.0	572.0
-292.0	564.0
-295.0	555.0
-295.0	567.0
-294.0	574.0
-285.0	573.0
-296.0	569.0
-304.0	573.0
-301.0	570.0
-307.0	568.0
-311.0	570.0
-312.0	574.0
-315.0	577.0
-320.0	574.0
-322.0	571.0
-318.0	569.0
-313.0	567.0
-308.0	567.0
-313.0	570.0
-312.0	565.0
-306.0	571.0
-309.0	574.0
-311.0	569.0
-316.0	573.0
-321.0	572.0
-326.0	575.0
-320.0	575.0
-326.0	573.0
-331.0	570.0
-335.0	566.0
-333.0	570.0
-327.0	572.0
-320.0	577.0
-315.0	570.0
-307.0	569.0
-302.0	573.0
-308.0	569.0
-315.0	576.0
-306.0	575.0
-301.0	567.0
-303.0	555.0
-313.0	552.0
-308.0	552.0
-314.0	549.0
-305.0	553.0
-295.0	558.0
-310.0	548.0
-288.0	554.0
-272.0	539.0
-293.0	529.0
-313.0	547.0
-333.0	557.0
-337.0	563.0
-340.0	564.0
-342.0	559.0
-338.0	565.0
-334.0	571.0
-336.0	561.0
-337.0	569.0
-338.0	557.0
-346.0	559.0
-338.0	551.0
-347.0	548.0
-350.0	555.0
-339.0	547.0
-337.0	561.0
-331.0	572.0
-317.0	577.0
-306.0	574.0
-315.0	571.0
-303.0	583.0
-296.0	582.0
-292.0	585.0
-296.0	584.0
-300.0	583.0
-307.0	581.0
-294.0	587.0
-288.0	584.0
-282.0	584.0
-276.0	586.0
-281.0	579.0
-287.0	587.0
-296.0	585.0
-287.0	588.0
-282.0	579.0
-292.0	586.0
-283.0	576.0
-270.0	582.0
-260.0	583.0
-275.0	584.0
-259.0	582.0
-263.0	564.0
-269.0	581.0
-250.0	587.0
-232.0	579.0
-220.0	575.0
-216.0	587.0
-222.0	578.0
-225.0	590.0
-241.0	589.0
-220.0	579.0
-207.0	574.0
-199.0	568.0
-199.0	561.0
-206.0	565.0
-196.0	566.0
-204.0	572.0
-199.0	564.0
-204.0	575.0
-221.0	574.0
-217.0	588.0
-238.0	578.0
-250.0	563.0
-234.0	563.0
-221.0	559.0
-231.0	562.0
-245.0	557.0
-230.0	554.0
-228.0	542.0
-228.0	553.0
-238.0	546.0
-237.0	530.0
-232.0	542.0
-219.0	542.0
-225.0	531.0
-216.0	532.0
-213.0	544.0
-221.0	538.0
-234.0	532.0
-227.0	518.0
-228.0	530.0
-242.0	524.0
-243.0	507.0
-248.0	523.0
-251.0	502.0
-255.0	518.0
-241.0	502.0
-261.0	489.0
-274.0	506.0
-295.0	493.0
-300.0	472.0
-298.0	487.0
-278.0	479.0
-293.0	471.0
-286.0	458.0
-297.0	456.0
-310.0	463.0
-304.0	445.0
-317.0	468.0
-340.0	476.0
-350.0	462.0
-358.0	449.0
-368.0	457.0
-380.0	450.0
-364.0	464.0
-361.0	450.0
-356.0	468.0
-366.0	482.0
-371.0	495.0
-374.0	477.0
-363.0	494.0
-377.0	477.0
-351.0	478.0
-340.0	499.0
-327.0	478.0
-302.0	486.0
-308.0	511.0
-295.0	527.0
-313.0	551.0
-307.0	573.0
-323.0	575.0
-302.0	582.0
-295.0	563.0
-293.0	586.0
-273.0	586.0
-298.0	584.0
-282.0	559.0
-267.0	581.0
-258.0	560.0
-241.0	548.0
-260.0	534.0
-265.0	506.0
-242.0	525.0
-231.0	544.0
-242.0	562.0
-218.0	560.0
-207.0	550.0
-217.0	555.0
-210.0	570.0
-210.0	551.0
-202.0	539.0
-209.0	548.0
-209.0	534.0
-203.0	520.0
-188.0	514.0
-203.0	518.0
-219.0	526.0
-204.0	537.0
-223.0	528.0
-197.0	532.0
-202.0	549.0
-188.0	560.0
-199.0	565.0
-182.0	567.0
-170.0	558.0
-167.0	556.0
-164.0	560.0
-167.0	554.0
-164.0	551.0
-168.0	550.0
-162.0	551.0
-160.0	547.0
-159.0	552.0
-159.0	547.0
-157.0	541.0
-160.0	535.0
-158.0	542.0
-158.0	550.0
-155.0	556.0
-159.0	560.0
-155.0	554.0
-160.0	551.0
-167.0	550.0
-170.0	557.0
-168.0	552.0
-172.0	558.0
-162.0	561.0
-171.0	556.0
-162.0	549.0
-161.0	539.0
-154.0	533.0
-168.0	536.0
-159.0	538.0
-151.0	550.0
-148.0	555.0
-146.0	549.0
-144.0	546.0
-141.0	543.0
-137.0	540.0
-141.0	542.0
-144.0	548.0
-141.0	544.0
-135.0	542.0
-132.0	537.0
-128.0	534.0
-133.0	538.0
-127.0	534.0
-134.0	537.0
-142.0	542.0
-146.0	550.0
-152.0	553.0
-145.0	548.0
-155.0	553.0
-160.0	561.0
-172.0	556.0
-157.0	557.0
-159.0	545.0
-161.0	559.0
-145.0	551.0
-135.0	539.0
-126.0	532.0
-122.0	527.0
-121.0	518.0
-120.0	526.0
-123.0	517.0
-125.0	528.0
-133.0	539.0
-143.0	549.0
-130.0	533.0
-119.0	518.0
-123.0	530.0
-139.0	541.0
-153.0	556.0
-158.0	536.0
-166.0	550.0
-150.0	550.0
-174.0	537.0
-162.0	536.0
-169.0	555.0
-168.0	532.0
-170.0	516.0
-182.0	521.0
-186.0	537.0
-175.0	519.0
-181.0	503.0
-165.0	502.0
-176.0	498.0
-162.0	503.0
-163.0	489.0
-171.0	491.0
-161.0	489.0
-174.0	483.0
-178.0	497.0
-161.0	496.0
-165.0	515.0
-162.0	492.0
-181.0	476.0
-173.0	490.0
-182.0	470.0
-188.0	450.0
-212.0	449.0
-180.0	445.0
-170.0	465.0
-168.0	483.0
-155.0	461.0
-146.0	458.0
-155.0	455.0
-145.0	455.0
-137.0	451.0
-146.0	456.0
-135.0	450.0
-124.0	452.0
-127.0	460.0
-132.0	460.0
-125.0	454.0
-130.0	462.0
-140.0	455.0
-127.0	462.0
-114.0	454.0
-105.0	460.0
-107.0	473.0
-107.0	460.0
-109.0	446.0
-118.0	436.0
-128.0	429.0
-143.0	436.0
-133.0	432.0
-143.0	447.0
-155.0	439.0
-146.0	433.0
-160.0	442.0
-158.0	457.0
-166.0	442.0
-163.0	462.0
-158.0	438.0
-177.0	445.0
-150.0	457.0
-152.0	435.0
-160.0	463.0
-185.0	483.0
-193.0	517.0
-214.0	501.0
-236.0	504.0
-212.0	515.0
-206.0	540.0
-198.0	566.0
-219.0	557.0
-221.0	587.0
-187.0	571.0
-182.0	541.0
-197.0	560.0
-174.0	535.0
-195.0	516.0
-175.0	538.0
-143.0	544.0
-166.0	517.0
-131.0	500.0
-140.0	511.0
-123.0	495.0
-113.0	478.0
-121.0	495.0
-116.0	476.0
-126.0	460.0
-117.0	477.0
-120.0	455.0
-106.0	457.0
-93.0	444.0
-103.0	456.0
-117.0	442.0
-112.0	428.0
-98.0	424.0
-84.0	433.0
-93.0	419.0
-101.0	433.0
-84.0	426.0
-92.0	440.0
-100.0	459.0
-114.0	477.0
-130.0	498.0
-111.0	514.0
-95.0	503.0
-88.0	490.0
-93.0	501.0
-86.0	489.0
-77.0	477.0
-85.0	490.0
-87.0	473.0
-90.0	493.0
-78.0	473.0
-64.0	457.0
-67.0	437.0
-55.0	423.0
-63.0	440.0
-56.0	418.0
-65.0	406.0
-54.0	411.0
-54.0	400.0
-48.0	400.0
-46.0	404.0
-46.0	396.0
-49.0	401.0
-54.0	397.0
-55.0	389.0
-51.0	389.0
-57.0	387.0
-62.0	387.0
-56.0	387.0
-49.0	388.0
-43.0	393.0
-51.0	384.0
-59.0	387.0
-62.0	394.0
-68.0	390.0
-58.0	390.0
-49.0	390.0
-58.0	387.0
-50.0	381.0
-54.0	371.0
-51.0	375.0
-52.0	368.0
-51.0	373.0
-52.0	366.0
-56.0	363.0
-57.0	360.0
-55.0	358.0
-55.0	361.0
-58.0	358.0
-55.0	355.0
-55.0	360.0
-56.0	365.0
-59.0	359.0
-57.0	352.0
-56.0	356.0
-57.0	349.0
-57.0	343.0
-58.0	338.0
-59.0	332.0
-63.0	327.0
-66.0	323.0
-70.0	322.0
-72.0	324.0
-70.0	320.0
-70.0	317.0
-67.0	314.0
-70.0	318.0
-71.0	323.0
-69.0	318.0
-64.0	318.0
-67.0	315.0
-61.0	315.0
-61.0	311.0
-57.0	311.0
-54.0	309.0
-54.0	304.0
-50.0	302.0
-50.0	297.0
-51.0	303.0
-58.0	301.0
-58.0	306.0
-61.0	302.0
-64.0	307.0
-58.0	307.0
-53.0	306.0
-59.0	305.0
-63.0	301.0
-67.0	297.0
-69.0	294.0
-72.0	295.0
-73.0	298.0
-69.0	295.0
-70.0	291.0
-66.0	294.0
-66.0	298.0
-65.0	292.0
-61.0	289.0
-64.0	287.0
-60.0	287.0
-55.0	287.0
-55.0	283.0
-53.0	286.0
-49.0	285.0
-50.0	280.0
-53.0	283.0
-55.0	279.0
-51.0	279.0
-47.0	282.0
-41.0	281.0
-37.0	282.0
-37.0	278.0
-38.0	281.0
-35.0	284.0
-32.0	282.0
-30.0	278.0
-34.0	277.0
-33.0	281.0
-36.0	277.0
-40.0	279.0
-44.0	280.0
-49.0	282.0
-54.0	287.0
-57.0	291.0
-62.0	288.0
-61.0	284.0
-59.0	281.0
-57.0	278.0
-54.0	282.0
-48.0	282.0
-46.0	275.0
-52.0	272.0
-58.0	269.0
-62.0	271.0
-59.0	269.0
-59.0	264.0
-55.0	261.0
-57.0	258.0
-54.0	255.0
-55.0	259.0
-58.0	262.0
-53.0	258.0
-54.0	262.0
-50.0	257.0
-50.0	251.0
-53.0	254.0
-49.0	249.0
-45.0	250.0
-43.0	247.0
-42.0	250.0
-39.0	249.0
-36.0	250.0
-40.0	250.0
-38.0	246.0
-34.0	243.0
-31.0	239.0
-26.0	238.0
-29.0	237.0
-23.0	238.0
-27.0	240.0
-26.0	245.0
-21.0	244.0
-19.0	240.0
-16.0	237.0
-12.0	238.0
-9.0	241.0
-8.0	236.0
-5.0	238.0
-4.0	233.0
-2.0	229.0
1.0	232.0
2.0	236.0
2.0	240.0
2.0	237.0
4.0	232.0
4.0	226.0
2.0	231.0
-2.0	227.0
5.0	226.0
5.0	219.0
6.0	215.0
3.0	219.0
4.0	213.0
6.0	217.0
2.0	211.0
4.0	207.0
1.0	209.0
2.0	204.0
1.0	208.0
1.0	202.0
2.0	206.0
-4.0	204.0
3.0	203.0
3.0	210.0
3.0	201.0
-3.0	196.0
1.0	199.0
-6.0	195.0
-9.0	189.0
-11.0	185.0
-7.0	185.0
-11.0	187.0
-15.0	186.0
-16.0	189.0
-13.0	185.0
-17.0	186.0
-20.0	183.0
-17.0	180.0
-14.0	177.0
-14.0	172.0
-16.0	175.0
-19.0	179.0
-22.0	177.0
-19.0	176.0
-15.0	172.0
-18.0	167.0
-26.0	168.0
-30.0	166.0
-33.0	170.0
-30.0	169.0
-31.0	173.0
-31.0	176.0
-30.0	178.0
-29.0	181.0
-26.0	178.0
-27.0	175.0
-31.0	175.0
-28.0	177.0
-26.0	181.0
-24.0	177.0
-24.0	182.0
-21.0	179.0
-19.0	184.0
-16.0	179.0
-11.0	176.0
-12.0	171.0
-8.0	177.0
-13.0	181.0
-12.0	175.0
-10.0	182.0
-9.0	177.0
-9.0	168.0
-20.0	176.0
-15.0	169.0
-9.0	180.0
-15.0	187.0
-17.0	193.0
-22.0	188.0
-26.0	188.0
-28.0	183.0
-33.0	181.0
-37.0	178.0
-39.0	181.0
-36.0	176.0
-32.0	173.0
-32.0	177.0
-33.0	183.0
-39.0	180.0
-40.0	171.0
-41.0	167.0
-41.0	164.0
-42.0	167.0
-39.0	167.0
-40.0	170.0
-38.0	166.0
-35.0	169.0
-31.0	166.0
-36.0	169.0
-42.0	168.0
-45.0	171.0
-42.0	166.0
-38.0	165.0
-44.0	168.0
-38.0	170.0
-30.0	170.0
-29.0	176.0
-31.0	170.0
-24.0	167.0
-25.0	177.0
-33.0	177.0
-29.0	171.0
-21.0	177.0
-15.0	170.0
-10.0	184.0
-7.0	190.0
0.0	189.0
-5.0	183.0
-15.0	183.0
-24.0	186.0
-20.0	190.0
-14.0	188.0
-5.0	191.0
0.0	197.0
-4.0	188.0
-3.0	202.0
-13.0	202.0
-14.0	207.0
-9.0	208.0
-11.0	212.0
-12.0	208.0
-13.0	214.0
-12.0	209.0
-12.0	217.0
-10.0	210.0
-14.0	219.0
-16.0	226.0
-15.0	221.0
-13.0	213.0
-13.0	225.0
-11.0	232.0
-15.0	231.0
-14.0	234.0
-17.0	237.0
-13.0	234.0
-18.0	232.0
-20.0	237.0
-25.0	236.0
-26.0	243.0
-32.0	243.0
-28.0	239.0
-25.0	246.0
-31.0	248.0
-26.0	247.0
-35.0	245.0
-29.0	246.0
-34.0	253.0
-40.0	255.0
-43.0	259.0
-38.0	259.0
-35.0	253.0
-41.0	248.0
-44.0	245.0
-46.0	250.0
-44.0	246.0
-39.0	243.0
-43.0	250.0
-49.0	247.0
-55.0	254.0
-59.0	262.0
-54.0	256.0
-48.0	247.0
-38.0	243.0
-45.0	248.0
-35.0	249.0
-44.0	250.0
-51.0	255.0
-42.0	260.0
-40.0	251.0
-30.0	245.0
-24.0	237.0
-32.0	240.0
-21.0	247.0
-14.0	241.0
-8.0	238.0
-3.0	233.0
-9.0	235.0
-16.0	234.0
-16.0	228.0
-10.0	235.0
-3.0	230.0
0.0	238.0
-1.0	245.0
-3.0	251.0
-7.0	251.0
-9.0	255.0
-5.0	259.0
-11.0	258.0
-9.0	263.0
-10.0	266.0
-7.0	263.0
-13.0	266.0
-16.0	263.0
-14.0	260.0
-18.0	265.0
-18.0	269.0
-18.0	266.0
-22.0	267.0
-19.0	270.0
-16.0	268.0
-18.0	272.0
-15.0	268.0
-19.0	264.0
-26.0	267.0
-28.0	273.0
-25.0	275.0
-22.0	273.0
-24.0	268.0
-29.0	272.0
-28.0	267.0
-26.0	275.0
-30.0	274.0
-30.0	269.0
-36.0	273.0
-38.0	278.0
-35.0	274.0
-39.0	269.0
-34.0	275.0
-41.0	275.0
-44.0	282.0
-44.0	289.0
-39.0	287.0
-43.0	291.0
-40.0	285.0
-33.0	284.0
-31.0	277.0
-34.0	282.0
-27.0	278.0
-34.0	281.0
-29.0	274.0
-20.0	272.0
-24.0	276.0
-19.0	268.0
-16.0	260.0
-9.0	265.0
-17.0	268.0
-13.0	259.0
-8.0	265.0
-16.0	271.0
-6.0	262.0
-3.0	253.0
-8.0	256.0
-3.0	248.0
-2.0	243.0
3.0	239.0
-1.0	231.0
7.0	228.0
4.0	238.0
-2.0	230.0
-7.0	239.0
-14.0	245.0
-20.0	238.0
-12.0	236.0
-18.0	242.0
-13.0	232.0
-12.0	244.0
-4.0	252.0
1.0	245.0
-6.0	234.0
-19.0	234.0
-15.0	218.0
-16.0	202.0
-10.0	207.0
0.0	205.0
-12.0	207.0
-4.0	195.0
-18.0	196.0
-25.0	188.0
-24.0	180.0
-34.0	179.0
-43.0	179.0
-51.0	177.0
-48.0	178.0
-53.0	178.0
-55.0	175.0
-57.0	177.0
-54.0	175.0
-57.0	176.0
-55.0	173.0
-55.0	169.0
-56.0	165.0
-55.0	170.0
-56.0	166.0
-59.0	170.0
-62.0	171.0
-61.0	174.0
-61.0	170.0
-63.0	173.0
-59.0	171.0
-57.0	174.0
-58.0	170.0
-64.0	170.0
-62.0	165.0
-60.0	160.0
-61.0	165.0
-59.0	160.0
-65.0	162.0
-69.0	163.0
-73.0	163.0
-70.0	165.0
-70.0	160.0
-67.0	163.0
-64.0	159.0
-71.0	164.0
-76.0	163.0
-75.0	159.0
-71.0	159.0
-77.0	156.0
-74.0	163.0
-78.0	159.0
-68.0	160.0
-76.0	159.0
-67.0	168.0
-63.0	160.0
-61.0	169.0
-60.0	176.0
-66.0	171.0
-56.0	171.0
-61.0	168.0
-58.0	176.0
-51.0	173.0
-52.0	169.0
-51.0	163.0
-44.0	165.0
-49.0	172.0
-47.0	166.0
-48.0	175.0
-50.0	165.0
-50.0	175.0
-55.0	164.0
-51.0	176.0
-40.0	168.0
-35.0	180.0
-21.0	185.0
-30.0	176.0
-22.0	167.0
-42.0	164.0
-26.0	166.0
-7.0	179.0
-22.0	193.0
-29.0	185.0
-17.0	201.0
-4.0	192.0
5.0	210.0
-10.0	214.0
5.0	214.0
5.0	229.0
2.0	241.0
6.0	225.0
-15.0	229.0
2.0	238.0
-17.0	244.0
0.0	246.0
0.0	225.0
-4.0	251.0
-20.0	244.0
-17.0	226.0
-15.0	199.0
4.0	216.0
-22.0	236.0
-5.0	257.0
-24.0	275.0
-11.0	265.0
-34.0	254.0
-45.0	263.0
-53.0	272.0
-61.0	272.0
-62.0	268.0
-59.0	274.0
-63.0	270.0
-60.0	264.0
-51.0	258.0
-42.0	263.0
-42.0	276.0
-52.0	280.0
-53.0	273.0
-47.0	266.0
-57.0	260.0
-42.0	258.0
-39.0	276.0
-28.0	275.0
-43.0	277.0
-54.0	273.0
-62.0	269.0
-56.0	276.0
-61.0	281.0
-63.0	278.0
-65.0	282.0
-68.0	283.0
-67.0	287.0
-63.0	284.0
-58.0	282.0
-64.0	281.0
-62.0	276.0
-57.0	281.0
-53.0	289.0
-46.0	291.0
-52.0	290.0
-59.0	289.0
-59.0	282.0
-65.0	276.0
-66.0	286.0
-66.0	281.0
-65.0	289.0
-70.0	285.0
-62.0	282.0
-53.0	284.0
-48.0	295.0
-53.0	302.0
-61.0	300.0
-63.0	292.0
-58.0	287.0
-47.0	291.0
-51.0	302.0
-60.0	297.0
-64.0	306.0
-58.0	311.0
-62.0	310.0
-58.0	314.0
-62.0	317.0
-57.0	316.0
-53.0	315.0
-59.0	319.0
-60.0	324.0
-64.0	320.0
-68.0	323.0
-73.0	328.0
-71.0	320.0
-60.0	322.0
-59.0	315.0
-53.0	311.0
-55.0	301.0
-63.0	309.0
-57.0	315.0
-63.0	321.0
-63.0	328.0
-58.0	336.0
-63.0	329.0
-73.0	331.0
-75.0	338.0
-74.0	334.0
-74.0	341.0
-74.0	347.0
-74.0	339.0
-72.0	332.0
-61.0	328.0
-65.0	317.0
-59.0	311.0
-68.0	321.0
-58.0	313.0
-49.0	301.0
-66.0	297.0
-72.0	292.0
-76.0	296.0
-71.0	294.0
-64.0	292.0
-73.0	292.0
-76.0	301.0
-80.0	305.0
-84.0	306.0
-81.0	308.0
-84.0	309.0
-86.0	310.0
-83.0	308.0
-80.0	306.0
-85.0	306.0
-85.0	301.0
-89.0	297.0
-85.0	297.0
-89.0	294.0
-92.0	292.0
-91.0	289.0
-91.0	292.0
-94.0	290.0
-94.0	287.0
-90.0	286.0
-90.0	283.0
-92.0	280.0
-89.0	277.0
-91.0	274.0
-90.0	270.0
-92.0	264.0
-91.0	256.0
-91.0	252.0
-94.0	255.0
-89.0	251.0
-92.0	246.0
-93.0	251.0
-94.0	245.0
-94.0	240.0
-95.0	245.0
-92.0	238.0
-95.0	233.0
-93.0	229.0
-93.0	235.0
-93.0	241.0
-94.0	234.0
-92.0	244.0
-92.0	255.0
-94.0	247.0
-91.0	260.0
-92.0	272.0
-90.0	279.0
-92.0	275.0
-91.0	282.0
-91.0	287.0
-95.0	288.0
-93.0	292.0
-90.0	289.0
-91.0	294.0
-89.0	289.0
-95.0	289.0
-101.0	287.0
-105.0	285.0
-106.0	291.0
-110.0	294.0
-109.0	297.0
-110.0	295.0
-110.0	299.0
-113.0	298.0
-114.0	301.0
-118.0	299.0
-117.0	303.0
-119.0	308.0
-123.0	309.0
-128.0	307.0
-132.0	305.0
-126.0	307.0
-131.0	307.0
-122.0	309.0
-115.0	308.0
-121.0	307.0
-113.0	308.0
-119.0	304.0
-116.0	298.0
-119.0	295.0
-123.0	294.0
-124.0	291.0
-125.0	294.0
-122.0	293.0
-124.0	296.0
-127.0	292.0
-130.0	296.0
-125.0	293.0
-119.0	292.0
-117.0	295.0
-116.0	291.0
-115.0	287.0
-117.0	290.0
-118.0	286.0
-122.0	290.0
-125.0	285.0
-129.0	288.0
-132.0	285.0
-129.0	286.0
-124.0	286.0
-123.0	293.0
-117.0	298.0
-123.0	299.0
-125.0	307.0
-135.0	303.0
-140.0	297.0
-131.0	297.0
-130.0	305.0
-128.0	295.0
-132.0	287.0
-136.0	288.0
-133.0	285.0
-130.0	281.0
-136.0	285.0
-130.0	284.0
-139.0	287.0
-148.0	285.0
-151.0	281.0
-150.0	286.0
-149.0	276.0
-152.0	271.0
-152.0	276.0
-150.0	283.0
-148.0	274.0
-150.0	266.0
-150.0	260.0
-148.0	257.0
-148.0	260.0
-148.0	256.0
-150.0	252.0
-150.0	257.0
-151.0	262.0
-149.0	270.0
-151.0	260.0
-150.0	268.0
-149.0	256.0
-147.0	248.0
-150.0	253.0
-149.0	244.0
-147.0	250.0
-147.0	240.0
-146.0	234.0
-146.0	227.0
-140.0	226.0
-146.0	228.0
-140.0	222.0
-138.0	218.0
-139.0	224.0
-147.0	224.0
-139.0	219.0
-141.0	212.0
-139.0	210.0
-142.0	212.0
-145.0	208.0
-140.0	210.0
-143.0	206.0
-139.0	209.0
-147.0	207.0
-148.0	200.0
-146.0	205.0
-139.0	208.0
-147.0	201.0
-153.0	197.0
-155.0	193.0
-154.0	196.0
-157.0	193.0
-155.0	197.0
-150.0	202.0
-154.0	195.0
-158.0	190.0
-167.0	194.0
-172.0	195.0
-170.0	191.0
-175.0	198.0
-170.0	198.0
-176.0	199.0
-181.0	203.0
-188.0	202.0
-188.0	206.0
-191.0	202.0
-186.0	202.0
-193.0	201.0
-193.0	207.0
-199.0	208.0
-192.0	205.0
-199.0	203.0
-190.0	205.0
-179.0	199.0
-171.0	195.0
-181.0	198.0
-171.0	194.0
-185.0	204.0
-173.0	199.0
-153.0	199.0
-154.0	190.0
-146.0	203.0
-140.0	214.0
-148.0	206.0
-142.0	220.0
-140.0	211.0
-148.0	226.0
-150.0	237.0
-149.0	247.0
-149.0	259.0
-146.0	244.0
-144.0	225.0
-146.0	240.0
-139.0	220.0
-154.0	199.0
-175.0	201.0
-155.0	190.0
-160.0	166.0
-167.0	164.0
-175.0	164.0
-180.0	164.0
-176.0	164.0
-170.0	162.0
-179.0	164.0
-184.0	166.0
-181.0	166.0
-186.0	167.0
-184.0	164.0
-179.0	166.0
-183.0	158.0
-181.0	154.0
-185.0	154.0
-184.0	158.0
-182.0	152.0
-186.0	155.0
-191.0	154.0
-193.0	158.0
-188.0	158.0
-193.0	155.0
-189.0	153.0
-183.0	156.0
-191.0	158.0
-188.0	164.0
-191.0	166.0
-186.0	165.0
-191.0	165.0
-185.0	165.0
-176.0	165.0
-179.0	153.0
-175.0	147.0
-172.0	143.0
-170.0	138.0
-166.0	139.0
-170.0	137.0
-168.0	132.0
-171.0	129.0
-167.0	127.0
-170.0	130.0
-165.0	131.0
-163.0	126.0
-158.0	125.0
-162.0	129.0
-158.0	124.0
-155.0	118.0
-150.0	113.0
-153.0	106.0
-159.0	110.0
-152.0	116.0
-161.0	116.0
-163.0	124.0
-168.0	129.0
-161.0	125.0
-154.0	119.0
-149.0	129.0
-156.0	122.0
-154.0	110.0
-164.0	110.0
-159.0	122.0
-169.0	132.0
-173.0	139.0
-177.0	146.0
-182.0	151.0
-177.0	145.0
-170.0	142.0
-164.0	145.0
-159.0	145.0
-155.0	142.0
-160.0	139.0
-164.0	141.0
-169.0	141.0
-162.0	139.0
-167.0	137.0
-166.0	128.0
-161.0	142.0
-155.0	143.0
-163.0	140.0
-154.0	142.0
-146.0	135.0
-141.0	129.0
-141.0	142.0
-143.0	134.0
-139.0	144.0
-135.0	150.0
-131.0	155.0
-136.0	151.0
-132.0	157.0
-125.0	162.0
-131.0	156.0
-136.0	147.0
-144.0	140.0
-158.0	138.0
-165.0	128.0
-160.0	112.0
-150.0	103.0
-148.0	91.0
-149.0	107.0
-166.0	109.0
-169.0	126.0
-152.0	138.0
-163.0	148.0
-165.0	154.0
-160.0	157.0
-155.0	160.0
-160.0	164.0
-162.0	157.0
-167.0	162.0
-163.0	153.0
-163.0	144.0
-164.0	156.0
-169.0	165.0
-159.0	156.0
-154.0	166.0
-171.0	162.0
-157.0	165.0
-140.0	151.0
-126.0	162.0
-119.0	170.0
-119.0	175.0
-121.0	171.0
-122.0	165.0
-117.0	172.0
-124.0	168.0
-129.0	158.0
-115.0	169.0
-114.0	180.0
-113.0	185.0
-110.0	186.0
-111.0	190.0
-110.0	184.0
-112.0	180.0
-112.0	186.0
-109.0	191.0
-106.0	198.0
-103.0	207.0
-102.0	211.0
-102.0	207.0
-101.0	214.0
-103.0	209.0
-100.0	218.0
-97.0	222.0
-99.0	216.0
-101.0	210.0
-99.0	220.0
-94.0	228.0
-97.0	218.0
-95.0	230.0
-100.0	219.0
-102.0	204.0
-109.0	190.0
-108.0	198.0
-112.0	183.0
-107.0	193.0
-115.0	176.0
-111.0	185.0
-119.0	171.0
-134.0	154.0
-156.0	165.0
-135.0	153.0
-159.0	142.0
-171.0	130.0
-188.0	141.0
-185.0	145.0
-180.0	150.0
-174.0	143.0
-188.0	144.0
-193.0	146.0
-193.0	142.0
-197.0	142.0
-199.0	144.0
-197.0	143.0
-195.0	145.0
-198.0	143.0
-201.0	145.0
-198.0	142.0
-194.0	145.0
-199.0	145.0
-203.0	147.0
-206.0	151.0
-202.0	150.0
-198.0	145.0
-203.0	150.0
-210.0	151.0
-211.0	156.0
-215.0	155.0
-210.0	153.0
-207.0	158.0
-208.0	162.0
-206.0	158.0
-203.0	161.0
-200.0	159.0
-198.0	160.0
-201.0	159.0
-200.0	157.0
-203.0	158.0
-199.0	160.0
-198.0	156.0
-195.0	159.0
-202.0	160.0
-197.0	158.0
-191.0	153.0
-191.0	143.0
-184.0	143.0
-196.0	143.0
-186.0	143.0
-177.0	150.0
-163.0	154.0
-183.0	166.0
-189.0	155.0
-196.0	146.0
-195.0	156.0
-190.0	165.0
-198.0	167.0
-199.0	170.0
-196.0	168.0
-198.0	173.0
-205.0	167.0
-211.0	167.0
-211.0	163.0
-207.0	162.0
-213.0	159.0
-208.0	161.0
-210.0	155.0
-211.0	161.0
-217.0	164.0
-217.0	169.0
-213.0	167.0
-214.0	162.0
-216.0	169.0
-222.0	169.0
-219.0	168.0
-224.0	170.0
-229.0	171.0
-231.0	168.0
-228.0	166.0
-225.0	163.0
-222.0	165.0
-227.0	165.0
-232.0	167.0
-227.0	168.0
-232.0	169.0
-227.0	163.0
-222.0	159.0
-218.0	156.0
-212.0	160.0
-215.0	152.0
-222.0	160.0
-220.0	168.0
-213.0	170.0
-222.0	171.0
-231.0	171.0
-224.0	163.0
-220.0	169.0
-213.0	162.0
-208.0	169.0
-198.0	170.0
-200.0	160.0
-198.0	168.0
-205.0	161.0
-209.0	169.0
-199.0	159.0
-196.0	169.0
-202.0	157.0
-199.0	167.0
-208.0	154.0
-202.0	145.0
-212.0	153.0
-224.0	160.0
-230.0	172.0
-220.0	164.0
-232.0	171.0
-211.0	170.0
-230.0	165.0
-205.0	148.0
-188.0	142.0
-208.0	150.0
-193.0	168.0
-196.0	144.0
-189.0	168.0
-158.0	163.0
-142.0	139.0
-133.0	113.0
-149.0	103.0
-168.0	100.0
-175.0	90.0
-182.0	82.0
-185.0	77.0
-188.0	82.0
-184.0	85.0
-191.0	80.0
-184.0	79.0
-182.0	87.0
-171.0	93.0
-184.0	82.0
-194.0	78.0
-184.0	81.0
-184.0	68.0
-183.0	60.0
-175.0	67.0
-183.0	73.0
-193.0	78.0
-182.0	69.0
-189.0	80.0
-177.0	93.0
-158.0	85.0
-138.0	88.0
-134.0	65.0
-127.0	49.0
-123.0	32.0
-117.0	29.0
-118.0	36.0
-113.0	26.0
-115.0	20.0
-117.0	26.0
-120.0	33.0
-113.0	28.0
-123.0	25.0
-130.0	23.0
-123.0	26.0
-127.0	17.0
-116.0	18.0
-109.0	17.0
-111.0	23.0
-115.0	15.0
-119.0	8.0
-111.0	15.0
-103.0	10.0
-104.0	1.0
-107.0	-3.0
-103.0	-3.0
-109.0	-3.0
-107.0	4.0
-115.0	3.0
-107.0	-6.0
-96.0	0.0
-103.0	6.0
-102.0	-5.0
-86.0	-3.0
-75.0	3.0
-90.0	6.0
-100.0	2.0
-111.0	9.0
-106.0	-2.0
-91.0	9.0
-106.0	14.0
-92.0	17.0
-108.0	19.0
-97.0	29.0
-111.0	25.0
-96.0	25.0
-87.0	7.0
-104.0	-2.0
-115.0	17.0
-128.0	22.0
-135.0	32.0
-142.0	47.0
-157.0	64.0
-173.0	68.0
-184.0	62.0
-202.0	56.0
-212.0	65.0
-216.0	75.0
-226.0	77.0
-238.0	76.0
-246.0	80.0
-236.0	78.0
-249.0	77.0
-264.0	81.0
-246.0	79.0
-263.0	81.0
-282.0	97.0
-294.0	100.0
-310.0	109.0
-315.0	119.0
-313.0	113.0
-306.0	107.0
-291.0	98.0
-311.0	113.0
-300.0	104.0
-317.0	121.0
-327.0	124.0
-316.0	119.0
-333.0	128.0
-339.0	137.0
-343.0	141.0
-339.0	135.0
-341.0	147.0
-341.0	139.0
-344.0	150.0
-350.0	159.0
-356.0	170.0
-362.0	188.0
-355.0	166.0
-357.0	184.0
-366.0	210.0
-387.0	196.0
-397.0	210.0
-398.0	223.0
-400.0	213.0
-396.0	230.0
-399.0	218.0
-401.0	238.0
-393.0	243.0
-402.0	240.0
-391.0	242.0
-403.0	245.0
-412.0	256.0
-411.0	266.0
-419.0	271.0
-409.0	265.0
-399.0	262.0
-404.0	277.0
-417.0	280.0
-406.0	274.0
-396.0	262.0
-383.0	274.0
-378.0	272.0
-381.0	278.0
-376.0	279.0
-374.0	274.0
-382.0	271.0
-375.0	275.0
-383.0	278.0
-387.0	283.0
-384.0	278.0
-382.0	285.0
-382.0	290.0
-377.0	293.0
-373.0	297.0
-379.0	291.0
-375.0	295.0
-378.0	285.0
-381.0	282.0
-387.0	281.0
-393.0	284.0
-390.0	279.0
-391.0	288.0
-394.0	292.0
-390.0	290.0
-389.0	295.0
-391.0	290.0
-394.0	295.0
-386.0	299.0
-385.0	305.0
-386.0	300.0
-393.0	299.0
-385.0	304.0
-380.0	307.0
-389.0	300.0
-384.0	308.0
-393.0	295.0
-387.0	305.0
-376.0	294.0
-382.0	303.0
-381.0	288.0
-377.0	281.0
-377.0	271.0
-380.0	288.0
-390.0	285.0
-386.0	276.0
-376.0	282.0
-362.0	288.0
-376.0	293.0
-365.0	302.0
-371.0	317.0
-379.0	305.0
-365.0	311.0
-379.0	292.0
-394.0	288.0
-387.0	302.0
-367.0	302.0
-354.0	286.0
-365.0	308.0
-341.0	314.0
-364.0	306.0
-340.0	315.0
-333.0	340.0
-324.0	354.0
-338.0	333.0
-318.0	358.0
-301.0	380.0
-289.0	389.0
-285.0	400.0
-280.0	408.0
-288.0	396.0
-297.0	382.0
-305.0	368.0
-329.0	348.0
-370.0	360.0
-377.0	347.0
-379.0	333.0
-398.0	327.0
-411.0	339.0
-405.0	354.0
-392.0	345.0
-402.0	328.0
-421.0	335.0
-430.0	350.0
-428.0	336.0
-414.0	327.0
-432.0	328.0
-435.0	307.0
-439.0	326.0
-435.0	301.0
-435.0	319.0
-441.0	344.0
-419.0	340.0
-438.0	355.0
-435.0	377.0
-434.0	385.0
-434.0	389.0
-438.0	385.0
-435.0	379.0
-437.0	386.0
-438.0	379.0
-435.0	388.0
-437.0	379.0
-428.0	388.0
-424.0	396.0
-415.0	399.0
-425.0	395.0
-427.0	385.0
-427.0	398.0
-420.0	404.0
-410.0	406.0
-421.0	408.0
-429.0	415.0
-425.0	423.0
-430.0	414.0
-425.0	405.0
-433.0	399.0
-431.0	409.0
-427.0	397.0
-432.0	385.0
-440.0	371.0
-434.0	392.0
-422.0	380.0
-410.0	389.0
-411.0	402.0
-397.0	395.0
-390.0	388.0
-398.0	373.0
-403.0	359.0
-413.0	371.0
-409.0	385.0
-407.0	401.0
-394.0	406.0
-380.0	413.0
-367.0	395.0
-351.0	393.0
-370.0	385.0
-370.0	362.0
-395.0	366.0
-388.0	384.0
-406.0	397.0
-414.0	376.0
-399.0	364.0
-376.0	353.0
-375.0	327.0
-374.0	357.0
-367.0	392.0
-394.0	401.0
-405.0	424.0
-419.0	434.0
-422.0	444.0
-415.0	454.0
-423.0	437.0
-419.0	423.0
-424.0	411.0
-435.0	398.0
-416.0	414.0
-432.0	406.0
-426.0	430.0
-421.0	450.0
-423.0	428.0
-419.0	452.0
-427.0	423.0
-403.0	402.0
-426.0	417.0
-404.0	392.0
-431.0	385.0
-422.0	353.0
-427.0	332.0
-412.0	357.0
-441.0	353.0
-400.0	375.0
-378.0	348.0
-401.0	319.0
-391.0	294.0
-406.0	285.0
-405.0	304.0
-413.0	281.0
-430.0	287.0
-423.0	274.0
-412.0	258.0
-401.0	244.0
-398.0	263.0
-391.0	241.0
-407.0	252.0
-386.0	241.0
-367.0	243.0
-365.0	253.0
-368.0	235.0
-367.0	252.0
-375.0	276.0
-364.0	253.0
-381.0	279.0
-406.0	300.0
-432.0	299.0
-415.0	315.0
-427.0	284.0
-417.0	261.0
-415.0	293.0
-419.0	268.0
-391.0	286.0
-371.0	318.0
-360.0	285.0
-367.0	251.0
-399.0	232.0
-397.0	202.0
-412.0	193.0
-425.0	191.0
-432.0	189.0
-427.0	193.0
-417.0	192.0
-431.0	192.0
-439.0	184.0
-444.0	179.0
-436.0	187.0
-443.0	180.0
-435.0	190.0
-419.0	194.0
-401.0	196.0
-394.0	217.0
-373.0	210.0
-383.0	236.0
-375.0	211.0
-364.0	241.0
-382.0	286.0
-428.0	288.0
-397.0	237.0
-407.0	194.0
-396.0	216.0
-389.0	180.0
-402.0	161.0
-416.0	168.0
-434.0	158.0
-439.0	157.0
-443.0	161.0
-436.0	163.0
-441.0	157.0
-435.0	153.0
-437.0	162.0
-433.0	151.0
-440.0	143.0
-447.0	143.0
-451.0	135.0
-446.0	143.0
-438.0	137.0
-444.0	140.0
-438.0	133.0
-443.0	128.0
-449.0	125.0
-441.0	130.0
-445.0	125.0
-452.0	134.0
-443.0	127.0
-452.0	120.0
-459.0	129.0
-449.0	119.0
-461.0	124.0
-455.0	113.0
-467.0	108.0
-454.0	110.0
-453.0	98.0
-444.0	96.0
-451.0	94.0
-455.0	99.0
-447.0	105.0
-441.0	99.0
-440.0	104.0
-448.0	108.0
-454.0	97.0
-452.0	88.0
-448.0	90.0
-451.0	83.0
-447.0	80.0
-445.0	74.0
-449.0	69.0
-451.0	70.0
-449.0	67.0
-445.0	66.0
-450.0	70.0
-454.0	70.0
-451.0	68.0
-454.0	71.0
-450.0	74.0
-454.0	76.0
-452.0	78.0
-455.0	76.0
-452.0	75.0
-455.0	78.0
-455.0	73.0
-457.0	69.0
-459.0	66.0
-456.0	63.0
-459.0	64.0
-463.0	64.0
-466.0	66.0
-465.0	63.0
-465.0	60.0
-466.0	62.0
-464.0	60.0
-467.0	60.0
-469.0	63.0
-470.0	60.0
-467.0	64.0
-470.0	66.0
-469.0	62.0
-468.0	66.0
-464.0	63.0
-460.0	61.0
-463.0	60.0
-466.0	60.0
-466.0	56.0
-462.0	56.0
-459.0	55.0
-461.0	58.0
-462.0	54.0
-459.0	52.0
-460.0	48.0
-458.0	46.0
-461.0	48.0
-464.0	50.0
-463.0	53.0
-467.0	51.0
-470.0	47.0
-471.0	44.0
-468.0	46.0
-465.0	46.0
-469.0	46.0
-466.0	43.0
-467.0	40.0
-467.0	36.0
-468.0	33.0
-465.0	33.0
-468.0	32.0
-470.0	35.0
-466.0	36.0
-466.0	32.0
-465.0	28.0
-463.0	31.0
-461.0	27.0
-457.0	29.0
-454.0	34.0
-457.0	31.0
-451.0	32.0
-455.0	34.0
-450.0	36.0
-448.0	39.0
-452.0	39.0
-449.0	38.0
-453.0	35.0
-456.0	40.0
-460.0	42.0
-464.0	41.0
-466.0	46.0
-471.0	49.0
-475.0	51.0
-471.0	55.0
-467.0	56.0
-463.0	52.0
-460.0	56.0
-455.0	57.0
-452.0	55.0
-453.0	58.0
-455.0	54.0
-455.0	49.0
-458.0	47.0
-454.0	46.0
-452.0	42.0
-448.0	45.0
-452.0	45.0
-456.0	49.0
-461.0	50.0
-457.0	48.0
-461.0	53.0
-466.0	57.0
-462.0	52.0
-460.0	46.0
-458.0	41.0
-461.0	36.0
-464.0	31.0
-469.0	30.0
-474.0	30.0
-479.0	31.0
-477.0	34.0
-480.0	34.0
-483.0	33.0
-485.0	29.0
-482.0	33.0
-479.0	36.0
-478.0	40.0
-477.0	36.0
-475.0	32.0
-469.0	35.0
-470.0	39.0
-473.0	34.0
-476.0	39.0
-475.0	44.0
-473.0	49.0
-475.0	55.0
-467.0	55.0
-474.0	57.0
-474.0	64.0
-468.0	68.0
-462.0	71.0
-459.0	77.0
-460.0	70.0
-461.0	76.0
-458.0	68.0
-454.0	63.0
-450.0	61.0
-448.0	57.0
-445.0	54.0
-449.0	53.0
-450.0	50.0
-449.0	54.0
-446.0	57.0
-452.0	58.0
-455.0	63.0
-459.0	60.0
-453.0	60.0
-449.0	56.0
-453.0	52.0
-450.0	47.0
-449.0	52.0
-444.0	49.0
-441.0	46.0
-444.0	44.0
-448.0	43.0
-446.0	48.0
-445.0	43.0
-449.0	45.0
-443.0	48.0
-445.0	53.0
-454.0	55.0
-458.0	48.0
-457.0	56.0
-463.0	62.0
-469.0	65.0
-465.0	58.0
-458.0	61.0
-466.0	64.0
-457.0	66.0
-452.0	71.0
-447.0	68.0
-450.0	75.0
-447.0	69.0
-454.0	65.0
-461.0	62.0
-472.0	63.0
-463.0	58.0
-473.0	52.0
-469.0	44.0
-467.0	38.0
-462.0	40.0
-459.0	35.0
-452.0	36.0
-447.0	38.0
-448.0	33.0
-445.0	28.0
-445.0	24.0
-440.0	23.0
-440.0	27.0
-440.0	22.0
-441.0	18.0
-441.0	14.0
-437.0	15.0
-438.0	19.0
-441.0	22.0
-444.0	18.0
-447.0	15.0
-450.0	18.0
-451.0	14.0
-446.0	13.0
-451.0	12.0
-456.0	13.0
-457.0	8.0
-459.0	12.0
-462.0	15.0
-461.0	18.0
-458.0	21.0
-459.0	25.0
-456.0	22.0
-453.0	21.0
-450.0	21.0
-449.0	16.0
-443.0	18.0
-445.0	23.0
-444.0	29.0
-447.0	26.0
-444.0	30.0
-448.0	26.0
-454.0	24.0
-451.0	27.0
-446.0	29.0
-440.0	26.0
-435.0	24.0
-431.0	24.0
-428.0	22.0
-425.0	23.0
-422.0	21.0
-421.0	25.0
-422.0	20.0
-426.0	18.0
-424.0	21.0
-427.0	17.0
-431.0	17.0
-431.0	14.0
-431.0	10.0
-432.0	15.0
-434.0	18.0
-437.0	19.0
-441.0	16.0
-441.0	10.0
-436.0	13.0
-432.0	10.0
-430.0	16.0
-433.0	18.0
-432.0	14.0
-436.0	16.0
-442.0	15.0
-443.0	22.0
-435.0	18.0
-430.0	22.0
-426.0	20.0
-422.0	24.0
-417.0	28.0
-413.0	19.0
-417.0	25.0
-426.0	23.0
-432.0	22.0
-432.0	17.0
-433.0	10.0
-441.0	9.0
-434.0	11.0
-442.0	13.0
-449.0	7.0
-446.0	3.0
-453.0	6.0
-448.0	7.0
-450.0	15.0
-452.0	21.0
-452.0	26.0
-453.0	19.0
-453.0	14.0
-457.0	20.0
-456.0	15.0
-462.0	17.0
-466.0	17.0
-468.0	14.0
-468.0	11.0
-465.0	12.0
-462.0	11.0
-458.0	11.0
-463.0	9.0
-466.0	11.0
-469.0	13.0
-472.0	11.0
-470.0	14.0
-469.0	19.0
-472.0	20.0
-468.0	19.0
-468.0	15.0
-469.0	20.0
-470.0	16.0
-470.0	22.0
-465.0	20.0
-460.0	21.0
-455.0	19.0
-461.0	23.0
-467.0	26.0
-472.0	29.0
-478.0	26.0
-482.0	30.0
-481.0	36.0
-475.0	35.0
-477.0	42.0
-482.0	46.0
-475.0	46.0
-468.0	45.0
-472.0	51.0
-479.0	43.0
-486.0	40.0
-483.0	44.0
-488.0	38.0
-484.0	36.0
-484.0	43.0
-491.0	40.0
-494.0	38.0
-494.0	35.0
-492.0	31.0
-488.0	29.0
-494.0	29.0
-491.0	34.0
-493.0	38.0
-489.0	35.0
-482.0	34.0
-480.0	41.0
-471.0	36.0
-478.0	32.0
-476.0	42.0
-464.0	43.0
-470.0	46.0
-463.0	38.0
-470.0	41.0
-468.0	52.0
-473.0	65.0
-474.0	77.0
-465.0	85.0
-461.0	92.0
-462.0	87.0
-456.0	88.0
-450.0	90.0
-443.0	92.0
-435.0	93.0
-442.0	95.0
-439.0	103.0
-429.0	102.0
-425.0	103.0
-427.0	99.0
-424.0	102.0
-428.0	97.0
-427.0	104.0
-425.0	109.0
-420.0	111.0
-426.0	109.0
-424.0	115.0
-419.0	120.0
-417.0	113.0
-419.0	121.0
-423.0	112.0
-421.0	119.0
-428.0	112.0
-424.0	118.0
-413.0	120.0
-411.0	138.0
-423.0	136.0
-425.0	144.0
-430.0	134.0
-423.0	139.0
-431.0	149.0
-437.0	138.0
-447.0	138.0
-437.0	134.0
-429.0	135.0
-415.0	138.0
-406.0	156.0
-389.0	166.0
-415.0	168.0
-422.0	144.0
-414.0	127.0
-428.0	116.0
-416.0	114.0
-426.0	100.0
-427.0	94.0
-436.0	95.0
-437.0	87.0
-436.0	91.0
-437.0	84.0
-434.0	79.0
-433.0	85.0
-429.0	83.0
-434.0	78.0
-437.0	86.0
-429.0	82.0
-435.0	88.0
-427.0	95.0
-429.0	105.0
-427.0	96.0
-437.0	90.0
-440.0	101.0
-427.0	108.0
-438.0	103.0
-431.0	116.0
-437.0	100.0
-429.0	87.0
-431.0	71.0
-430.0	62.0
-427.0	57.0
-426.0	51.0
-425.0	45.0
-422.0	37.0
-431.0	31.0
-428.0	27.0
-433.0	29.0
-431.0	32.0
-435.0	36.0
-433.0	32.0
-432.0	27.0
-437.0	24.0
-431.0	29.0
-424.0	27.0
-419.0	19.0
-411.0	15.0
-415.0	26.0
-430.0	24.0
-435.0	28.0
-441.0	31.0
-439.0	36.0
-443.0	37.0
-442.0	32.0
-436.0	35.0
-440.0	29.0
-441.0	38.0
-438.0	42.0
-443.0	43.0
-437.0	43.0
-443.0	40.0
-441.0	47.0
-444.0	39.0
-451.0	39.0
-460.0	34.0
-464.0	27.0
-458.0	29.0
-463.0	22.0
-470.0	20.0
-476.0	24.0
-480.0	19.0
-483.0	20.0
-480.0	21.0
-483.0	24.0
-481.0	20.0
-485.0	21.0
-479.0	21.0
-480.0	15.0
-483.0	11.0
-479.0	11.0
-476.0	15.0
-482.0	15.0
-488.0	15.0
-491.0	12.0
-491.0	8.0
-487.0	7.0
-488.0	11.0
-490.0	16.0
-492.0	11.0
-496.0	14.0
-495.0	10.0
-499.0	7.0
-494.0	6.0
-494.0	2.0
-496.0	7.0
-490.0	6.0
-496.0	5.0
-501.0	10.0
-505.0	13.0
-509.0	13.0
-511.0	16.0
-510.0	12.0
-510.0	8.0
-507.0	9.0
-510.0	7.0
-506.0	6.0
-508.0	4.0
-506.0	1.0
-502.0	4.0
-507.0	8.0
-504.0	11.0
-500.0	14.0
-499.0	19.0
-500.0	23.0
-502.0	20.0
-498.0	20.0
-494.0	17.0
-490.0	18.0
-484.0	19.0
-486.0	11.0
-484.0	16.0
-479.0	10.0
-482.0	6.0
-485.0	2.0
-483.0	-1.0
-484.0	-4.0
-481.0	-2.0
-477.0	-1.0
-477.0	3.0
-478.0	0.0
-483.0	0.0
-486.0	-3.0
-484.0	0.0
-486.0	-5.0
-486.0	1.0
-488.0	5.0
-488.0	-1.0
-494.0	0.0
-499.0	8.0
-493.0	3.0
-484.0	4.0
-478.0	2.0
-478.0	-3.0
-476.0	1.0
-478.0	6.0
-482.0	8.0
-489.0	10.0
-481.0	9.0
-474.0	10.0
-474.0	5.0
-470.0	3.0
-468.0	0.0
-468.0	5.0
-466.0	8.0
-470.0	8.0
-466.0	10.0
-467.0	5.0
-463.0	2.0
-462.0	6.0
-457.0	6.0
-461.0	1.0
-458.0	6.0
-451.0	7.0
-455.0	-1.0
-461.0	-1.0
-465.0	-6.0
-468.0	-11.0
-469.0	-6.0
-464.0	-6.0
-465.0	1.0
-471.0	2.0
-472.0	-3.0
-476.0	-4.0
-473.0	-5.0
-478.0	-6.0
-476.0	-10.0
-479.0	-13.0
-484.0	-11.0
-477.0	-12.0
-476.0	-5.0
-483.0	-4.0
-490.0	-1.0
-482.0	-11.0
-475.0	-13.0
-469.0	-7.0
-469.0	-14.0
-478.0	-10.0
-486.0	-6.0
-475.0	-5.0
-469.0	-1.0
-467.0	-7.0
-470.0	0.0
-477.0	5.0
-482.0	11.0
-481.0	21.0
-472.0	19.0
-473.0	11.0
-465.0	11.0
-465.0	5.0
-471.0	11.0
-464.0	15.0
-464.0	8.0
-461.0	2.0
-456.0	-6.0
-450.0	-5.0
-454.0	0.0
-459.0	-6.0
-452.0	-7.0
-455.0	-12.0
-462.0	-12.0
-456.0	-14.0
-465.0	-13.0
-473.0	-4.0
-466.0	-11.0
-479.0	-10.0
-463.0	-13.0
-449.0	-10.0
-457.0	-5.0
-449.0	3.0
-460.0	6.0
-466.0	14.0
-468.0	23.0
-477.0	20.0
-474.0	8.0
-463.0	14.0
-467.0	3.0
-457.0	13.0
-452.0	22.0
-463.0	25.0
-463.0	35.0
-458.0	44.0
-450.0	37.0
-441.0	43.0
-437.0	33.0
-442.0	43.0
-443.0	55.0
-454.0	53.0
-454.0	41.0
-449.0	28.0
-445.0	15.0
-432.0	18.0
-433.0	26.0
-427.0	15.0
-436.0	23.0
-437.0	10.0
-452.0	9.0
-450.0	-4.0
-441.0	8.0
-453.0	22.0
-468.0	29.0
-455.0	24.0
-440.0	35.0
-449.0	51.0
-461.0	42.0
-471.0	62.0
-459.0	70.0
-451.0	75.0
-458.0	75.0
-460.0	85.0
-456.0	78.0
-458.0	87.0
-453.0	80.0
-457.0	89.0
-449.0	85.0
-436.0	84.0
-452.0	85.0
-463.0	95.0
-464.0	106.0
-455.0	95.0
-448.0	110.0
-465.0	95.0
-478.0	99.0
-485.0	90.0
-480.0	92.0
-487.0	88.0
-484.0	93.0
-489.0	84.0
-490.0	80.0
-491.0	83.0
-487.0	86.0
-492.0	80.0
-488.0	78.0
-491.0	76.0
-487.0	77.0
-489.0	73.0
-494.0	72.0
-498.0	70.0
-494.0	66.0
-490.0	66.0
-487.0	69.0
-482.0	73.0
-474.0	76.0
-487.0	74.0
-491.0	68.0
-495.0	70.0
-490.0	68.0
-492.0	74.0
-496.0	69.0
-491.0	66.0
-497.0	72.0
-491.0	78.0
-490.0	86.0
-487.0	76.0
-476.0	79.0
-489.0	77.0
-481.0	66.0
-496.0	64.0
-494.0	71.0
-500.0	62.0
-506.0	59.0
-507.0	64.0
-503.0	67.0
-503.0	60.0
-508.0	65.0
-505.0	59.0
-510.0	64.0
-510.0	58.0
-512.0	54.0
-516.0	52.0
-517.0	58.0
-514.0	61.0
-519.0	58.0
-516.0	62.0
-513.0	55.0
-508.0	58.0
-514.0	54.0
-520.0	50.0
-525.0	54.0
-522.0	57.0
-528.0	55.0
-525.0	49.0
-529.0	46.0
-535.0	44.0
-539.0	47.0
-542.0	46.0
-545.0	44.0
-540.0	45.0
-540.0	49.0
-543.0	45.0
-549.0	43.0
-554.0	40.0
-550.0	37.0
-554.0	34.0
-549.0	35.0
-555.0	37.0
-556.0	31.0
-557.0	39.0
-560.0	32.0
-567.0	32.0
-565.0	28.0
-571.0	32.0
-572.0	26.0
-571.0	31.0
-565.0	27.0
-573.0	30.0
-578.0	24.0
-577.0	28.0
-580.0	22.0
-580.0	26.0
-575.0	28.0
-579.0	21.0
-585.0	20.0
-590.0	20.0
-586.0	23.0
-588.0	18.0
-594.0	16.0
-596.0	12.0
-601.0	14.0
-604.0	13.0
-601.0	10.0
-605.0	7.0
-601.0	12.0
-604.0	7.0
-598.0	14.0
-593.0	18.0
-588.0	15.0
-581.0	19.0
-588.0	19.0
-582.0	25.0
-570.0	29.0
-558.0	31.0
-548.0	36.0
-552.0	42.0
-558.0	37.0
-548.0	42.0
-552.0	36.0
-564.0	35.0
-578.0	23.0
-591.0	16.0
-582.0	21.0
-596.0	15.0
-606.0	12.0
-596.0	16.0
-607.0	10.0
-592.0	-12.0
-594.0	-18.0
-593.0	-14.0
-591.0	-20.0
-592.0	-14.0
-591.0	-21.0
-587.0	-15.0
-591.0	-19.0
-598.0	-18.0
-596.0	-26.0
-600.0	-30.0
-602.0	-36.0
-607.0	-37.0
-599.0	-29.0
-605.0	-36.0
-601.0	-25.0
-599.0	-32.0
-594.0	-21.0
-588.0	-14.0
-581.0	-18.0
-576.0	-21.0
-577.0	-26.0
-579.0	-21.0
-575.0	-26.0
-572.0	-29.0
-568.0	-25.0
-566.0	-22.0
-564.0	-17.0
-567.0	-20.0
-565.0	-25.0
-572.0	-24.0
-570.0	-27.0
-574.0	-23.0
-567.0	-23.0
-570.0	-16.0
-563.0	-16.0
-559.0	-15.0
-563.0	-13.0
-560.0	-16.0
-564.0	-12.0
-558.0	-14.0
-552.0	-12.0
-547.0	-8.0
-544.0	-5.0
-541.0	-8.0
-537.0	-9.0
-540.0	-4.0
-545.0	-4.0
-551.0	-3.0
-552.0	-8.0
-547.0	-6.0
-540.0	-7.0
-534.0	-4.0
-537.0	-1.0
-539.0	2.0
-534.0	-2.0
-537.0	-7.0
-531.0	-1.0
-537.0	-4.0
-544.0	-9.0
-552.0	-6.0
-560.0	-11.0
-555.0	-5.0
-556.0	-17.0
-555.0	-6.0
-564.0	-15.0
-570.0	-22.0
-576.0	-24.0
-582.0	-17.0
-575.0	-13.0
-587.0	-12.0
-598.0	-19.0
-583.0	-17.0
-573.0	-26.0
-577.0	-14.0
-570.0	-26.0
-582.0	-19.0
-598.0	-24.0
-603.0	-38.0
-587.0	-17.0
-607.0	-22.0
-574.0	-26.0
-598.0	-27.0
-565.0	-23.0
-546.0	-11.0
-561.0	-10.0
-541.0	-10.0
-533.0	1.0
-540.0	-2.0
-550.0	-9.0
-570.0	-17.0
-536.0	-1.0
-525.0	5.0
-528.0	0.0
-524.0	10.0
-526.0	3.0
-520.0	10.0
-513.0	11.0
-507.0	11.0
-512.0	12.0
-509.0	18.0
-507.0	22.0
-505.0	19.0
-503.0	24.0
-500.0	24.0
-497.0	20.0
-502.0	24.0
-506.0	23.0
-503.0	25.0
-509.0	24.0
-503.0	23.0
-503.0	15.0
-504.0	22.0
-507.0	14.0
-507.0	7.0
-507.0	1.0
-505.0	6.0
-500.0	13.0
-492.0	14.0
-493.0	21.0
-493.0	14.0
-503.0	13.0
-504.0	4.0
-512.0	-1.0
-515.0	2.0
-511.0	-2.0
-515.0	0.0
-509.0	2.0
-505.0	-3.0
-510.0	-7.0
-504.0	-8.0
-509.0	-4.0
-506.0	-12.0
-501.0	-15.0
-502.0	-21.0
-501.0	-18.0
-504.0	-22.0
-499.0	-24.0
-501.0	-27.0
-497.0	-29.0
-500.0	-26.0
-500.0	-21.0
-505.0	-19.0
-502.0	-12.0
-503.0	-22.0
-500.0	-29.0
-502.0	-24.0
-500.0	-33.0
-497.0	-38.0
-494.0	-44.0
-498.0	-31.0
-502.0	-37.0
-498.0	-26.0
-502.0	-16.0
-511.0	-5.0
-507.0	-13.0
-498.0	-27.0
-485.0	-14.0
-506.0	-8.0
-502.0	-22.0
-511.0	-4.0
-517.0	5.0
-509.0	5.0
-519.0	7.0
-514.0	0.0
-519.0	11.0
-525.0	3.0
-513.0	16.0
-508.0	8.0
-494.0	8.0
-485.0	-1.0
-471.0	5.0
-461.0	16.0
-474.0	2.0
-475.0	21.0
-467.0	32.0
-485.0	28.0
-491.0	21.0
-494.0	30.0
-492.0	38.0
-494.0	43.0
-495.0	40.0
-491.0	42.0
-496.0	39.0
-495.0	33.0
-489.0	26.0
-482.0	21.0
-488.0	34.0
-491.0	24.0
-500.0	17.0
-511.0	17.0
-506.0	25.0
-497.0	17.0
-484.0	9.0
-462.0	14.0
-453.0	-8.0
-463.0	19.0
-453.0	-5.0
-426.0	7.0
-414.0	20.0
-407.0	7.0
-410.0	14.0
-405.0	0.0
-403.0	6.0
-405.0	-4.0
-403.0	-10.0
-400.0	-18.0
-396.0	-25.0
-400.0	-17.0
-404.0	-7.0
-399.0	-20.0
-404.0	-4.0
-399.0	-22.0
-385.0	-34.0
-377.0	-39.0
-370.0	-42.0
-363.0	-46.0
-357.0	-48.0
-352.0	-52.0
-354.0	-45.0
-350.0	-53.0
-343.0	-56.0
-337.0	-58.0
-345.0	-55.0
-355.0	-51.0
-347.0	-55.0
-359.0	-47.0
-349.0	-51.0
-338.0	-58.0
-324.0	-63.0
-316.0	-66.0
-321.0	-64.0
-329.0	-60.0
-314.0	-65.0
-310.0	-70.0
-316.0	-69.0
-308.0	-68.0
-318.0	-64.0
-331.0	-59.0
-311.0	-66.0
-297.0	-71.0
-286.0	-71.0
-296.0	-69.0
-281.0	-74.0
-296.0	-70.0
-279.0	-73.0
-300.0	-70.0
-322.0	-64.0
-346.0	-54.0
-364.0	-46.0
-376.0	-39.0
-384.0	-33.0
-392.0	-27.0
-379.0	-35.0
-366.0	-44.0
-382.0	-35.0
-397.0	-24.0
-376.0	-38.0
-394.0	-25.0
-406.0	1.0
-428.0	14.0
-446.0	1.0
-477.0	9.0
-501.0	25.0
-514.0	21.0
-517.0	4.0
-515.0	21.0
-494.0	20.0
-498.0	38.0
-493.0	45.0
-498.0	41.0
-487.0	45.0
-494.0	31.0
-481.0	28.0
-499.0	43.0
-509.0	57.0
-505.0	65.0
-510.0	55.0
-520.0	56.0
-527.0	55.0
-529.0	47.0
-536.0	49.0
-537.0	43.0
-542.0	43.0
-545.0	38.0
-537.0	42.0
-533.0	48.0
-539.0	52.0
-546.0	44.0
-538.0	50.0
-539.0	40.0
-550.0	40.0
-532.0	43.0
-528.0	54.0
-537.0	49.0
-547.0	38.0
-524.0	49.0
-518.0	61.0
-524.0	53.0
-512.0	62.0
-501.0	69.0
-492.0	82.0
-493.0	65.0
-476.0	62.0
-455.0	70.0
-468.0	76.0
-454.0	87.0
-475.0	86.0
-464.0	95.0
-483.0	90.0
-475.0	110.0
-477.0	90.0
-474.0	114.0
-461.0	130.0
-448.0	138.0
-449.0	153.0
-440.0	163.0
-452.0	167.0
-452.0	155.0
-452.0	169.0
-439.0	180.0
-426.0	192.0
-418.0	167.0
-438.0	182.0
-451.0	163.0
-450.0	148.0
-438.0	135.0
-439.0	158.0
-444.0	176.0
-436.0	158.0
-429.0	134.0
-453.0	135.0
-472.0	123.0
-466.0	91.0
-489.0	81.0
-464.0	86.0
-448.0	63.0
-430.0	64.0
-426.0	57.0
-425.0	50.0
-422.0	43.0
-437.0	46.0
-428.0	57.0
-425.0	47.0
-429.0	63.0
-433.0	77.0
-429.0	62.0
-423.0	43.0
-430.0	65.0
-452.0	64.0
-431.0	70.0
-448.0	80.0
-425.0	97.0
-437.0	126.0
-414.0	141.0
-417.0	111.0
-432.0	82.0
-426.0	56.0
-452.0	76.0
-482.0	64.0
-485.0	39.0
-507.0	24.0
-516.0	2.0
-538.0	2.0
-509.0	-9.0
-498.0	-35.0
-457.0	-14.0
-496.0	-35.0
-529.0	1.0
-490.0	1.0
-457.0	-12.0
-436.0	32.0
-427.0	53.0
-428.0	19.0
-455.0	37.0
-425.0	21.0
-447.0	51.0
-491.0	43.0
-514.0	53.0
-529.0	51.0
-511.0	63.0
-490.0	67.0
-494.0	40.0
-515.0	59.0
-539.0	45.0
-512.0	22.0
-523.0	56.0
-561.0	35.0
-592.0	17.0
-607.0	11.0
-597.0	-19.0
-562.0	-16.0
-524.0	9.0
-568.0	28.0
-600.0	13.0
-568.0	-14.0
-602.0	12.0
-603.0	-40.0
-573.0	24.0
-521.0	48.0
-469.0	37.0
-477.0	-6.0
-438.0	38.0
-428.0	89.0
-473.0	112.0
-438.0	104.0
-472.0	121.0
-448.0	159.0
-442.0	128.0
-410.0	132.0
-383.0	178.0
-353.0	175.0
-378.0	185.0
-407.0	163.0
-435.0	186.0
-402.0	165.0
-360.0	183.0
-343.0	152.0
-340.0	139.0
-347.0	153.0
-332.0	133.0
-343.0	147.0
-325.0	124.0
-340.0	140.0
-317.0	116.0
-288.0	101.0
-254.0	81.0
-231.0	78.0
-211.0	74.0
-213.0	64.0
-207.0	77.0
-207.0	62.0
-191.0	61.0
-208.0	65.0
-197.0	77.0
-180.0	65.0
-192.0	80.0
-203.0	57.0
-224.0	76.0
-252.0	73.0
-211.0	75.0
-245.0	79.0
-289.0	100.0
-336.0	137.0
-388.0	181.0
-346.0	153.0
-412.0	194.0
-363.0	213.0
-394.0	283.0
-347.0	290.0
-321.0	348.0
-282.0	328.0
-278.0	327.0
-281.0	326.0
-280.0	330.0
-279.0	325.0
-279.0	331.0
-274.0	326.0
-280.0	328.0
-276.0	334.0
-269.0	333.0
-268.0	327.0
-267.0	334.0
-266.0	327.0
-273.0	327.0
-271.0	334.0
-278.0	328.0
-287.0	333.0
-268.0	336.0
-260.0	338.0
-257.0	337.0
-254.0	338.0
-249.0	340.0
-242.0	339.0
-241.0	333.0
-237.0	334.0
-232.0	334.0
-228.0	338.0
-234.0	339.0
-229.0	337.0
-234.0	335.0
-239.0	332.0
-233.0	334.0
-234.0	327.0
-238.0	334.0
-240.0	340.0
-248.0	340.0
-245.0	333.0
-247.0	328.0
-253.0	327.0
-249.0	332.0
-246.0	338.0
-239.0	333.0
-233.0	327.0
-244.0	328.0
-244.0	340.0
-255.0	338.0
-260.0	336.0
-258.0	332.0
-259.0	327.0
-254.0	332.0
-256.0	339.0
-249.0	339.0
-259.0	336.0
-263.0	328.0
-261.0	336.0
-261.0	326.0
-249.0	327.0
-257.0	336.0
-260.0	326.0
-272.0	332.0
-260.0	339.0
-248.0	333.0
-259.0	326.0
-243.0	331.0
-230.0	337.0
-239.0	340.0
-231.0	326.0
-226.0	316.0
-229.0	314.0
-228.0	311.0
-232.0	311.0
-235.0	309.0
-234.0	306.0
-236.0	303.0
-239.0	305.0
-239.0	309.0
-238.0	314.0
-233.0	311.0
-229.0	311.0
-227.0	307.0
-225.0	304.0
-228.0	306.0
-229.0	302.0
-232.0	300.0
-227.0	299.0
-226.0	303.0
-222.0	303.0
-219.0	305.0
-221.0	303.0
-220.0	300.0
-217.0	299.0
-217.0	303.0
-220.0	305.0
-225.0	306.0
-228.0	310.0
-232.0	314.0
-226.0	314.0
-223.0	310.0
-220.0	306.0
-226.0	308.0
-222.0	313.0
-217.0	312.0
-221.0	314.0
-215.0	311.0
-210.0	307.0
-209.0	301.0
-215.0	302.0
-220.0	303.0
-215.0	303.0
-221.0	300.0
-225.0	299.0
-220.0	299.0
-215.0	298.0
-215.0	292.0
-210.0	294.0
-206.0	293.0
-202.0	291.0
-206.0	295.0
-201.0	297.0
-199.0	293.0
-205.0	294.0
-211.0	293.0
-216.0	298.0
-213.0	292.0
-217.0	300.0
-220.0	293.0
-221.0	298.0
-221.0	292.0
-229.0	293.0
-224.0	298.0
-225.0	293.0
-232.0	295.0
-239.0	293.0
-239.0	300.0
-237.0	295.0
-230.0	295.0
-227.0	302.0
-235.0	304.0
-235.0	308.0
-238.0	304.0
-236.0	307.0
-234.0	311.0
-228.0	314.0
-230.0	322.0
-233.0	313.0
-239.0	307.0
-234.0	303.0
-241.0	303.0
-239.0	295.0
-246.0	294.0
-254.0	294.0
-249.0	295.0
-256.0	297.0
-251.0	295.0
-259.0	297.0
-255.0	293.0
-265.0	296.0
-258.0	295.0
-263.0	302.0
-260.0	297.0
-259.0	304.0
-254.0	310.0
-246.0	311.0
-240.0	316.0
-240.0	307.0
-246.0	313.0
-256.0	307.0
-254.0	296.0
-263.0	303.0
-252.0	311.0
-240.0	300.0
-240.0	292.0
-229.0	301.0
-224.0	294.0
-236.0	295.0
-229.0	305.0
-224.0	314.0
-222.0	306.0
-223.0	316.0
-213.0	312.0
-217.0	305.0
-219.0	315.0
-217.0	327.0
-221.0	333.0
-216.0	336.0
-221.0	338.0
-221.0	332.0
-217.0	338.0
-210.0	336.0
-206.0	337.0
-211.0	335.0
-204.0	336.0
-198.0	332.0
-203.0	333.0
-206.0	327.0
-201.0	326.0
-194.0	330.0
-199.0	334.0
-204.0	327.0
-208.0	335.0
-210.0	327.0
-220.0	328.0
-214.0	337.0
-209.0	328.0
-202.0	335.0
-195.0	327.0
-204.0	326.0
-209.0	336.0
-194.0	331.0
-214.0	327.0
-218.0	313.0
-207.0	304.0
-203.0	300.0
-206.0	304.0
-201.0	298.0
-206.0	302.0
-204.0	294.0
-203.0	302.0
-208.0	310.0
-208.0	293.0
-204.0	304.0
-212.0	293.0
-199.0	299.0
-222.0	295.0
-204.0	293.0
-216.0	314.0
-202.0	328.0
-222.0	326.0
-213.0	337.0
-193.0	327.0
-225.0	337.0
-229.0	316.0
-236.0	302.0
-246.0	295.0
-244.0	312.0
-260.0	307.0
-244.0	295.0
-264.0	296.0
-235.0	305.0
-257.0	308.0
-256.0	331.0
-236.0	339.0
-235.0	314.0
-226.0	338.0
-247.0	312.0
-259.0	338.0
-237.0	328.0
-268.0	342.0
-238.0	310.0
-213.0	294.0
-193.0	332.0
-225.0	300.0
-264.0	299.0
-223.0	294.0
-224.0	338.0
-278.0	324.0
-338.0	328.0
-280.0	332.0
-294.0	388.0
-283.0	407.0
-288.0	394.0
-303.0	375.0
-338.0	340.0
-350.0	395.0
-335.0	417.0
-354.0	430.0
-358.0	447.0
-361.0	425.0
-380.0	411.0
-393.0	433.0
-365.0	424.0
-347.0	444.0
-324.0	439.0
-339.0	457.0
-336.0	478.0
-325.0	506.0
-326.0	471.0
-331.0	439.0
-348.0	416.0
-326.0	430.0
-298.0	449.0
-287.0	468.0
-276.0	457.0
-285.0	477.0
-265.0	483.0
-292.0	469.0
-298.0	445.0
-272.0	423.0
-277.0	413.0
-265.0	428.0
-256.0	439.0
-271.0	424.0
-286.0	402.0
-260.0	434.0
-276.0	415.0
-299.0	382.0
-270.0	331.0
-338.0	305.0
-399.0	331.0
-420.0	372.0
-434.0	403.0
-411.0	366.0
-370.0	359.0
-361.0	407.0
-398.0	393.0
-357.0	401.0
-390.0	436.0
-415.0	455.0
-405.0	486.0
-369.0	485.0
-385.0	506.0
-378.0	524.0
-388.0	503.0
-370.0	531.0
-354.0	548.0
-341.0	548.0
-336.0	562.0
-322.0	574.0
-335.0	550.0
-330.0	570.0
-347.0	545.0
-364.0	535.0
-344.0	549.0
-313.0	548.0
-305.0	517.0
-308.0	554.0
-285.0	586.0
-245.0	581.0
-278.0	586.0
-245.0	550.0
-209.0	551.0
-221.0	588.0
-173.0	560.0
-125.0	526.0
-128.0	499.0
-115.0	476.0
-85.0	475.0
-94.0	502.0
-117.0	517.0
-89.0	501.0
-70.0	463.0
-79.0	437.0
-91.0	417.0
-84.0	397.0
-84.0	385.0
-84.0	396.0
-77.0	411.0
-57.0	407.0
-65.0	400.0
-69.0	386.0
-61.0	382.0
-71.0	382.0
-71.0	375.0
-65.0	371.0
-70.0	364.0
-73.0	354.0
-75.0	346.0
-84.0	347.0
-84.0	354.0
-82.0	363.0
-83.0	372.0
-84.0	381.0
-82.0	369.0
-83.0	359.0
-83.0	371.0
-71.0	376.0
-70.0	385.0
-70.0	371.0
-82.0	375.0
-71.0	383.0
-83.0	391.0
-69.0	378.0
-53.0	378.0
-55.0	365.0
-58.0	354.0
-58.0	345.0
-56.0	352.0
-58.0	341.0
-61.0	327.0
-61.0	341.0
-75.0	341.0
-84.0	338.0
-85.0	333.0
-86.0	327.0
-85.0	331.0
-88.0	327.0
-88.0	323.0
-90.0	328.0
-93.0	329.0
-95.0	324.0
-99.0	323.0
-97.0	328.0
-94.0	323.0
-95.0	318.0
-89.0	315.0
-85.0	310.0
-81.0	312.0
-79.0	308.0
-84.0	310.0
-87.0	315.0
-85.0	307.0
-79.0	311.0
-74.0	305.0
-75.0	297.0
-83.0	300.0
-89.0	295.0
-86.0	300.0
-94.0	301.0
-92.0	296.0
-85.0	298.0
-92.0	291.0
-89.0	284.0
-96.0	287.0
-102.0	292.0
-99.0	287.0
-107.0	285.0
-113.0	285.0
-110.0	290.0
-112.0	294.0
-114.0	297.0
-111.0	302.0
-109.0	306.0
-106.0	300.0
-103.0	296.0
-108.0	301.0
-103.0	304.0
-96.0	301.0
-102.0	306.0
-94.0	302.0
-83.0	303.0
-78.0	311.0
-88.0	313.0
-93.0	322.0
-92.0	328.0
-91.0	321.0
-97.0	317.0
-101.0	323.0
-102.0	328.0
-107.0	324.0
-112.0	318.0
-116.0	319.0
-113.0	316.0
-107.0	316.0
-103.0	323.0
-102.0	317.0
-98.0	324.0
-106.0	323.0
-114.0	326.0
-117.0	318.0
-112.0	316.0
-117.0	308.0
-115.0	318.0
-112.0	306.0
-114.0	296.0
-115.0	291.0
-115.0	296.0
-111.0	291.0
-108.0	295.0
-111.0	290.0
-114.0	285.0
-121.0	290.0
-114.0	286.0
-118.0	294.0
-120.0	285.0
-131.0	287.0
-140.0	289.0
-140.0	300.0
-128.0	296.0
-134.0	286.0
-129.0	298.0
-135.0	287.0
-149.0	288.0
-141.0	300.0
-148.0	283.0
-148.0	264.0
-150.0	284.0
-137.0	302.0
-124.0	284.0
-120.0	301.0
-131.0	296.0
-110.0	298.0
-110.0	306.0
-98.0	306.0
-99.0	317.0
-112.0	317.0
-106.0	328.0
-117.0	321.0
-127.0	308.0
-115.0	326.0
-93.0	327.0
-94.0	318.0
-87.0	327.0
-85.0	336.0
-76.0	336.0
-84.0	342.0
-83.0	350.0
-74.0	344.0
-72.0	357.0
-61.0	352.0
-71.0	360.0
-69.0	375.0
-82.0	366.0
-74.0	350.0
-85.0	341.0
-88.0	329.0
-74.0	328.0
-90.0	327.0
-86.0	312.0
-87.0	325.0
-103.0	327.0
-84.0	334.0
-67.0	320.0
-75.0	304.0
-65.0	310.0
-68.0	294.0
-79.0	300.0
-94.0	297.0
-100.0	287.0
-104.0	297.0
-95.0	303.0
-102.0	316.0
-83.0	310.0
-99.0	324.0
-78.0	309.0
-69.0	288.0
-77.0	305.0
-59.0	294.0
-43.0	288.0
-31.0	282.0
-50.0	275.0
-37.0	286.0
-41.0	258.0
-60.0	268.0
-39.0	282.0
-68.0	282.0
-90.0	281.0
-92.0	273.0
-90.0	261.0
-90.0	276.0
-93.0	264.0
-92.0	247.0
-91.0	267.0
-92.0	288.0
-104.0	287.0
-114.0	290.0
-105.0	286.0
-108.0	297.0
-111.0	284.0
-109.0	301.0
-115.0	317.0
-101.0	286.0
-114.0	291.0
-88.0	294.0
-107.0	291.0
-128.0	284.0
-148.0	254.0
-151.0	279.0
-151.0	235.0
-148.0	199.0
-149.0	236.0
-193.0	233.0
-197.0	230.0
-193.0	231.0
;end of file
