290.0	511.0
290.0	513.0
290.0	515.0
288.0	514.0
286.0	512.0
284.0	512.0
283.0	509.0
280.0	508.0
278.0	506.0
276.0	504.0
274.0	503.0
272.0	505.0
270.0	503.0
272.0	502.0
270.0	500.0
270.0	502.0
271.0	500.0
270.0	498.0
269.0	501.0
267.0	500.0
269.0	499.0
266.0	499.0
268.0	497.0
268.0	501.0
269.0	504.0
270.0	507.0
268.0	503.0
265.0	502.0
267.0	503.0
270.0	505.0
275.0	505.0
276.0	503.0
273.0	500.0
272.0	506.0
275.0	508.0
276.0	506.0
279.0	507.0
281.0	510.0
278.0	511.0
280.0	512.0
279.0	509.0
280.0	506.0
276.0	510.0
274.0	508.0
271.0	506.0
272.0	501.0
267.0	498.0
265.0	501.0
262.0	502.0
263.0	499.0
263.0	495.0
265.0	497.0
263.0	494.0
262.0	491.0
259.0	489.0
261.0	491.0
258.0	488.0
259.0	491.0
259.0	495.0
265.0	496.0
264.0	501.0
264.0	496.0
269.0	500.0
274.0	504.0
269.0	506.0
274.0	510.0
275.0	506.0
277.0	511.0
280.0	509.0
276.0	507.0
279.0	513.0
275.0	511.0
279.0	515.0
273.0	514.0
282.0	517.0
279.0	512.0
285.0	511.0
287.0	509.0
290.0	510.0
288.0	512.0
287.0	514.0
287.0	511.0
285.0	513.0
289.0	512.0
287.0	510.0
291.0	511.0
292.0	513.0
294.0	514.0
292.0	516.0
293.0	518.0
294.0	515.0
295.0	512.0
292.0	512.0
295.0	511.0
296.0	514.0
296.0	510.0
298.0	513.0
302.0	512.0
303.0	509.0
304.0	512.0
306.0	510.0
307.0	508.0
308.0	510.0
308.0	507.0
310.0	509.0
311.0	506.0
309.0	507.0
312.0	507.0
312.0	504.0
311.0	502.0
310.0	505.0
313.0	505.0
315.0	507.0
319.0	507.0
322.0	508.0
321.0	505.0
316.0	507.0
321.0	508.0
325.0	510.0
329.0	511.0
334.0	512.0
330.0	509.0
335.0	512.0
340.0	508.0
344.0	508.0
341.0	507.0
345.0	510.0
347.0	507.0
351.0	507.0
352.0	509.0
349.0	507.0
345.0	508.0
349.0	510.0
353.0	507.0
353.0	504.0
353.0	501.0
353.0	506.0
352.0	504.0
356.0	502.0
357.0	505.0
354.0	505.0
357.0	503.0
354.0	504.0
358.0	506.0
359.0	501.0
362.0	502.0
359.0	503.0
362.0	501.0
363.0	498.0
366.0	499.0
365.0	497.0
367.0	496.0
367.0	498.0
366.0	496.0
369.0	496.0
367.0	497.0
367.0	500.0
364.0	502.0
360.0	503.0
364.0	498.0
361.0	501.0
357.0	506.0
361.0	511.0
364.0	512.0
366.0	510.0
368.0	508.0
365.0	510.0
362.0	512.0
365.0	511.0
369.0	508.0
372.0	506.0
374.0	507.0
371.0	508.0
367.0	509.0
371.0	505.0
368.0	509.0
374.0	505.0
372.0	508.0
377.0	504.0
378.0	501.0
382.0	500.0
384.0	497.0
385.0	500.0
387.0	496.0
390.0	497.0
386.0	497.0
390.0	495.0
393.0	493.0
392.0	491.0
394.0	489.0
397.0	490.0
398.0	494.0
398.0	488.0
402.0	486.0
406.0	485.0
409.0	482.0
408.0	479.0
410.0	480.0
411.0	477.0
410.0	474.0
409.0	476.0
409.0	473.0
411.0	471.0
412.0	469.0
415.0	469.0
415.0	465.0
418.0	466.0
419.0	469.0
419.0	466.0
416.0	467.0
420.0	466.0
423.0	467.0
424.0	469.0
421.0	467.0
423.0	464.0
422.0	461.0
425.0	460.0
427.0	461.0
426.0	463.0
425.0	466.0
422.0	468.0
419.0	471.0
416.0	473.0
417.0	475.0
417.0	472.0
421.0	471.0
423.0	465.0
419.0	464.0
418.0	460.0
420.0	463.0
423.0	460.0
420.0	459.0
424.0	459.0
426.0	456.0
424.0	455.0
426.0	454.0
424.0	454.0
427.0	454.0
429.0	452.0
428.0	449.0
431.0	446.0
430.0	444.0
433.0	445.0
432.0	443.0
430.0	442.0
430.0	445.0
428.0	442.0
432.0	439.0
435.0	439.0
437.0	441.0
435.0	443.0
433.0	443.0
432.0	441.0
435.0	441.0
436.0	438.0
437.0	435.0
438.0	437.0
438.0	434.0
439.0	432.0
442.0	432.0
440.0	434.0
443.0	434.0
444.0	431.0
446.0	429.0
445.0	426.0
447.0	424.0
448.0	422.0
450.0	420.0
449.0	418.0
450.0	416.0
449.0	413.0
446.0	412.0
450.0	409.0
452.0	411.0
454.0	408.0
456.0	406.0
454.0	407.0
452.0	405.0
454.0	404.0
451.0	404.0
454.0	402.0
452.0	400.0
456.0	401.0
457.0	403.0
458.0	401.0
456.0	403.0
458.0	405.0
457.0	402.0
456.0	399.0
459.0	400.0
461.0	402.0
461.0	405.0
463.0	403.0
463.0	407.0
460.0	408.0
462.0	410.0
459.0	411.0
457.0	411.0
458.0	413.0
458.0	415.0
458.0	412.0
458.0	414.0
460.0	412.0
457.0	412.0
460.0	413.0
458.0	410.0
461.0	409.0
462.0	405.0
460.0	401.0
462.0	399.0
462.0	397.0
461.0	395.0
459.0	393.0
461.0	394.0
463.0	392.0
462.0	389.0
463.0	387.0
461.0	386.0
459.0	387.0
457.0	386.0
459.0	384.0
461.0	382.0
463.0	381.0
461.0	379.0
463.0	380.0
464.0	377.0
461.0	376.0
462.0	374.0
464.0	375.0
462.0	378.0
463.0	375.0
463.0	371.0
462.0	373.0
465.0	371.0
466.0	373.0
462.0	370.0
464.0	373.0
460.0	372.0
463.0	369.0
466.0	372.0
467.0	367.0
470.0	366.0
467.0	366.0
467.0	362.0
468.0	360.0
470.0	359.0
469.0	361.0
471.0	360.0
468.0	358.0
465.0	358.0
463.0	360.0
466.0	356.0
465.0	360.0
465.0	356.0
464.0	352.0
466.0	349.0
463.0	348.0
461.0	350.0
464.0	351.0
462.0	348.0
459.0	349.0
464.0	348.0
468.0	348.0
465.0	346.0
469.0	347.0
468.0	344.0
468.0	340.0
468.0	337.0
467.0	335.0
466.0	337.0
468.0	339.0
469.0	342.0
466.0	340.0
463.0	337.0
466.0	336.0
464.0	334.0
464.0	331.0
467.0	331.0
469.0	330.0
471.0	329.0
469.0	327.0
470.0	325.0
472.0	324.0
475.0	323.0
472.0	323.0
469.0	325.0
468.0	328.0
470.0	330.0
473.0	330.0
476.0	328.0
478.0	331.0
478.0	334.0
479.0	336.0
476.0	334.0
474.0	336.0
476.0	337.0
477.0	340.0
479.0	341.0
475.0	339.0
477.0	341.0
474.0	338.0
477.0	336.0
477.0	332.0
481.0	332.0
484.0	330.0
482.0	327.0
485.0	332.0
481.0	328.0
476.0	327.0
471.0	327.0
475.0	327.0
475.0	322.0
475.0	319.0
473.0	320.0
477.0	318.0
475.0	316.0
476.0	318.0
477.0	315.0
475.0	317.0
476.0	321.0
472.0	325.0
475.0	329.0
472.0	333.0
470.0	335.0
468.0	334.0
471.0	335.0
469.0	333.0
472.0	332.0
475.0	334.0
472.0	337.0
472.0	341.0
469.0	343.0
464.0	346.0
463.0	351.0
468.0	352.0
469.0	356.0
470.0	351.0
473.0	350.0
468.0	347.0
469.0	352.0
464.0	353.0
461.0	348.0
468.0	349.0
462.0	346.0
470.0	344.0
475.0	340.0
471.0	339.0
475.0	337.0
477.0	333.0
472.0	334.0
471.0	330.0
467.0	329.0
465.0	331.0
465.0	328.0
465.0	325.0
465.0	321.0
466.0	319.0
464.0	322.0
461.0	322.0
464.0	323.0
465.0	319.0
462.0	317.0
464.0	316.0
463.0	319.0
465.0	317.0
463.0	321.0
461.0	318.0
461.0	320.0
460.0	318.0
458.0	318.0
460.0	316.0
459.0	318.0
459.0	321.0
462.0	318.0
464.0	315.0
461.0	311.0
461.0	308.0
463.0	308.0
460.0	307.0
462.0	306.0
460.0	305.0
462.0	305.0
462.0	307.0
459.0	306.0
457.0	304.0
455.0	303.0
458.0	304.0
461.0	304.0
462.0	302.0
460.0	301.0
459.0	299.0
459.0	301.0
460.0	303.0
461.0	306.0
458.0	305.0
455.0	306.0
459.0	304.0
463.0	304.0
459.0	300.0
457.0	301.0
460.0	299.0
461.0	296.0
459.0	298.0
459.0	295.0
457.0	293.0
456.0	291.0
459.0	291.0
458.0	289.0
457.0	286.0
458.0	288.0
456.0	285.0
454.0	283.0
457.0	283.0
459.0	284.0
456.0	286.0
453.0	288.0
452.0	290.0
455.0	292.0
453.0	295.0
453.0	298.0
449.0	299.0
453.0	293.0
457.0	291.0
460.0	293.0
458.0	292.0
459.0	289.0
463.0	287.0
460.0	292.0
462.0	295.0
458.0	296.0
455.0	297.0
458.0	300.0
455.0	296.0
459.0	293.0
460.0	297.0
457.0	302.0
463.0	303.0
458.0	298.0
455.0	293.0
461.0	292.0
453.0	290.0
453.0	297.0
455.0	305.0
460.0	310.0
459.0	314.0
461.0	315.0
459.0	313.0
458.0	316.0
455.0	317.0
460.0	317.0
463.0	314.0
460.0	319.0
457.0	323.0
453.0	329.0
456.0	328.0
459.0	331.0
456.0	332.0
458.0	334.0
460.0	335.0
462.0	337.0
458.0	335.0
455.0	334.0
456.0	337.0
453.0	333.0
451.0	330.0
454.0	335.0
453.0	330.0
456.0	335.0
456.0	330.0
460.0	331.0
464.0	329.0
468.0	331.0
465.0	333.0
464.0	337.0
459.0	335.0
465.0	336.0
471.0	336.0
467.0	338.0
473.0	338.0
469.0	334.0
469.0	328.0
471.0	332.0
471.0	325.0
475.0	320.0
476.0	314.0
477.0	310.0
480.0	313.0
482.0	310.0
480.0	308.0
479.0	311.0
483.0	308.0
482.0	312.0
477.0	316.0
481.0	310.0
481.0	304.0
481.0	301.0
480.0	303.0
484.0	301.0
486.0	303.0
485.0	306.0
481.0	308.0
483.0	302.0
482.0	299.0
485.0	299.0
485.0	296.0
482.0	295.0
483.0	297.0
480.0	297.0
483.0	295.0
481.0	293.0
482.0	296.0
483.0	292.0
487.0	293.0
486.0	295.0
484.0	292.0
484.0	296.0
487.0	299.0
489.0	301.0
488.0	299.0
489.0	302.0
486.0	301.0
490.0	301.0
489.0	297.0
492.0	295.0
488.0	295.0
487.0	291.0
488.0	294.0
492.0	291.0
490.0	293.0
489.0	289.0
492.0	290.0
490.0	288.0
493.0	289.0
491.0	290.0
493.0	287.0
491.0	289.0
488.0	291.0
490.0	286.0
494.0	288.0
496.0	289.0
494.0	290.0
497.0	287.0
498.0	284.0
500.0	285.0
502.0	283.0
504.0	282.0
502.0	280.0
504.0	281.0
501.0	282.0
499.0	283.0
497.0	282.0
497.0	279.0
498.0	282.0
499.0	284.0
500.0	281.0
497.0	281.0
498.0	277.0
499.0	274.0
498.0	276.0
501.0	275.0
500.0	277.0
497.0	277.0
499.0	281.0
501.0	278.0
503.0	275.0
503.0	278.0
506.0	280.0
503.0	279.0
507.0	279.0
507.0	276.0
510.0	278.0
509.0	280.0
510.0	276.0
509.0	279.0
512.0	275.0
515.0	273.0
518.0	274.0
516.0	275.0
519.0	275.0
515.0	275.0
511.0	275.0
515.0	277.0
518.0	272.0
514.0	277.0
517.0	272.0
509.0	276.0
505.0	281.0
500.0	279.0
500.0	274.0
501.0	276.0
499.0	273.0
502.0	272.0
502.0	274.0
503.0	271.0
501.0	273.0
498.0	275.0
502.0	269.0
503.0	266.0
506.0	267.0
504.0	265.0
503.0	268.0
501.0	272.0
505.0	266.0
509.0	266.0
507.0	265.0
509.0	263.0
510.0	265.0
507.0	266.0
509.0	269.0
505.0	265.0
509.0	262.0
509.0	259.0
508.0	257.0
506.0	256.0
505.0	258.0
508.0	260.0
508.0	256.0
509.0	258.0
505.0	257.0
506.0	253.0
507.0	256.0
508.0	253.0
507.0	249.0
508.0	247.0
506.0	246.0
507.0	248.0
506.0	245.0
508.0	242.0
509.0	239.0
506.0	239.0
509.0	237.0
506.0	236.0
509.0	233.0
508.0	230.0
507.0	227.0
508.0	231.0
508.0	235.0
508.0	240.0
508.0	245.0
507.0	241.0
507.0	235.0
507.0	229.0
507.0	222.0
508.0	219.0
507.0	223.0
507.0	216.0
508.0	222.0
507.0	230.0
508.0	221.0
507.0	231.0
507.0	219.0
508.0	207.0
509.0	204.0
507.0	205.0
509.0	203.0
506.0	203.0
509.0	205.0
507.0	200.0
508.0	204.0
507.0	211.0
509.0	201.0
507.0	195.0
510.0	190.0
506.0	186.0
508.0	191.0
507.0	197.0
508.0	205.0
507.0	193.0
507.0	203.0
506.0	188.0
506.0	179.0
506.0	176.0
507.0	179.0
510.0	178.0
508.0	183.0
506.0	177.0
505.0	172.0
507.0	176.0
504.0	169.0
505.0	165.0
505.0	168.0
506.0	164.0
506.0	161.0
503.0	161.0
506.0	162.0
503.0	162.0
504.0	166.0
507.0	171.0
504.0	164.0
506.0	159.0
510.0	159.0
505.0	163.0
510.0	164.0
503.0	158.0
504.0	154.0
503.0	157.0
499.0	155.0
503.0	151.0
502.0	149.0
504.0	148.0
502.0	147.0
502.0	144.0
502.0	142.0
502.0	145.0
504.0	143.0
504.0	147.0
503.0	144.0
502.0	148.0
505.0	150.0
503.0	154.0
500.0	157.0
504.0	150.0
509.0	152.0
507.0	161.0
502.0	153.0
501.0	145.0
502.0	151.0
503.0	143.0
502.0	136.0
502.0	133.0
500.0	131.0
499.0	128.0
497.0	126.0
499.0	127.0
496.0	125.0
496.0	122.0
499.0	122.0
495.0	121.0
493.0	117.0
496.0	119.0
500.0	121.0
494.0	121.0
498.0	125.0
498.0	130.0
501.0	133.0
500.0	136.0
501.0	132.0
498.0	127.0
500.0	134.0
497.0	127.0
501.0	135.0
498.0	126.0
494.0	116.0
490.0	112.0
491.0	115.0
491.0	110.0
492.0	113.0
490.0	108.0
490.0	111.0
487.0	109.0
487.0	106.0
486.0	104.0
484.0	102.0
482.0	99.0
486.0	98.0
481.0	96.0
477.0	94.0
476.0	90.0
479.0	92.0
475.0	89.0
473.0	86.0
476.0	87.0
478.0	90.0
475.0	85.0
475.0	88.0
474.0	83.0
471.0	82.0
472.0	80.0
470.0	79.0
470.0	77.0
468.0	78.0
466.0	77.0
469.0	78.0
468.0	76.0
471.0	78.0
473.0	81.0
475.0	84.0
471.0	81.0
467.0	78.0
471.0	80.0
474.0	85.0
477.0	92.0
479.0	84.0
470.0	78.0
475.0	83.0
467.0	75.0
470.0	80.0
462.0	73.0
465.0	74.0
461.0	70.0
459.0	69.0
462.0	71.0
459.0	68.0
457.0	64.0
452.0	65.0
449.0	64.0
450.0	60.0
447.0	59.0
445.0	58.0
447.0	60.0
448.0	58.0
444.0	58.0
443.0	56.0
441.0	57.0
439.0	56.0
439.0	53.0
435.0	53.0
431.0	52.0
428.0	51.0
427.0	47.0
431.0	50.0
427.0	50.0
422.0	45.0
418.0	41.0
419.0	44.0
423.0	46.0
419.0	40.0
415.0	39.0
413.0	38.0
412.0	37.0
409.0	36.0
406.0	36.0
405.0	34.0
407.0	36.0
404.0	33.0
402.0	29.0
398.0	32.0
396.0	31.0
397.0	29.0
398.0	31.0
401.0	32.0
405.0	35.0
409.0	34.0
412.0	38.0
411.0	41.0
414.0	38.0
415.0	40.0
418.0	42.0
415.0	38.0
411.0	34.0
414.0	39.0
410.0	44.0
416.0	39.0
409.0	43.0
406.0	35.0
413.0	37.0
403.0	38.0
397.0	31.0
396.0	28.0
396.0	32.0
394.0	27.0
390.0	26.0
388.0	25.0
391.0	28.0
387.0	28.0
392.0	27.0
397.0	30.0
390.0	28.0
383.0	27.0
381.0	24.0
384.0	25.0
389.0	25.0
384.0	19.0
388.0	26.0
395.0	30.0
383.0	24.0
377.0	24.0
377.0	22.0
373.0	22.0
371.0	24.0
373.0	24.0
371.0	22.0
368.0	23.0
366.0	22.0
364.0	24.0
362.0	21.0
359.0	23.0
363.0	22.0
360.0	21.0
365.0	23.0
369.0	23.0
372.0	23.0
371.0	26.0
375.0	24.0
372.0	24.0
376.0	22.0
379.0	26.0
382.0	24.0
376.0	23.0
371.0	23.0
366.0	23.0
369.0	27.0
363.0	24.0
357.0	21.0
351.0	22.0
346.0	22.0
341.0	23.0
340.0	20.0
337.0	24.0
334.0	23.0
332.0	25.0
330.0	24.0
327.0	23.0
330.0	25.0
334.0	25.0
338.0	24.0
334.0	24.0
328.0	24.0
324.0	25.0
327.0	26.0
330.0	23.0
336.0	25.0
341.0	24.0
348.0	23.0
342.0	24.0
333.0	24.0
341.0	25.0
351.0	23.0
344.0	21.0
332.0	23.0
324.0	26.0
320.0	25.0
318.0	27.0
320.0	28.0
318.0	25.0
314.0	26.0
312.0	29.0
313.0	26.0
311.0	29.0
308.0	30.0
307.0	27.0
311.0	26.0
307.0	28.0
309.0	31.0
310.0	26.0
306.0	30.0
309.0	28.0
304.0	31.0
307.0	29.0
301.0	30.0
303.0	31.0
300.0	32.0
303.0	30.0
298.0	31.0
293.0	32.0
290.0	31.0
290.0	33.0
291.0	30.0
294.0	30.0
289.0	31.0
285.0	32.0
290.0	30.0
291.0	35.0
292.0	26.0
300.0	30.0
291.0	32.0
282.0	32.0
277.0	35.0
274.0	36.0
271.0	35.0
275.0	35.0
271.0	36.0
267.0	39.0
265.0	38.0
263.0	38.0
266.0	38.0
268.0	36.0
265.0	39.0
262.0	38.0
260.0	42.0
257.0	43.0
255.0	44.0
253.0	46.0
256.0	46.0
256.0	43.0
259.0	43.0
256.0	42.0
261.0	41.0
258.0	45.0
254.0	48.0
251.0	49.0
253.0	49.0
250.0	48.0
253.0	48.0
249.0	48.0
246.0	49.0
250.0	50.0
251.0	47.0
248.0	52.0
244.0	53.0
248.0	53.0
252.0	50.0
256.0	44.0
250.0	41.0
260.0	43.0
266.0	39.0
269.0	35.0
265.0	40.0
258.0	44.0
266.0	36.0
275.0	36.0
269.0	38.0
262.0	43.0
249.0	51.0
243.0	52.0
241.0	57.0
236.0	60.0
233.0	62.0
233.0	65.0
232.0	62.0
230.0	66.0
229.0	69.0
228.0	72.0
224.0	73.0
223.0	76.0
222.0	78.0
221.0	75.0
224.0	75.0
225.0	71.0
230.0	68.0
226.0	72.0
221.0	76.0
218.0	77.0
220.0	79.0
218.0	78.0
217.0	80.0
219.0	79.0
219.0	76.0
223.0	74.0
218.0	79.0
221.0	78.0
218.0	82.0
219.0	78.0
215.0	80.0
213.0	84.0
210.0	85.0
208.0	88.0
209.0	91.0
205.0	89.0
207.0	91.0
208.0	87.0
204.0	88.0
204.0	93.0
201.0	93.0
203.0	94.0
203.0	91.0
205.0	90.0
202.0	93.0
201.0	96.0
199.0	99.0
196.0	99.0
198.0	98.0
195.0	98.0
193.0	101.0
194.0	104.0
191.0	105.0
193.0	105.0
192.0	102.0
191.0	106.0
191.0	103.0
189.0	107.0
186.0	108.0
190.0	108.0
186.0	109.0
187.0	112.0
184.0	112.0
187.0	111.0
184.0	110.0
188.0	112.0
185.0	109.0
183.0	115.0
185.0	112.0
182.0	117.0
183.0	121.0
183.0	118.0
180.0	121.0
181.0	124.0
182.0	122.0
180.0	125.0
182.0	123.0
181.0	127.0
180.0	130.0
179.0	128.0
179.0	125.0
178.0	129.0
180.0	131.0
180.0	128.0
179.0	124.0
183.0	119.0
178.0	116.0
186.0	113.0
192.0	117.0
181.0	116.0
180.0	127.0
178.0	132.0
180.0	129.0
177.0	133.0
176.0	136.0
177.0	132.0
177.0	137.0
181.0	135.0
176.0	133.0
182.0	130.0
178.0	139.0
176.0	143.0
177.0	146.0
178.0	143.0
178.0	147.0
178.0	144.0
177.0	148.0
181.0	151.0
179.0	149.0
181.0	153.0
182.0	155.0
180.0	153.0
178.0	150.0
182.0	154.0
184.0	157.0
185.0	160.0
185.0	157.0
189.0	156.0
191.0	160.0
189.0	161.0
191.0	162.0
190.0	164.0
192.0	163.0
190.0	166.0
191.0	164.0
192.0	161.0
191.0	165.0
190.0	168.0
189.0	171.0
190.0	173.0
188.0	174.0
190.0	175.0
188.0	172.0
186.0	174.0
187.0	176.0
184.0	176.0
185.0	173.0
185.0	170.0
185.0	167.0
187.0	166.0
189.0	167.0
186.0	169.0
184.0	166.0
186.0	165.0
184.0	165.0
184.0	168.0
187.0	165.0
184.0	164.0
188.0	165.0
185.0	165.0
189.0	165.0
189.0	169.0
185.0	169.0
186.0	164.0
190.0	162.0
186.0	163.0
189.0	160.0
185.0	159.0
184.0	155.0
187.0	159.0
185.0	155.0
181.0	150.0
180.0	143.0
177.0	136.0
178.0	128.0
177.0	141.0
179.0	131.0
183.0	117.0
190.0	106.0
195.0	102.0
190.0	104.0
192.0	111.0
196.0	101.0
198.0	96.0
200.0	93.0
203.0	90.0
209.0	89.0
203.0	89.0
209.0	86.0
215.0	82.0
215.0	86.0
215.0	92.0
204.0	92.0
209.0	87.0
217.0	81.0
212.0	86.0
203.0	93.0
198.0	99.0
191.0	99.0
187.0	108.0
182.0	120.0
199.0	107.0
201.0	95.0
195.0	106.0
200.0	94.0
190.0	105.0
179.0	123.0
178.0	148.0
183.0	153.0
186.0	162.0
190.0	167.0
196.0	168.0
199.0	166.0
197.0	164.0
196.0	166.0
197.0	169.0
195.0	172.0
200.0	171.0
200.0	167.0
197.0	165.0
197.0	168.0
197.0	163.0
201.0	161.0
198.0	164.0
199.0	168.0
196.0	164.0
190.0	160.0
183.0	167.0
184.0	175.0
186.0	178.0
184.0	180.0
186.0	183.0
188.0	181.0
187.0	178.0
185.0	181.0
183.0	184.0
187.0	185.0
190.0	183.0
188.0	188.0
184.0	186.0
185.0	190.0
188.0	189.0
185.0	185.0
184.0	190.0
186.0	193.0
183.0	193.0
187.0	191.0
187.0	196.0
185.0	199.0
185.0	196.0
184.0	200.0
187.0	198.0
185.0	194.0
187.0	200.0
186.0	205.0
187.0	202.0
187.0	206.0
187.0	210.0
189.0	208.0
191.0	211.0
192.0	214.0
191.0	216.0
194.0	216.0
193.0	218.0
196.0	219.0
196.0	216.0
195.0	219.0
198.0	221.0
196.0	218.0
195.0	222.0
193.0	217.0
191.0	213.0
188.0	212.0
188.0	209.0
190.0	213.0
187.0	211.0
192.0	212.0
196.0	213.0
199.0	215.0
194.0	214.0
199.0	214.0
198.0	219.0
192.0	216.0
186.0	213.0
189.0	205.0
188.0	211.0
196.0	209.0
199.0	206.0
202.0	208.0
203.0	206.0
204.0	209.0
204.0	206.0
207.0	207.0
203.0	207.0
206.0	205.0
207.0	202.0
209.0	203.0
209.0	201.0
208.0	203.0
208.0	200.0
207.0	203.0
207.0	200.0
211.0	198.0
213.0	200.0
212.0	202.0
213.0	199.0
216.0	197.0
215.0	200.0
218.0	197.0
221.0	197.0
219.0	198.0
222.0	197.0
220.0	196.0
222.0	198.0
220.0	200.0
223.0	198.0
224.0	201.0
226.0	201.0
227.0	199.0
227.0	197.0
225.0	199.0
227.0	198.0
229.0	200.0
230.0	198.0
228.0	196.0
231.0	198.0
230.0	201.0
228.0	198.0
231.0	195.0
236.0	194.0
239.0	192.0
239.0	189.0
238.0	187.0
241.0	188.0
242.0	190.0
242.0	193.0
240.0	189.0
241.0	192.0
238.0	189.0
235.0	190.0
235.0	194.0
237.0	190.0
240.0	192.0
236.0	193.0
241.0	193.0
236.0	190.0
237.0	196.0
236.0	202.0
238.0	203.0
237.0	206.0
235.0	204.0
234.0	206.0
234.0	209.0
236.0	206.0
236.0	209.0
238.0	205.0
235.0	208.0
233.0	203.0
237.0	203.0
233.0	202.0
230.0	199.0
235.0	201.0
232.0	205.0
227.0	204.0
224.0	206.0
228.0	204.0
228.0	199.0
226.0	203.0
223.0	200.0
220.0	201.0
224.0	202.0
227.0	200.0
222.0	201.0
220.0	197.0
223.0	195.0
221.0	193.0
223.0	193.0
222.0	195.0
225.0	193.0
220.0	194.0
222.0	192.0
221.0	195.0
223.0	199.0
229.0	197.0
235.0	202.0
237.0	208.0
235.0	196.0
236.0	205.0
225.0	201.0
217.0	196.0
222.0	194.0
224.0	200.0
220.0	192.0
213.0	197.0
214.0	202.0
209.0	200.0
211.0	203.0
208.0	202.0
207.0	206.0
212.0	204.0
207.0	201.0
212.0	200.0
209.0	205.0
204.0	200.0
211.0	202.0
203.0	208.0
198.0	205.0
197.0	210.0
202.0	210.0
196.0	208.0
196.0	214.0
189.0	214.0
197.0	211.0
200.0	204.0
209.0	204.0
216.0	196.0
223.0	191.0
221.0	204.0
233.0	209.0
237.0	193.0
240.0	187.0
236.0	188.0
242.0	183.0
241.0	186.0
242.0	189.0
244.0	185.0
244.0	182.0
247.0	184.0
245.0	184.0
244.0	187.0
247.0	189.0
244.0	186.0
240.0	184.0
245.0	188.0
250.0	187.0
246.0	187.0
248.0	183.0
250.0	182.0
252.0	183.0
252.0	180.0
255.0	180.0
258.0	180.0
256.0	179.0
254.0	177.0
254.0	180.0
257.0	181.0
259.0	182.0
257.0	183.0
255.0	185.0
252.0	185.0
249.0	183.0
250.0	181.0
251.0	184.0
255.0	184.0
256.0	180.0
255.0	177.0
259.0	180.0
260.0	183.0
262.0	182.0
263.0	185.0
266.0	185.0
269.0	185.0
273.0	185.0
270.0	184.0
271.0	181.0
274.0	184.0
276.0	182.0
279.0	181.0
281.0	179.0
283.0	177.0
284.0	175.0
282.0	176.0
283.0	173.0
282.0	175.0
285.0	177.0
286.0	179.0
288.0	177.0
286.0	178.0
288.0	180.0
291.0	180.0
288.0	181.0
291.0	181.0
287.0	180.0
284.0	179.0
282.0	182.0
281.0	184.0
283.0	183.0
282.0	180.0
279.0	178.0
280.0	181.0
283.0	180.0
280.0	183.0
276.0	183.0
280.0	184.0
284.0	182.0
285.0	178.0
289.0	177.0
289.0	174.0
291.0	172.0
289.0	171.0
287.0	171.0
288.0	169.0
290.0	171.0
289.0	169.0
287.0	172.0
285.0	173.0
286.0	171.0
284.0	173.0
284.0	176.0
288.0	175.0
286.0	173.0
288.0	171.0
292.0	171.0
293.0	168.0
290.0	170.0
288.0	173.0
286.0	176.0
284.0	172.0
280.0	174.0
279.0	179.0
275.0	179.0
273.0	183.0
274.0	187.0
280.0	189.0
287.0	189.0
289.0	187.0
290.0	189.0
289.0	191.0
291.0	192.0
293.0	190.0
292.0	188.0
290.0	187.0
292.0	189.0
294.0	188.0
296.0	189.0
294.0	190.0
295.0	187.0
293.0	188.0
292.0	191.0
296.0	191.0
296.0	195.0
296.0	188.0
299.0	189.0
301.0	190.0
298.0	189.0
301.0	187.0
298.0	187.0
301.0	189.0
297.0	188.0
300.0	191.0
305.0	188.0
302.0	186.0
299.0	185.0
301.0	182.0
298.0	182.0
297.0	185.0
293.0	186.0
291.0	190.0
287.0	191.0
290.0	193.0
291.0	188.0
294.0	186.0
288.0	187.0
287.0	184.0
290.0	185.0
287.0	183.0
289.0	179.0
292.0	176.0
290.0	173.0
286.0	172.0
292.0	173.0
290.0	177.0
288.0	182.0
288.0	188.0
288.0	193.0
283.0	196.0
290.0	191.0
287.0	186.0
281.0	186.0
287.0	188.0
282.0	192.0
285.0	200.0
283.0	185.0
278.0	179.0
276.0	184.0
277.0	178.0
280.0	172.0
275.0	167.0
276.0	164.0
267.0	164.0
263.0	163.0
264.0	160.0
261.0	160.0
261.0	157.0
259.0	155.0
261.0	153.0
264.0	155.0
261.0	154.0
264.0	157.0
261.0	155.0
257.0	156.0
256.0	159.0
259.0	159.0
255.0	159.0
256.0	156.0
260.0	157.0
258.0	160.0
255.0	156.0
250.0	158.0
256.0	160.0
262.0	162.0
265.0	165.0
263.0	162.0
265.0	167.0
261.0	159.0
266.0	158.0
266.0	152.0
263.0	156.0
267.0	152.0
258.0	155.0
250.0	159.0
262.0	155.0
264.0	164.0
274.0	165.0
265.0	168.0
270.0	179.0
266.0	184.0
262.0	183.0
264.0	186.0
268.0	186.0
272.0	183.0
265.0	185.0
260.0	186.0
262.0	188.0
265.0	186.0
266.0	191.0
272.0	186.0
280.0	182.0
281.0	173.0
277.0	166.0
278.0	177.0
287.0	175.0
289.0	182.0
297.0	181.0
297.0	186.0
303.0	188.0
306.0	185.0
303.0	185.0
306.0	184.0
303.0	183.0
300.0	184.0
301.0	179.0
305.0	181.0
303.0	181.0
306.0	182.0
309.0	181.0
312.0	178.0
316.0	176.0
315.0	173.0
318.0	175.0
319.0	173.0
318.0	171.0
318.0	173.0
320.0	171.0
320.0	169.0
318.0	168.0
319.0	170.0
320.0	168.0
319.0	166.0
321.0	167.0
318.0	166.0
318.0	169.0
316.0	167.0
315.0	169.0
317.0	170.0
314.0	169.0
315.0	167.0
312.0	168.0
311.0	170.0
310.0	168.0
308.0	167.0
308.0	169.0
306.0	167.0
307.0	165.0
308.0	168.0
308.0	165.0
306.0	168.0
306.0	172.0
303.0	172.0
306.0	173.0
308.0	175.0
305.0	175.0
308.0	176.0
311.0	174.0
311.0	171.0
308.0	172.0
307.0	168.0
304.0	171.0
307.0	166.0
312.0	166.0
315.0	168.0
312.0	167.0
310.0	170.0
309.0	167.0
311.0	172.0
307.0	174.0
303.0	174.0
302.0	180.0
305.0	183.0
306.0	187.0
307.0	181.0
311.0	177.0
316.0	175.0
319.0	172.0
322.0	171.0
319.0	171.0
318.0	167.0
316.0	170.0
313.0	174.0
312.0	169.0
310.0	163.0
313.0	170.0
318.0	165.0
318.0	162.0
321.0	164.0
317.0	163.0
317.0	167.0
321.0	170.0
324.0	174.0
325.0	176.0
324.0	179.0
324.0	181.0
322.0	179.0
324.0	180.0
322.0	178.0
322.0	175.0
322.0	172.0
324.0	176.0
327.0	177.0
329.0	176.0
331.0	177.0
328.0	177.0
331.0	178.0
329.0	180.0
330.0	182.0
332.0	183.0
330.0	181.0
332.0	182.0
335.0	182.0
333.0	184.0
331.0	187.0
329.0	185.0
331.0	183.0
332.0	180.0
335.0	181.0
336.0	179.0
335.0	178.0
337.0	180.0
335.0	179.0
332.0	177.0
328.0	178.0
327.0	181.0
329.0	184.0
329.0	188.0
327.0	189.0
329.0	187.0
331.0	190.0
331.0	193.0
330.0	195.0
330.0	192.0
331.0	195.0
332.0	192.0
332.0	195.0
327.0	196.0
325.0	198.0
325.0	194.0
325.0	196.0
326.0	193.0
327.0	191.0
324.0	190.0
322.0	190.0
320.0	191.0
318.0	189.0
319.0	192.0
323.0	190.0
325.0	191.0
323.0	189.0
325.0	190.0
324.0	193.0
324.0	189.0
321.0	190.0
320.0	186.0
319.0	189.0
322.0	185.0
324.0	184.0
322.0	187.0
320.0	185.0
321.0	189.0
324.0	185.0
328.0	187.0
324.0	186.0
329.0	186.0
325.0	188.0
330.0	189.0
334.0	188.0
336.0	186.0
336.0	189.0
332.0	189.0
330.0	193.0
326.0	194.0
330.0	194.0
333.0	190.0
338.0	187.0
338.0	182.0
338.0	185.0
334.0	184.0
334.0	179.0
330.0	178.0
325.0	178.0
325.0	174.0
320.0	173.0
317.0	178.0
321.0	181.0
318.0	179.0
323.0	179.0
327.0	176.0
328.0	170.0
335.0	171.0
340.0	173.0
341.0	177.0
342.0	175.0
344.0	173.0
344.0	177.0
344.0	174.0
348.0	175.0
349.0	173.0
350.0	170.0
350.0	174.0
347.0	174.0
346.0	178.0
349.0	175.0
353.0	178.0
352.0	183.0
354.0	186.0
357.0	186.0
358.0	184.0
356.0	183.0
355.0	181.0
358.0	183.0
355.0	183.0
353.0	186.0
350.0	188.0
353.0	188.0
355.0	189.0
356.0	191.0
353.0	190.0
351.0	188.0
354.0	189.0
351.0	191.0
348.0	189.0
354.0	192.0
355.0	187.0
358.0	185.0
361.0	184.0
358.0	182.0
361.0	180.0
361.0	177.0
363.0	176.0
365.0	177.0
362.0	177.0
363.0	174.0
362.0	172.0
359.0	170.0
361.0	173.0
360.0	169.0
355.0	170.0
351.0	170.0
352.0	175.0
358.0	175.0
359.0	180.0
363.0	178.0
362.0	175.0
366.0	175.0
362.0	176.0
365.0	179.0
368.0	179.0
370.0	178.0
368.0	177.0
371.0	179.0
373.0	178.0
371.0	180.0
369.0	182.0
372.0	184.0
375.0	183.0
376.0	181.0
377.0	179.0
378.0	181.0
376.0	183.0
378.0	185.0
380.0	187.0
383.0	187.0
385.0	185.0
384.0	183.0
382.0	184.0
380.0	186.0
383.0	188.0
386.0	186.0
385.0	184.0
386.0	182.0
384.0	180.0
382.0	182.0
384.0	185.0
385.0	182.0
388.0	183.0
386.0	180.0
389.0	181.0
388.0	184.0
384.0	182.0
388.0	179.0
385.0	178.0
388.0	175.0
387.0	173.0
387.0	169.0
392.0	174.0
394.0	177.0
396.0	179.0
397.0	181.0
400.0	182.0
396.0	181.0
394.0	179.0
391.0	179.0
389.0	177.0
389.0	174.0
386.0	175.0
389.0	171.0
391.0	177.0
393.0	179.0
392.0	176.0
396.0	178.0
394.0	182.0
397.0	180.0
398.0	175.0
402.0	169.0
405.0	168.0
408.0	168.0
407.0	170.0
409.0	169.0
406.0	167.0
406.0	171.0
409.0	170.0
405.0	169.0
402.0	168.0
407.0	168.0
404.0	165.0
404.0	171.0
410.0	171.0
402.0	167.0
407.0	171.0
415.0	172.0
419.0	180.0
418.0	183.0
418.0	186.0
417.0	190.0
419.0	188.0
421.0	191.0
420.0	188.0
417.0	191.0
416.0	193.0
416.0	190.0
415.0	193.0
413.0	195.0
409.0	195.0
407.0	196.0
407.0	198.0
409.0	197.0
407.0	195.0
406.0	197.0
408.0	196.0
411.0	197.0
407.0	197.0
410.0	198.0
406.0	199.0
410.0	199.0
406.0	201.0
406.0	205.0
409.0	207.0
406.0	206.0
409.0	202.0
407.0	205.0
411.0	207.0
406.0	204.0
405.0	199.0
406.0	194.0
405.0	192.0
404.0	194.0
404.0	197.0
408.0	201.0
414.0	199.0
420.0	201.0
423.0	203.0
426.0	204.0
428.0	205.0
427.0	203.0
428.0	206.0
425.0	208.0
427.0	207.0
424.0	206.0
424.0	209.0
425.0	212.0
426.0	210.0
423.0	211.0
423.0	208.0
423.0	212.0
426.0	214.0
427.0	212.0
427.0	215.0
425.0	214.0
423.0	216.0
424.0	219.0
422.0	217.0
426.0	218.0
425.0	216.0
426.0	219.0
426.0	216.0
426.0	212.0
422.0	212.0
421.0	207.0
416.0	208.0
408.0	207.0
416.0	203.0
410.0	205.0
404.0	196.0
405.0	191.0
403.0	189.0
404.0	192.0
407.0	194.0
411.0	192.0
414.0	191.0
417.0	193.0
414.0	195.0
413.0	190.0
409.0	194.0
413.0	191.0
407.0	192.0
402.0	191.0
407.0	190.0
412.0	190.0
419.0	191.0
422.0	193.0
424.0	196.0
422.0	199.0
421.0	201.0
423.0	198.0
421.0	196.0
424.0	198.0
421.0	197.0
424.0	200.0
422.0	202.0
425.0	200.0
424.0	204.0
426.0	201.0
425.0	206.0
424.0	201.0
422.0	205.0
426.0	200.0
420.0	199.0
420.0	192.0
423.0	195.0
420.0	189.0
420.0	182.0
416.0	180.0
419.0	185.0
416.0	192.0
421.0	200.0
427.0	206.0
426.0	199.0
425.0	209.0
430.0	205.0
427.0	214.0
430.0	217.0
431.0	220.0
428.0	223.0
425.0	225.0
426.0	227.0
425.0	224.0
427.0	226.0
423.0	227.0
420.0	227.0
421.0	225.0
419.0	225.0
417.0	225.0
415.0	226.0
418.0	224.0
416.0	225.0
418.0	222.0
421.0	224.0
419.0	224.0
421.0	222.0
424.0	222.0
422.0	224.0
420.0	225.0
423.0	225.0
426.0	226.0
428.0	230.0
428.0	234.0
428.0	237.0
428.0	235.0
426.0	237.0
424.0	237.0
426.0	238.0
428.0	238.0
426.0	239.0
425.0	237.0
427.0	235.0
429.0	237.0
431.0	238.0
432.0	240.0
434.0	239.0
433.0	242.0
431.0	242.0
433.0	241.0
433.0	238.0
430.0	237.0
427.0	237.0
424.0	238.0
425.0	234.0
427.0	231.0
423.0	231.0
420.0	230.0
418.0	231.0
420.0	229.0
419.0	231.0
418.0	229.0
418.0	232.0
420.0	235.0
418.0	234.0
418.0	230.0
420.0	233.0
421.0	230.0
422.0	234.0
419.0	236.0
418.0	240.0
419.0	235.0
419.0	240.0
423.0	243.0
427.0	242.0
429.0	241.0
428.0	239.0
429.0	242.0
428.0	245.0
430.0	246.0
432.0	245.0
430.0	243.0
427.0	241.0
430.0	238.0
428.0	242.0
429.0	246.0
431.0	244.0
435.0	244.0
433.0	245.0
430.0	245.0
434.0	244.0
435.0	247.0
438.0	249.0
440.0	250.0
440.0	253.0
438.0	254.0
436.0	255.0
434.0	253.0
437.0	255.0
435.0	257.0
438.0	255.0
440.0	257.0
440.0	260.0
440.0	263.0
443.0	265.0
441.0	267.0
444.0	264.0
447.0	265.0
445.0	264.0
448.0	262.0
446.0	263.0
448.0	260.0
450.0	262.0
449.0	259.0
448.0	263.0
451.0	265.0
454.0	267.0
450.0	267.0
452.0	270.0
449.0	269.0
446.0	268.0
447.0	270.0
446.0	272.0
446.0	275.0
449.0	274.0
447.0	275.0
448.0	272.0
450.0	273.0
450.0	270.0
447.0	272.0
445.0	269.0
445.0	266.0
441.0	264.0
444.0	268.0
443.0	273.0
446.0	271.0
442.0	273.0
444.0	269.0
449.0	266.0
453.0	269.0
453.0	265.0
455.0	271.0
453.0	270.0
455.0	273.0
457.0	272.0
454.0	272.0
451.0	274.0
454.0	276.0
453.0	278.0
451.0	276.0
450.0	280.0
454.0	277.0
456.0	275.0
457.0	277.0
455.0	279.0
453.0	281.0
450.0	281.0
445.0	280.0
451.0	279.0
451.0	284.0
454.0	280.0
456.0	277.0
458.0	274.0
455.0	276.0
453.0	273.0
449.0	271.0
447.0	266.0
444.0	271.0
442.0	276.0
448.0	273.0
451.0	267.0
444.0	267.0
448.0	261.0
444.0	259.0
445.0	256.0
442.0	256.0
443.0	259.0
441.0	256.0
437.0	257.0
440.0	255.0
442.0	258.0
446.0	258.0
449.0	262.0
444.0	255.0
443.0	252.0
446.0	253.0
445.0	257.0
444.0	252.0
439.0	252.0
439.0	248.0
438.0	245.0
437.0	247.0
436.0	244.0
439.0	245.0
435.0	243.0
439.0	244.0
434.0	241.0
431.0	236.0
427.0	240.0
427.0	245.0
427.0	248.0
426.0	250.0
429.0	250.0
426.0	248.0
425.0	250.0
427.0	247.0
425.0	249.0
428.0	247.0
429.0	251.0
433.0	253.0
436.0	257.0
433.0	254.0
438.0	253.0
435.0	249.0
439.0	251.0
435.0	252.0
435.0	258.0
440.0	261.0
434.0	262.0
439.0	254.0
439.0	260.0
438.0	252.0
432.0	252.0
438.0	247.0
433.0	243.0
426.0	243.0
421.0	244.0
417.0	247.0
416.0	250.0
416.0	247.0
418.0	246.0
421.0	243.0
416.0	246.0
413.0	244.0
414.0	248.0
412.0	246.0
413.0	249.0
411.0	251.0
414.0	250.0
411.0	248.0
415.0	248.0
418.0	251.0
419.0	256.0
420.0	259.0
419.0	261.0
418.0	258.0
421.0	258.0
416.0	259.0
416.0	262.0
414.0	263.0
417.0	264.0
416.0	261.0
413.0	260.0
412.0	257.0
412.0	255.0
410.0	255.0
412.0	254.0
414.0	256.0
413.0	258.0
413.0	255.0
416.0	255.0
417.0	259.0
415.0	263.0
414.0	259.0
416.0	263.0
419.0	259.0
416.0	264.0
419.0	260.0
413.0	257.0
416.0	257.0
411.0	256.0
408.0	256.0
406.0	258.0
403.0	257.0
403.0	254.0
402.0	257.0
405.0	257.0
408.0	258.0
412.0	259.0
410.0	254.0
407.0	253.0
406.0	255.0
409.0	256.0
409.0	252.0
406.0	253.0
408.0	250.0
405.0	249.0
402.0	251.0
400.0	255.0
398.0	255.0
400.0	254.0
403.0	255.0
399.0	254.0
396.0	254.0
393.0	254.0
393.0	252.0
391.0	250.0
391.0	254.0
394.0	254.0
397.0	254.0
393.0	255.0
389.0	253.0
390.0	255.0
387.0	253.0
385.0	254.0
387.0	255.0
384.0	255.0
385.0	257.0
383.0	260.0
383.0	263.0
382.0	265.0
379.0	263.0
378.0	265.0
379.0	262.0
382.0	263.0
379.0	264.0
374.0	264.0
370.0	263.0
368.0	262.0
369.0	260.0
366.0	260.0
366.0	257.0
368.0	259.0
367.0	256.0
364.0	254.0
366.0	252.0
364.0	250.0
367.0	252.0
368.0	249.0
370.0	248.0
372.0	251.0
369.0	252.0
372.0	253.0
371.0	256.0
368.0	257.0
369.0	261.0
367.0	263.0
365.0	261.0
366.0	259.0
365.0	263.0
362.0	263.0
361.0	265.0
364.0	264.0
367.0	264.0
367.0	260.0
363.0	261.0
364.0	256.0
361.0	255.0
363.0	255.0
360.0	255.0
362.0	254.0
359.0	253.0
359.0	256.0
359.0	252.0
355.0	252.0
354.0	255.0
352.0	256.0
350.0	254.0
348.0	252.0
349.0	250.0
347.0	254.0
349.0	255.0
351.0	257.0
347.0	257.0
350.0	257.0
348.0	254.0
349.0	257.0
349.0	253.0
352.0	255.0
356.0	254.0
353.0	257.0
347.0	256.0
344.0	257.0
341.0	256.0
338.0	256.0
341.0	257.0
338.0	255.0
334.0	256.0
337.0	257.0
341.0	258.0
343.0	254.0
340.0	255.0
345.0	256.0
347.0	253.0
345.0	257.0
339.0	255.0
333.0	254.0
329.0	255.0
332.0	255.0
328.0	255.0
325.0	255.0
324.0	257.0
322.0	258.0
321.0	261.0
324.0	262.0
323.0	259.0
323.0	256.0
327.0	257.0
329.0	259.0
330.0	261.0
332.0	261.0
333.0	259.0
331.0	261.0
329.0	262.0
328.0	264.0
330.0	266.0
332.0	268.0
334.0	265.0
333.0	263.0
330.0	264.0
328.0	262.0
328.0	265.0
332.0	267.0
335.0	265.0
337.0	267.0
339.0	268.0
341.0	266.0
342.0	268.0
339.0	267.0
341.0	265.0
344.0	265.0
342.0	267.0
345.0	266.0
345.0	269.0
349.0	268.0
352.0	266.0
349.0	266.0
352.0	267.0
348.0	267.0
352.0	265.0
356.0	266.0
354.0	263.0
359.0	265.0
354.0	265.0
348.0	264.0
353.0	265.0
346.0	266.0
342.0	269.0
340.0	265.0
336.0	264.0
338.0	267.0
342.0	266.0
338.0	269.0
343.0	268.0
336.0	268.0
340.0	266.0
334.0	264.0
331.0	266.0
330.0	262.0
331.0	259.0
328.0	259.0
331.0	260.0
330.0	257.0
328.0	260.0
324.0	260.0
322.0	263.0
326.0	265.0
331.0	267.0
337.0	266.0
343.0	264.0
344.0	255.0
352.0	253.0
358.0	252.0
362.0	255.0
363.0	251.0
367.0	251.0
370.0	253.0
374.0	253.0
372.0	250.0
376.0	249.0
379.0	249.0
380.0	252.0
381.0	250.0
380.0	253.0
382.0	255.0
384.0	253.0
383.0	255.0
380.0	256.0
383.0	254.0
385.0	251.0
382.0	252.0
380.0	255.0
376.0	253.0
373.0	250.0
369.0	250.0
364.0	251.0
369.0	249.0
371.0	255.0
371.0	260.0
368.0	264.0
371.0	261.0
375.0	265.0
369.0	263.0
367.0	257.0
373.0	257.0
379.0	254.0
377.0	250.0
379.0	247.0
378.0	252.0
378.0	247.0
376.0	252.0
379.0	257.0
381.0	263.0
377.0	264.0
380.0	270.0
379.0	278.0
381.0	280.0
381.0	278.0
378.0	279.0
381.0	279.0
380.0	281.0
379.0	279.0
382.0	281.0
380.0	279.0
379.0	283.0
383.0	283.0
380.0	283.0
382.0	280.0
386.0	282.0
386.0	280.0
388.0	282.0
386.0	281.0
383.0	280.0
387.0	282.0
389.0	280.0
390.0	283.0
391.0	286.0
388.0	287.0
392.0	288.0
395.0	287.0
393.0	289.0
395.0	291.0
398.0	291.0
400.0	289.0
399.0	287.0
398.0	289.0
400.0	290.0
397.0	291.0
394.0	290.0
396.0	287.0
397.0	284.0
397.0	288.0
394.0	288.0
398.0	287.0
395.0	289.0
397.0	293.0
397.0	297.0
398.0	294.0
397.0	290.0
393.0	288.0
389.0	292.0
389.0	295.0
391.0	294.0
388.0	294.0
388.0	291.0
392.0	289.0
387.0	292.0
383.0	290.0
382.0	288.0
380.0	289.0
381.0	292.0
380.0	290.0
382.0	287.0
381.0	290.0
385.0	290.0
387.0	286.0
384.0	289.0
382.0	293.0
380.0	295.0
381.0	293.0
379.0	297.0
381.0	298.0
379.0	300.0
379.0	298.0
380.0	296.0
379.0	299.0
378.0	297.0
376.0	300.0
374.0	301.0
376.0	299.0
377.0	302.0
378.0	300.0
376.0	301.0
379.0	301.0
375.0	301.0
376.0	304.0
372.0	304.0
370.0	303.0
372.0	305.0
369.0	305.0
366.0	304.0
363.0	302.0
361.0	300.0
358.0	300.0
356.0	298.0
359.0	301.0
357.0	298.0
360.0	302.0
364.0	302.0
364.0	299.0
366.0	295.0
366.0	290.0
367.0	288.0
367.0	285.0
366.0	281.0
369.0	280.0
365.0	280.0
362.0	284.0
358.0	282.0
357.0	279.0
354.0	279.0
352.0	281.0
355.0	281.0
354.0	278.0
357.0	280.0
354.0	283.0
354.0	287.0
353.0	284.0
351.0	287.0
347.0	287.0
346.0	285.0
344.0	283.0
342.0	281.0
340.0	283.0
338.0	283.0
341.0	284.0
340.0	286.0
343.0	287.0
342.0	285.0
343.0	282.0
345.0	280.0
349.0	282.0
346.0	281.0
349.0	278.0
351.0	276.0
350.0	279.0
353.0	277.0
353.0	272.0
352.0	279.0
348.0	280.0
350.0	284.0
350.0	288.0
345.0	288.0
343.0	285.0
341.0	288.0
337.0	288.0
337.0	284.0
338.0	288.0
341.0	291.0
345.0	287.0
349.0	285.0
353.0	283.0
351.0	279.0
347.0	284.0
342.0	283.0
345.0	281.0
346.0	286.0
340.0	287.0
343.0	291.0
347.0	285.0
350.0	292.0
352.0	287.0
356.0	290.0
354.0	293.0
356.0	291.0
355.0	287.0
360.0	287.0
362.0	281.0
368.0	281.0
373.0	281.0
372.0	279.0
374.0	283.0
377.0	281.0
379.0	284.0
375.0	281.0
380.0	282.0
385.0	285.0
389.0	285.0
387.0	281.0
390.0	282.0
386.0	283.0
390.0	281.0
396.0	283.0
401.0	288.0
399.0	285.0
404.0	281.0
394.0	284.0
387.0	280.0
382.0	286.0
388.0	284.0
388.0	293.0
382.0	291.0
383.0	284.0
376.0	280.0
371.0	287.0
368.0	291.0
366.0	293.0
367.0	289.0
365.0	291.0
369.0	293.0
367.0	287.0
368.0	282.0
369.0	288.0
371.0	281.0
369.0	289.0
374.0	282.0
363.0	280.0
355.0	284.0
355.0	291.0
355.0	285.0
355.0	292.0
361.0	293.0
356.0	297.0
354.0	291.0
345.0	286.0
339.0	282.0
335.0	284.0
338.0	290.0
341.0	283.0
341.0	292.0
343.0	281.0
336.0	286.0
351.0	278.0
359.0	280.0
350.0	277.0
359.0	281.0
366.0	291.0
372.0	282.0
383.0	289.0
389.0	296.0
392.0	299.0
391.0	302.0
395.0	301.0
394.0	298.0
398.0	299.0
401.0	301.0
401.0	297.0
402.0	294.0
402.0	292.0
401.0	294.0
401.0	291.0
399.0	288.0
397.0	294.0
403.0	293.0
402.0	296.0
401.0	300.0
398.0	303.0
393.0	302.0
392.0	306.0
389.0	306.0
390.0	308.0
388.0	306.0
390.0	307.0
393.0	308.0
395.0	303.0
392.0	298.0
396.0	296.0
390.0	296.0
388.0	303.0
385.0	306.0
387.0	308.0
384.0	308.0
382.0	306.0
379.0	307.0
381.0	309.0
382.0	311.0
379.0	309.0
376.0	310.0
378.0	308.0
375.0	309.0
371.0	311.0
373.0	314.0
376.0	312.0
371.0	312.0
368.0	314.0
372.0	313.0
367.0	313.0
371.0	315.0
375.0	311.0
380.0	309.0
376.0	308.0
373.0	303.0
369.0	303.0
373.0	302.0
378.0	302.0
380.0	298.0
377.0	301.0
382.0	305.0
383.0	309.0
386.0	308.0
384.0	311.0
380.0	308.0
385.0	310.0
386.0	305.0
389.0	303.0
385.0	307.0
380.0	306.0
386.0	309.0
391.0	308.0
388.0	304.0
390.0	310.0
381.0	311.0
375.0	303.0
376.0	309.0
371.0	303.0
370.0	310.0
371.0	304.0
370.0	312.0
370.0	304.0
373.0	312.0
364.0	304.0
360.0	299.0
355.0	295.0
365.0	290.0
367.0	302.0
369.0	291.0
360.0	301.0
356.0	311.0
360.0	315.0
356.0	313.0
363.0	315.0
356.0	314.0
366.0	315.0
363.0	304.0
366.0	314.0
361.0	302.0
353.0	294.0
364.0	282.0
378.0	283.0
391.0	284.0
391.0	297.0
397.0	302.0
391.0	304.0
395.0	298.0
398.0	305.0
405.0	300.0
407.0	298.0
405.0	299.0
405.0	296.0
406.0	294.0
403.0	292.0
406.0	295.0
408.0	299.0
406.0	301.0
407.0	297.0
403.0	296.0
400.0	300.0
401.0	293.0
403.0	300.0
407.0	296.0
402.0	298.0
403.0	291.0
408.0	300.0
396.0	303.0
407.0	301.0
398.0	286.0
384.0	285.0
392.0	295.0
404.0	294.0
388.0	305.0
382.0	295.0
383.0	305.0
380.0	294.0
388.0	280.0
387.0	265.0
384.0	264.0
387.0	266.0
391.0	265.0
391.0	263.0
389.0	264.0
392.0	265.0
392.0	262.0
389.0	262.0
385.0	263.0
389.0	265.0
386.0	261.0
386.0	266.0
393.0	265.0
396.0	265.0
398.0	265.0
396.0	266.0
394.0	267.0
398.0	266.0
398.0	263.0
401.0	265.0
403.0	266.0
405.0	264.0
407.0	265.0
406.0	264.0
407.0	266.0
408.0	268.0
406.0	266.0
406.0	263.0
402.0	264.0
399.0	265.0
399.0	268.0
395.0	267.0
392.0	264.0
395.0	266.0
400.0	265.0
397.0	266.0
400.0	262.0
399.0	267.0
402.0	263.0
396.0	263.0
390.0	264.0
395.0	260.0
395.0	265.0
402.0	268.0
407.0	270.0
410.0	272.0
413.0	271.0
416.0	270.0
419.0	270.0
421.0	268.0
418.0	271.0
420.0	269.0
420.0	273.0
418.0	270.0
418.0	266.0
420.0	270.0
419.0	275.0
414.0	273.0
417.0	270.0
419.0	274.0
416.0	268.0
411.0	268.0
408.0	266.0
404.0	265.0
407.0	268.0
410.0	271.0
414.0	270.0
409.0	269.0
412.0	272.0
415.0	267.0
411.0	272.0
405.0	269.0
412.0	268.0
419.0	264.0
411.0	258.0
409.0	253.0
412.0	251.0
407.0	251.0
411.0	249.0
414.0	245.0
419.0	239.0
423.0	233.0
418.0	233.0
422.0	228.0
424.0	224.0
420.0	223.0
419.0	227.0
415.0	227.0
419.0	222.0
417.0	227.0
422.0	223.0
424.0	227.0
428.0	231.0
423.0	228.0
427.0	232.0
425.0	238.0
429.0	233.0
424.0	236.0
427.0	228.0
419.0	228.0
424.0	221.0
428.0	217.0
430.0	221.0
434.0	224.0
442.0	228.0
447.0	230.0
443.0	227.0
446.0	232.0
433.0	234.0
434.0	243.0
429.0	248.0
424.0	246.0
429.0	249.0
423.0	251.0
416.0	254.0
414.0	246.0
413.0	254.0
407.0	250.0
411.0	255.0
406.0	249.0
404.0	257.0
406.0	251.0
400.0	256.0
407.0	257.0
408.0	265.0
407.0	255.0
407.0	264.0
399.0	256.0
392.0	254.0
388.0	252.0
384.0	251.0
381.0	254.0
376.0	251.0
368.0	251.0
361.0	252.0
355.0	253.0
363.0	254.0
365.0	262.0
371.0	263.0
368.0	255.0
364.0	263.0
364.0	269.0
358.0	264.0
362.0	256.0
354.0	253.0
344.0	253.0
334.0	255.0
334.0	261.0
335.0	266.0
331.0	258.0
332.0	263.0
333.0	257.0
326.0	256.0
330.0	256.0
324.0	255.0
327.0	260.0
325.0	257.0
330.0	259.0
335.0	264.0
324.0	261.0
329.0	263.0
325.0	256.0
331.0	249.0
322.0	260.0
328.0	257.0
333.0	268.0
320.0	263.0
322.0	268.0
316.0	262.0
324.0	259.0
323.0	270.0
336.0	285.0
356.0	282.0
341.0	282.0
358.0	279.0
362.0	265.0
358.0	255.0
347.0	252.0
345.0	265.0
343.0	253.0
358.0	263.0
361.0	254.0
373.0	248.0
383.0	250.0
389.0	251.0
384.0	249.0
377.0	248.0
372.0	258.0
382.0	260.0
377.0	263.0
368.0	266.0
366.0	250.0
376.0	263.0
366.0	270.0
349.0	265.0
362.0	264.0
346.0	254.0
324.0	249.0
319.0	266.0
339.0	284.0
322.0	265.0
351.0	268.0
340.0	292.0
357.0	312.0
356.0	295.0
361.0	316.0
380.0	300.0
391.0	309.0
408.0	298.0
420.0	278.0
408.0	270.0
417.0	275.0
424.0	263.0
424.0	250.0
422.0	259.0
434.0	260.0
442.0	251.0
440.0	244.0
445.0	253.0
439.0	247.0
447.0	252.0
450.0	263.0
457.0	271.0
450.0	272.0
456.0	276.0
457.0	281.0
457.0	284.0
455.0	281.0
453.0	286.0
458.0	284.0
456.0	279.0
458.0	273.0
462.0	282.0
457.0	275.0
459.0	286.0
452.0	288.0
443.0	287.0
445.0	276.0
456.0	274.0
444.0	276.0
455.0	283.0
454.0	273.0
452.0	287.0
451.0	298.0
461.0	300.0
459.0	308.0
457.0	303.0
451.0	299.0
462.0	304.0
462.0	294.0
455.0	282.0
459.0	294.0
452.0	307.0
458.0	315.0
453.0	314.0
461.0	314.0
458.0	309.0
459.0	315.0
456.0	308.0
462.0	321.0
463.0	329.0
462.0	335.0
467.0	330.0
466.0	323.0
459.0	319.0
455.0	330.0
463.0	323.0
473.0	322.0
479.0	329.0
481.0	334.0
483.0	327.0
475.0	325.0
466.0	326.0
458.0	333.0
468.0	336.0
476.0	341.0
481.0	333.0
477.0	343.0
478.0	333.0
470.0	341.0
469.0	350.0
476.0	345.0
470.0	357.0
464.0	358.0
462.0	353.0
471.0	351.0
467.0	361.0
463.0	359.0
469.0	363.0
468.0	367.0
470.0	370.0
471.0	366.0
467.0	370.0
462.0	369.0
460.0	375.0
459.0	379.0
462.0	376.0
458.0	372.0
466.0	371.0
471.0	367.0
468.0	361.0
470.0	367.0
472.0	359.0
463.0	353.0
468.0	363.0
459.0	369.0
469.0	367.0
463.0	379.0
461.0	383.0
464.0	381.0
460.0	384.0
463.0	386.0
461.0	384.0
462.0	388.0
459.0	388.0
457.0	390.0
455.0	391.0
454.0	394.0
457.0	394.0
455.0	393.0
458.0	393.0
458.0	396.0
456.0	397.0
455.0	400.0
457.0	396.0
456.0	393.0
459.0	391.0
462.0	390.0
462.0	387.0
458.0	387.0
459.0	382.0
463.0	384.0
460.0	379.0
457.0	388.0
454.0	392.0
458.0	389.0
462.0	392.0
463.0	388.0
457.0	387.0
464.0	388.0
460.0	394.0
457.0	392.0
459.0	397.0
456.0	396.0
453.0	400.0
458.0	398.0
454.0	395.0
460.0	399.0
459.0	396.0
461.0	392.0
459.0	386.0
462.0	394.0
464.0	389.0
463.0	399.0
459.0	399.0
462.0	395.0
456.0	391.0
449.0	399.0
450.0	405.0
453.0	407.0
450.0	407.0
454.0	405.0
451.0	407.0
454.0	411.0
456.0	408.0
452.0	408.0
450.0	412.0
450.0	408.0
450.0	414.0
447.0	416.0
448.0	419.0
449.0	417.0
446.0	419.0
449.0	419.0
449.0	423.0
446.0	425.0
443.0	426.0
443.0	429.0
441.0	426.0
440.0	430.0
443.0	427.0
443.0	431.0
445.0	434.0
445.0	438.0
440.0	436.0
441.0	433.0
439.0	437.0
437.0	434.0
435.0	433.0
438.0	435.0
434.0	435.0
436.0	440.0
433.0	442.0
436.0	441.0
435.0	445.0
431.0	448.0
434.0	451.0
431.0	453.0
430.0	456.0
433.0	457.0
432.0	459.0
431.0	461.0
428.0	461.0
425.0	462.0
424.0	458.0
423.0	455.0
427.0	455.0
430.0	455.0
427.0	457.0
431.0	457.0
432.0	461.0
431.0	458.0
429.0	461.0
429.0	465.0
429.0	462.0
433.0	461.0
436.0	463.0
435.0	457.0
437.0	456.0
436.0	454.0
438.0	455.0
436.0	457.0
438.0	454.0
440.0	452.0
443.0	451.0
445.0	449.0
442.0	449.0
441.0	453.0
443.0	450.0
446.0	447.0
446.0	453.0
448.0	456.0
450.0	457.0
449.0	459.0
449.0	457.0
447.0	455.0
449.0	458.0
447.0	460.0
448.0	463.0
451.0	463.0
452.0	465.0
449.0	466.0
451.0	468.0
449.0	471.0
453.0	472.0
452.0	475.0
455.0	477.0
454.0	475.0
455.0	478.0
456.0	475.0
453.0	474.0
450.0	471.0
451.0	466.0
450.0	469.0
449.0	464.0
449.0	467.0
447.0	462.0
450.0	464.0
450.0	460.0
451.0	462.0
448.0	460.0
449.0	456.0
449.0	460.0
450.0	455.0
451.0	451.0
447.0	448.0
448.0	454.0
451.0	459.0
455.0	464.0
450.0	472.0
458.0	474.0
457.0	478.0
457.0	481.0
460.0	482.0
463.0	482.0
461.0	481.0
460.0	479.0
463.0	480.0
462.0	482.0
465.0	483.0
463.0	481.0
465.0	478.0
462.0	479.0
465.0	477.0
467.0	480.0
466.0	477.0
465.0	481.0
461.0	479.0
458.0	483.0
458.0	479.0
459.0	483.0
460.0	487.0
457.0	484.0
460.0	488.0
454.0	489.0
462.0	485.0
466.0	483.0
468.0	477.0
470.0	474.0
472.0	473.0
471.0	471.0
471.0	474.0
472.0	471.0
474.0	467.0
471.0	472.0
467.0	475.0
466.0	471.0
470.0	476.0
471.0	470.0
470.0	475.0
462.0	477.0
456.0	476.0
452.0	477.0
454.0	483.0
455.0	476.0
459.0	473.0
451.0	473.0
454.0	482.0
461.0	477.0
468.0	478.0
463.0	484.0
469.0	478.0
459.0	474.0
458.0	484.0
458.0	475.0
450.0	466.0
446.0	454.0
441.0	457.0
437.0	453.0
434.0	453.0
430.0	451.0
433.0	447.0
434.0	452.0
439.0	453.0
443.0	453.0
448.0	450.0
454.0	450.0
451.0	461.0
439.0	455.0
439.0	450.0
436.0	455.0
432.0	458.0
435.0	453.0
435.0	459.0
429.0	464.0
424.0	460.0
425.0	455.0
428.0	460.0
423.0	457.0
419.0	462.0
414.0	465.0
418.0	462.0
413.0	467.0
410.0	471.0
412.0	468.0
410.0	473.0
406.0	473.0
407.0	477.0
408.0	474.0
407.0	478.0
406.0	481.0
403.0	483.0
407.0	484.0
410.0	479.0
414.0	478.0
410.0	476.0
415.0	475.0
412.0	479.0
416.0	475.0
422.0	478.0
421.0	470.0
418.0	463.0
422.0	456.0
431.0	452.0
438.0	452.0
430.0	450.0
425.0	456.0
427.0	465.0
433.0	458.0
425.0	453.0
434.0	460.0
441.0	452.0
449.0	455.0
447.0	446.0
443.0	437.0
446.0	432.0
451.0	429.0
445.0	430.0
440.0	428.0
442.0	434.0
439.0	429.0
445.0	425.0
441.0	425.0
435.0	425.0
444.0	422.0
445.0	419.0
446.0	422.0
446.0	418.0
450.0	421.0
445.0	421.0
445.0	416.0
440.0	419.0
450.0	419.0
449.0	424.0
447.0	418.0
445.0	424.0
446.0	431.0
444.0	439.0
448.0	431.0
438.0	433.0
434.0	438.0
430.0	440.0
434.0	444.0
439.0	440.0
436.0	434.0
430.0	439.0
429.0	447.0
439.0	448.0
441.0	438.0
432.0	440.0
441.0	437.0
444.0	448.0
435.0	458.0
433.0	444.0
446.0	448.0
436.0	436.0
443.0	420.0
453.0	415.0
456.0	418.0
457.0	413.0
459.0	409.0
455.0	408.0
451.0	406.0
457.0	404.0
462.0	401.0
459.0	405.0
461.0	410.0
462.0	415.0
459.0	412.0
463.0	415.0
457.0	416.0
462.0	414.0
456.0	411.0
457.0	405.0
461.0	399.0
459.0	406.0
463.0	398.0
451.0	394.0
463.0	397.0
448.0	400.0
452.0	410.0
455.0	403.0
446.0	400.0
450.0	415.0
447.0	423.0
456.0	416.0
451.0	421.0
447.0	413.0
451.0	427.0
460.0	424.0
459.0	422.0
460.0	426.0
460.0	423.0
462.0	427.0
462.0	430.0
462.0	428.0
463.0	431.0
463.0	429.0
464.0	432.0
462.0	434.0
461.0	437.0
462.0	432.0
465.0	435.0
465.0	440.0
465.0	437.0
468.0	440.0
466.0	442.0
466.0	438.0
468.0	442.0
471.0	443.0
474.0	445.0
476.0	448.0
478.0	451.0
475.0	448.0
475.0	444.0
470.0	445.0
469.0	441.0
470.0	446.0
474.0	449.0
472.0	452.0
476.0	454.0
475.0	452.0
476.0	456.0
476.0	459.0
477.0	455.0
475.0	451.0
476.0	457.0
476.0	463.0
475.0	455.0
474.0	446.0
467.0	442.0
473.0	447.0
466.0	440.0
463.0	432.0
460.0	428.0
463.0	424.0
463.0	430.0
461.0	424.0
464.0	430.0
459.0	423.0
463.0	417.0
454.0	415.0
461.0	425.0
464.0	436.0
462.0	422.0
450.0	429.0
452.0	412.0
463.0	404.0
446.0	403.0
462.0	417.0
442.0	406.0
462.0	429.0
463.0	410.0
467.0	440.0
476.0	458.0
472.0	466.0
470.0	473.0
465.0	485.0
467.0	469.0
455.0	462.0
473.0	466.0
464.0	482.0
474.0	464.0
470.0	443.0
450.0	452.0
464.0	434.0
475.0	460.0
456.0	478.0
448.0	461.0
427.0	453.0
435.0	442.0
427.0	466.0
417.0	474.0
409.0	474.0
405.0	478.0
409.0	480.0
415.0	477.0
408.0	481.0
401.0	481.0
398.0	481.0
396.0	480.0
399.0	480.0
397.0	480.0
397.0	483.0
394.0	484.0
392.0	483.0
391.0	481.0
392.0	485.0
391.0	487.0
388.0	488.0
386.0	490.0
384.0	488.0
384.0	492.0
386.0	489.0
389.0	487.0
389.0	484.0
385.0	484.0
382.0	483.0
384.0	482.0
382.0	482.0
380.0	484.0
381.0	481.0
384.0	480.0
383.0	483.0
380.0	485.0
380.0	489.0
380.0	492.0
382.0	491.0
379.0	490.0
379.0	493.0
378.0	491.0
380.0	493.0
381.0	495.0
379.0	492.0
382.0	494.0
384.0	490.0
380.0	487.0
377.0	490.0
377.0	487.0
375.0	491.0
374.0	493.0
372.0	492.0
374.0	491.0
375.0	493.0
378.0	493.0
374.0	494.0
373.0	491.0
375.0	488.0
378.0	492.0
383.0	492.0
379.0	489.0
383.0	493.0
378.0	496.0
372.0	495.0
369.0	495.0
371.0	492.0
368.0	495.0
365.0	499.0
369.0	494.0
372.0	490.0
374.0	496.0
379.0	494.0
375.0	489.0
371.0	495.0
365.0	498.0
373.0	493.0
379.0	485.0
384.0	483.0
387.0	480.0
391.0	485.0
388.0	487.0
386.0	483.0
381.0	485.0
378.0	481.0
385.0	488.0
392.0	487.0
395.0	484.0
392.0	484.0
396.0	482.0
400.0	481.0
399.0	477.0
399.0	482.0
403.0	484.0
409.0	481.0
416.0	476.0
410.0	469.0
406.0	476.0
399.0	479.0
394.0	482.0
395.0	488.0
393.0	492.0
396.0	491.0
391.0	493.0
390.0	496.0
390.0	491.0
394.0	492.0
394.0	486.0
388.0	489.0
389.0	496.0
395.0	494.0
394.0	485.0
401.0	487.0
398.0	479.0
391.0	484.0
383.0	481.0
396.0	483.0
405.0	485.0
414.0	488.0
402.0	477.0
411.0	470.0
419.0	470.0
427.0	463.0
413.0	466.0
405.0	475.0
414.0	464.0
423.0	480.0
417.0	458.0
401.0	479.0
392.0	492.0
385.0	498.0
391.0	495.0
383.0	501.0
378.0	504.0
374.0	504.0
380.0	508.0
381.0	502.0
385.0	496.0
375.0	495.0
379.0	486.0
383.0	499.0
387.0	489.0
401.0	488.0
383.0	482.0
398.0	489.0
381.0	503.0
370.0	497.0
373.0	506.0
365.0	512.0
359.0	514.0
359.0	512.0
359.0	516.0
356.0	518.0
358.0	515.0
355.0	517.0
351.0	518.0
352.0	520.0
349.0	521.0
345.0	519.0
350.0	520.0
354.0	518.0
357.0	514.0
363.0	512.0
358.0	504.0
360.0	512.0
353.0	518.0
358.0	514.0
354.0	506.0
361.0	500.0
360.0	514.0
352.0	507.0
356.0	516.0
347.0	519.0
341.0	520.0
338.0	521.0
341.0	522.0
335.0	522.0
332.0	521.0
335.0	521.0
339.0	522.0
334.0	521.0
329.0	521.0
326.0	522.0
324.0	524.0
327.0	522.0
323.0	523.0
319.0	522.0
315.0	521.0
314.0	519.0
311.0	520.0
308.0	522.0
312.0	524.0
312.0	521.0
315.0	519.0
311.0	522.0
311.0	527.0
311.0	523.0
310.0	528.0
312.0	525.0
314.0	520.0
310.0	516.0
305.0	514.0
305.0	517.0
304.0	520.0
302.0	523.0
298.0	523.0
298.0	526.0
295.0	526.0
296.0	524.0
295.0	527.0
292.0	526.0
290.0	525.0
291.0	527.0
290.0	524.0
292.0	523.0
289.0	524.0
290.0	521.0
290.0	518.0
292.0	515.0
290.0	512.0
291.0	516.0
289.0	513.0
293.0	511.0
290.0	514.0
289.0	519.0
288.0	523.0
292.0	521.0
294.0	525.0
297.0	523.0
299.0	526.0
294.0	527.0
299.0	524.0
302.0	519.0
299.0	522.0
304.0	521.0
307.0	515.0
308.0	511.0
305.0	509.0
307.0	511.0
306.0	507.0
308.0	504.0
309.0	501.0
306.0	499.0
310.0	499.0
308.0	503.0
309.0	508.0
304.0	507.0
300.0	504.0
301.0	502.0
303.0	501.0
300.0	503.0
302.0	500.0
298.0	503.0
296.0	506.0
299.0	507.0
301.0	503.0
296.0	504.0
297.0	499.0
305.0	498.0
309.0	502.0
306.0	497.0
309.0	503.0
307.0	509.0
303.0	513.0
300.0	515.0
297.0	518.0
303.0	518.0
305.0	512.0
300.0	513.0
296.0	509.0
299.0	513.0
294.0	517.0
292.0	510.0
291.0	517.0
296.0	513.0
303.0	515.0
304.0	509.0
311.0	505.0
304.0	508.0
303.0	500.0
296.0	503.0
302.0	510.0
300.0	502.0
306.0	494.0
308.0	488.0
310.0	486.0
308.0	484.0
308.0	480.0
308.0	477.0
309.0	476.0
307.0	477.0
305.0	478.0
308.0	478.0
308.0	476.0
309.0	479.0
305.0	479.0
308.0	479.0
309.0	475.0
304.0	473.0
301.0	469.0
299.0	469.0
300.0	470.0
302.0	469.0
303.0	471.0
301.0	467.0
298.0	468.0
301.0	471.0
302.0	467.0
298.0	469.0
303.0	466.0
309.0	477.0
304.0	479.0
303.0	482.0
303.0	484.0
303.0	481.0
303.0	483.0
301.0	481.0
302.0	483.0
304.0	485.0
302.0	482.0
300.0	484.0
297.0	483.0
294.0	483.0
293.0	485.0
290.0	486.0
294.0	482.0
296.0	484.0
298.0	481.0
299.0	483.0
302.0	485.0
306.0	486.0
310.0	487.0
307.0	487.0
311.0	486.0
308.0	487.0
303.0	487.0
307.0	490.0
302.0	487.0
299.0	482.0
298.0	479.0
295.0	478.0
299.0	479.0
303.0	479.0
300.0	483.0
298.0	478.0
293.0	479.0
291.0	476.0
295.0	473.0
290.0	477.0
293.0	482.0
296.0	479.0
293.0	483.0
292.0	478.0
291.0	486.0
301.0	489.0
300.0	481.0
307.0	478.0
300.0	480.0
310.0	478.0
315.0	474.0
315.0	477.0
315.0	473.0
318.0	475.0
320.0	477.0
322.0	479.0
320.0	481.0
319.0	484.0
318.0	481.0
316.0	484.0
314.0	486.0
315.0	483.0
312.0	485.0
316.0	483.0
321.0	483.0
322.0	478.0
325.0	479.0
325.0	474.0
325.0	470.0
323.0	473.0
322.0	470.0
325.0	469.0
324.0	465.0
322.0	466.0
323.0	464.0
322.0	469.0
324.0	466.0
324.0	472.0
319.0	472.0
317.0	474.0
315.0	475.0
319.0	474.0
316.0	473.0
314.0	478.0
318.0	473.0
314.0	475.0
322.0	475.0
321.0	479.0
325.0	481.0
318.0	485.0
311.0	487.0
311.0	479.0
319.0	475.0
324.0	475.0
320.0	471.0
322.0	465.0
319.0	473.0
320.0	480.0
321.0	471.0
323.0	478.0
323.0	467.0
328.0	453.0
330.0	450.0
329.0	452.0
332.0	450.0
331.0	447.0
330.0	445.0
330.0	443.0
332.0	443.0
330.0	442.0
328.0	444.0
327.0	446.0
326.0	449.0
328.0	446.0
331.0	446.0
330.0	444.0
332.0	442.0
333.0	439.0
335.0	437.0
334.0	439.0
336.0	437.0
338.0	439.0
339.0	441.0
340.0	443.0
340.0	440.0
341.0	438.0
339.0	438.0
336.0	439.0
339.0	439.0
339.0	442.0
336.0	442.0
338.0	443.0
335.0	442.0
333.0	444.0
331.0	445.0
329.0	443.0
329.0	447.0
333.0	447.0
333.0	443.0
336.0	443.0
339.0	443.0
342.0	440.0
341.0	437.0
339.0	440.0
338.0	444.0
337.0	439.0
335.0	443.0
331.0	444.0
336.0	444.0
334.0	449.0
329.0	446.0
331.0	450.0
326.0	450.0
330.0	452.0
334.0	445.0
328.0	448.0
329.0	453.0
326.0	444.0
323.0	447.0
324.0	444.0
321.0	446.0
322.0	444.0
321.0	447.0
319.0	449.0
318.0	451.0
315.0	451.0
317.0	450.0
315.0	449.0
317.0	447.0
319.0	447.0
318.0	445.0
318.0	447.0
317.0	445.0
315.0	443.0
317.0	441.0
319.0	439.0
316.0	439.0
318.0	437.0
318.0	441.0
317.0	438.0
314.0	441.0
315.0	438.0
314.0	442.0
317.0	444.0
320.0	446.0
318.0	443.0
316.0	447.0
315.0	450.0
318.0	450.0
315.0	448.0
317.0	452.0
314.0	450.0
319.0	450.0
317.0	454.0
317.0	446.0
315.0	442.0
311.0	444.0
308.0	443.0
306.0	444.0
304.0	446.0
306.0	443.0
304.0	445.0
303.0	441.0
301.0	438.0
297.0	439.0
300.0	438.0
300.0	442.0
298.0	445.0
298.0	447.0
299.0	444.0
296.0	444.0
295.0	446.0
298.0	446.0
295.0	445.0
297.0	443.0
297.0	446.0
296.0	442.0
295.0	438.0
294.0	435.0
292.0	438.0
289.0	438.0
289.0	435.0
291.0	438.0
293.0	435.0
297.0	437.0
301.0	441.0
306.0	441.0
307.0	444.0
306.0	440.0
310.0	439.0
309.0	441.0
308.0	444.0
308.0	439.0
310.0	443.0
311.0	439.0
314.0	437.0
313.0	442.0
307.0	441.0
311.0	437.0
312.0	443.0
305.0	443.0
302.0	449.0
299.0	445.0
297.0	440.0
292.0	442.0
291.0	445.0
294.0	443.0
289.0	443.0
286.0	441.0
284.0	440.0
281.0	440.0
284.0	439.0
285.0	442.0
288.0	442.0
285.0	441.0
287.0	438.0
283.0	437.0
280.0	437.0
278.0	439.0
275.0	437.0
277.0	435.0
274.0	437.0
272.0	435.0
270.0	434.0
271.0	436.0
271.0	434.0
269.0	436.0
270.0	437.0
268.0	436.0
266.0	435.0
269.0	434.0
269.0	437.0
272.0	436.0
269.0	438.0
273.0	437.0
276.0	440.0
275.0	435.0
277.0	439.0
279.0	435.0
281.0	438.0
282.0	442.0
287.0	441.0
291.0	443.0
291.0	437.0
289.0	442.0
284.0	443.0
282.0	438.0
287.0	439.0
292.0	437.0
299.0	440.0
293.0	445.0
290.0	437.0
282.0	436.0
277.0	434.0
270.0	435.0
265.0	433.0
268.0	435.0
262.0	435.0
268.0	434.0
276.0	436.0
281.0	441.0
285.0	436.0
287.0	444.0
296.0	447.0
301.0	451.0
292.0	445.0
302.0	446.0
309.0	439.0
318.0	438.0
319.0	444.0
316.0	448.0
322.0	447.0
326.0	452.0
323.0	443.0
325.0	439.0
328.0	438.0
324.0	439.0
327.0	442.0
330.0	437.0
328.0	433.0
331.0	439.0
335.0	441.0
340.0	437.0
335.0	439.0
342.0	439.0
340.0	435.0
347.0	436.0
348.0	433.0
352.0	434.0
353.0	436.0
355.0	436.0
353.0	438.0
351.0	440.0
353.0	437.0
353.0	434.0
350.0	434.0
350.0	437.0
352.0	436.0
353.0	433.0
350.0	436.0
352.0	433.0
348.0	436.0
347.0	441.0
350.0	439.0
354.0	436.0
356.0	433.0
359.0	433.0
361.0	435.0
362.0	433.0
362.0	436.0
364.0	435.0
361.0	434.0
358.0	434.0
360.0	437.0
362.0	435.0
359.0	434.0
363.0	435.0
360.0	438.0
358.0	435.0
358.0	439.0
356.0	435.0
361.0	437.0
356.0	437.0
358.0	432.0
354.0	438.0
361.0	438.0
351.0	438.0
345.0	439.0
349.0	441.0
343.0	438.0
349.0	437.0
344.0	442.0
348.0	434.0
344.0	444.0
334.0	437.0
326.0	436.0
332.0	438.0
323.0	437.0
315.0	436.0
325.0	434.0
331.0	443.0
322.0	439.0
312.0	442.0
308.0	433.0
303.0	449.0
315.0	453.0
301.0	450.0
294.0	436.0
300.0	448.0
284.0	444.0
280.0	433.0
270.0	436.0
262.0	433.0
278.0	436.0
290.0	435.0
273.0	436.0
259.0	435.0
242.0	431.0
239.0	428.0
243.0	430.0
235.0	431.0
234.0	422.0
234.0	417.0
236.0	421.0
239.0	418.0
233.0	418.0
238.0	428.0
236.0	419.0
240.0	430.0
236.0	418.0
241.0	432.0
234.0	416.0
225.0	394.0
222.0	389.0
225.0	389.0
224.0	393.0
222.0	388.0
221.0	385.0
219.0	387.0
222.0	383.0
224.0	384.0
221.0	383.0
224.0	383.0
220.0	382.0
223.0	383.0
221.0	380.0
218.0	381.0
223.0	380.0
220.0	384.0
224.0	387.0
220.0	390.0
225.0	395.0
224.0	385.0
220.0	379.0
223.0	382.0
220.0	376.0
218.0	374.0
221.0	375.0
219.0	372.0
219.0	369.0
220.0	373.0
218.0	369.0
219.0	364.0
217.0	369.0
221.0	374.0
219.0	379.0
220.0	371.0
216.0	363.0
218.0	367.0
216.0	359.0
215.0	356.0
215.0	359.0
217.0	356.0
217.0	360.0
215.0	354.0
214.0	350.0
214.0	353.0
214.0	348.0
214.0	351.0
216.0	355.0
212.0	349.0
213.0	346.0
212.0	343.0
215.0	341.0
213.0	337.0
210.0	340.0
213.0	338.0
209.0	339.0
212.0	344.0
212.0	340.0
212.0	347.0
212.0	342.0
211.0	336.0
211.0	349.0
210.0	339.0
214.0	356.0
213.0	347.0
217.0	359.0
219.0	373.0
224.0	359.0
215.0	344.0
226.0	328.0
225.0	318.0
227.0	320.0
225.0	317.0
227.0	315.0
227.0	318.0
229.0	321.0
232.0	319.0
234.0	320.0
231.0	319.0
233.0	317.0
235.0	319.0
234.0	315.0
231.0	316.0
228.0	318.0
231.0	320.0
232.0	316.0
233.0	320.0
238.0	318.0
234.0	314.0
239.0	317.0
242.0	311.0
245.0	309.0
248.0	311.0
245.0	312.0
250.0	311.0
245.0	310.0
251.0	310.0
253.0	306.0
256.0	305.0
258.0	302.0
260.0	299.0
259.0	297.0
258.0	300.0
260.0	297.0
260.0	293.0
258.0	292.0
261.0	291.0
263.0	293.0
262.0	291.0
264.0	293.0
265.0	295.0
265.0	298.0
264.0	295.0
260.0	295.0
258.0	298.0
259.0	303.0
256.0	307.0
251.0	311.0
256.0	306.0
260.0	301.0
266.0	299.0
268.0	296.0
269.0	294.0
270.0	292.0
271.0	294.0
273.0	295.0
271.0	293.0
269.0	291.0
267.0	293.0
268.0	290.0
265.0	290.0
268.0	288.0
270.0	291.0
273.0	290.0
275.0	290.0
274.0	292.0
272.0	291.0
272.0	294.0
269.0	295.0
270.0	298.0
272.0	296.0
275.0	294.0
275.0	291.0
277.0	293.0
277.0	297.0
275.0	300.0
273.0	301.0
273.0	304.0
271.0	304.0
275.0	304.0
277.0	305.0
279.0	303.0
277.0	306.0
278.0	308.0
280.0	307.0
276.0	306.0
274.0	304.0
276.0	302.0
278.0	305.0
277.0	309.0
277.0	307.0
274.0	308.0
272.0	306.0
271.0	309.0
274.0	307.0
274.0	310.0
272.0	312.0
274.0	311.0
271.0	311.0
272.0	308.0
273.0	312.0
276.0	311.0
276.0	308.0
273.0	305.0
275.0	301.0
275.0	298.0
277.0	301.0
277.0	296.0
274.0	291.0
275.0	288.0
273.0	291.0
270.0	290.0
270.0	286.0
269.0	283.0
267.0	282.0
267.0	284.0
270.0	283.0
273.0	285.0
270.0	287.0
266.0	285.0
269.0	282.0
269.0	279.0
268.0	283.0
267.0	280.0
265.0	283.0
267.0	279.0
262.0	278.0
256.0	276.0
254.0	275.0
255.0	277.0
252.0	276.0
255.0	274.0
254.0	272.0
252.0	270.0
254.0	269.0
256.0	270.0
253.0	270.0
252.0	267.0
251.0	265.0
248.0	266.0
249.0	269.0
252.0	269.0
253.0	266.0
250.0	263.0
254.0	267.0
258.0	268.0
254.0	270.0
257.0	268.0
258.0	273.0
257.0	270.0
254.0	273.0
257.0	274.0
254.0	276.0
256.0	272.0
258.0	276.0
253.0	275.0
249.0	273.0
248.0	271.0
246.0	273.0
248.0	274.0
250.0	272.0
249.0	275.0
245.0	274.0
244.0	272.0
241.0	274.0
236.0	274.0
234.0	276.0
232.0	274.0
234.0	275.0
231.0	274.0
230.0	272.0
232.0	275.0
236.0	275.0
231.0	273.0
235.0	274.0
230.0	274.0
226.0	275.0
224.0	273.0
223.0	275.0
222.0	272.0
224.0	274.0
221.0	273.0
220.0	271.0
217.0	272.0
217.0	275.0
218.0	272.0
216.0	275.0
213.0	274.0
211.0	274.0
209.0	275.0
207.0	273.0
205.0	273.0
206.0	272.0
205.0	274.0
203.0	275.0
206.0	273.0
204.0	274.0
204.0	271.0
203.0	273.0
201.0	271.0
205.0	271.0
204.0	268.0
206.0	270.0
204.0	272.0
203.0	268.0
207.0	269.0
205.0	272.0
209.0	273.0
211.0	276.0
212.0	273.0
215.0	274.0
212.0	274.0
208.0	274.0
213.0	273.0
217.0	271.0
213.0	275.0
219.0	273.0
224.0	275.0
221.0	272.0
227.0	274.0
233.0	275.0
239.0	273.0
246.0	274.0
243.0	272.0
238.0	272.0
247.0	273.0
248.0	269.0
252.0	266.0
247.0	268.0
247.0	263.0
242.0	261.0
240.0	260.0
242.0	263.0
244.0	260.0
240.0	263.0
242.0	260.0
236.0	261.0
241.0	262.0
247.0	264.0
254.0	266.0
247.0	270.0
253.0	271.0
259.0	272.0
251.0	275.0
245.0	272.0
250.0	264.0
246.0	275.0
241.0	283.0
244.0	285.0
247.0	286.0
250.0	286.0
253.0	287.0
254.0	285.0
255.0	287.0
257.0	287.0
255.0	285.0
254.0	288.0
253.0	285.0
248.0	286.0
243.0	286.0
240.0	284.0
236.0	284.0
232.0	284.0
232.0	289.0
232.0	292.0
234.0	293.0
235.0	295.0
234.0	292.0
232.0	291.0
232.0	294.0
229.0	292.0
232.0	290.0
231.0	286.0
233.0	290.0
234.0	286.0
234.0	290.0
237.0	286.0
233.0	284.0
227.0	287.0
224.0	289.0
226.0	287.0
223.0	288.0
223.0	286.0
226.0	286.0
221.0	288.0
224.0	288.0
226.0	292.0
224.0	295.0
227.0	294.0
223.0	297.0
224.0	299.0
225.0	296.0
225.0	292.0
223.0	287.0
228.0	285.0
228.0	293.0
234.0	294.0
234.0	298.0
235.0	300.0
233.0	297.0
232.0	300.0
233.0	303.0
236.0	305.0
237.0	307.0
239.0	308.0
236.0	307.0
239.0	309.0
235.0	306.0
234.0	302.0
237.0	306.0
243.0	310.0
246.0	305.0
248.0	299.0
249.0	296.0
247.0	297.0
246.0	295.0
248.0	294.0
245.0	296.0
249.0	295.0
245.0	295.0
239.0	295.0
246.0	297.0
252.0	300.0
247.0	295.0
247.0	285.0
252.0	286.0
257.0	289.0
260.0	288.0
263.0	290.0
265.0	293.0
269.0	292.0
272.0	288.0
275.0	293.0
273.0	298.0
270.0	300.0
266.0	300.0
270.0	296.0
266.0	298.0
271.0	298.0
274.0	301.0
275.0	295.0
274.0	288.0
275.0	283.0
270.0	281.0
274.0	287.0
274.0	281.0
274.0	289.0
270.0	295.0
274.0	299.0
268.0	297.0
272.0	303.0
277.0	308.0
276.0	313.0
273.0	315.0
271.0	316.0
270.0	318.0
272.0	319.0
274.0	320.0
272.0	322.0
271.0	324.0
272.0	321.0
275.0	320.0
272.0	317.0
272.0	314.0
270.0	311.0
272.0	316.0
273.0	313.0
275.0	309.0
276.0	303.0
276.0	294.0
268.0	299.0
260.0	300.0
267.0	298.0
259.0	301.0
255.0	308.0
247.0	309.0
255.0	306.0
248.0	298.0
249.0	309.0
249.0	298.0
257.0	306.0
244.0	309.0
250.0	302.0
238.0	307.0
237.0	315.0
238.0	308.0
234.0	299.0
235.0	294.0
231.0	290.0
232.0	297.0
235.0	291.0
240.0	286.0
235.0	289.0
243.0	285.0
237.0	285.0
248.0	285.0
254.0	280.0
258.0	274.0
249.0	272.0
241.0	263.0
233.0	260.0
229.0	261.0
226.0	263.0
222.0	260.0
218.0	259.0
221.0	257.0
225.0	261.0
230.0	260.0
225.0	259.0
231.0	259.0
237.0	262.0
228.0	261.0
235.0	259.0
222.0	258.0
216.0	262.0
214.0	261.0
212.0	262.0
211.0	260.0
213.0	262.0
210.0	261.0
210.0	264.0
207.0	263.0
206.0	260.0
209.0	259.0
205.0	260.0
204.0	263.0
207.0	261.0
208.0	265.0
210.0	268.0
212.0	265.0
215.0	263.0
217.0	260.0
214.0	263.0
212.0	259.0
216.0	263.0
221.0	261.0
212.0	261.0
210.0	266.0
206.0	265.0
208.0	269.0
204.0	267.0
209.0	266.0
203.0	266.0
204.0	261.0
200.0	261.0
202.0	258.0
200.0	255.0
199.0	258.0
201.0	254.0
199.0	257.0
202.0	253.0
198.0	252.0
200.0	249.0
199.0	246.0
197.0	246.0
196.0	244.0
196.0	241.0
200.0	243.0
200.0	246.0
201.0	243.0
197.0	244.0
197.0	247.0
197.0	243.0
201.0	246.0
199.0	250.0
198.0	246.0
198.0	251.0
199.0	245.0
205.0	247.0
198.0	245.0
205.0	249.0
196.0	248.0
200.0	241.0
205.0	253.0
208.0	259.0
213.0	264.0
218.0	258.0
211.0	268.0
207.0	274.0
213.0	276.0
220.0	272.0
227.0	275.0
236.0	273.0
235.0	261.0
228.0	273.0
227.0	259.0
226.0	273.0
216.0	264.0
205.0	264.0
210.0	259.0
206.0	268.0
203.0	261.0
201.0	253.0
199.0	260.0
201.0	250.0
192.0	245.0
198.0	222.0
195.0	209.0
187.0	208.0
187.0	199.0
188.0	207.0
200.0	206.0
199.0	219.0
205.0	207.0
192.0	215.0
187.0	201.0
197.0	207.0
209.0	199.0
222.0	207.0
237.0	202.0
246.0	186.0
243.0	181.0
248.0	181.0
249.0	178.0
253.0	177.0
254.0	182.0
258.0	181.0
257.0	185.0
254.0	186.0
251.0	181.0
247.0	183.0
243.0	179.0
247.0	175.0
252.0	179.0
249.0	184.0
256.0	183.0
260.0	180.0
259.0	186.0
256.0	185.0
260.0	182.0
263.0	187.0
259.0	189.0
260.0	181.0
259.0	187.0
266.0	182.0
260.0	188.0
270.0	181.0
260.0	187.0
254.0	176.0
248.0	184.0
243.0	178.0
247.0	186.0
245.0	177.0
237.0	168.0
232.0	168.0
230.0	166.0
231.0	164.0
233.0	166.0
232.0	169.0
236.0	167.0
235.0	162.0
233.0	160.0
235.0	158.0
233.0	162.0
236.0	160.0
236.0	165.0
234.0	160.0
230.0	164.0
231.0	168.0
229.0	165.0
233.0	161.0
235.0	167.0
228.0	167.0
223.0	169.0
220.0	170.0
215.0	168.0
223.0	168.0
226.0	172.0
230.0	168.0
223.0	171.0
214.0	169.0
203.0	170.0
204.0	164.0
199.0	165.0
203.0	161.0
196.0	163.0
188.0	160.0
187.0	171.0
188.0	175.0
188.0	179.0
186.0	184.0
185.0	191.0
185.0	202.0
183.0	182.0
183.0	188.0
182.0	177.0
187.0	182.0
186.0	172.0
184.0	177.0
191.0	171.0
196.0	172.0
189.0	172.0
186.0	180.0
186.0	192.0
195.0	173.0
187.0	174.0
201.0	173.0
204.0	163.0
209.0	172.0
221.0	169.0
232.0	165.0
227.0	171.0
230.0	165.0
221.0	171.0
205.0	165.0
191.0	170.0
199.0	162.0
188.0	173.0
202.0	165.0
222.0	169.0
235.0	159.0
250.0	157.0
263.0	165.0
267.0	153.0
275.0	165.0
287.0	160.0
286.0	155.0
283.0	154.0
285.0	149.0
286.0	153.0
286.0	158.0
292.0	160.0
295.0	167.0
292.0	168.0
297.0	166.0
305.0	165.0
304.0	175.0
309.0	177.0
312.0	172.0
318.0	176.0
323.0	180.0
329.0	178.0
336.0	178.0
339.0	180.0
337.0	179.0
340.0	180.0
342.0	178.0
339.0	177.0
341.0	179.0
339.0	176.0
344.0	176.0
340.0	178.0
339.0	182.0
337.0	185.0
336.0	180.0
340.0	184.0
338.0	178.0
335.0	183.0
334.0	189.0
327.0	192.0
324.0	187.0
329.0	183.0
330.0	176.0
325.0	182.0
328.0	189.0
324.0	195.0
332.0	196.0
334.0	187.0
342.0	183.0
341.0	176.0
346.0	174.0
344.0	179.0
338.0	177.0
345.0	179.0
348.0	173.0
341.0	174.0
335.0	168.0
328.0	166.0
336.0	167.0
324.0	173.0
319.0	179.0
320.0	188.0
322.0	180.0
332.0	181.0
321.0	184.0
313.0	191.0
305.0	182.0
307.0	176.0
299.0	180.0
304.0	174.0
311.0	167.0
303.0	171.0
298.0	180.0
306.0	181.0
302.0	190.0
290.0	194.0
304.0	188.0
318.0	191.0
305.0	187.0
289.0	186.0
292.0	177.0
297.0	184.0
309.0	175.0
320.0	165.0
315.0	166.0
320.0	175.0
330.0	169.0
321.0	166.0
317.0	177.0
319.0	163.0
336.0	170.0
329.0	182.0
336.0	171.0
344.0	182.0
350.0	175.0
352.0	182.0
349.0	189.0
354.0	183.0
354.0	190.0
357.0	185.0
357.0	190.0
350.0	189.0
359.0	187.0
364.0	182.0
361.0	183.0
366.0	181.0
363.0	180.0
360.0	177.0
364.0	174.0
370.0	173.0
372.0	175.0
371.0	177.0
373.0	179.0
376.0	178.0
379.0	179.0
380.0	176.0
375.0	179.0
372.0	180.0
369.0	181.0
365.0	183.0
369.0	179.0
372.0	176.0
374.0	173.0
376.0	175.0
373.0	171.0
370.0	169.0
369.0	172.0
372.0	171.0
373.0	175.0
369.0	177.0
374.0	175.0
375.0	180.0
372.0	182.0
368.0	181.0
374.0	182.0
372.0	185.0
377.0	181.0
379.0	184.0
381.0	187.0
376.0	188.0
381.0	186.0
377.0	183.0
379.0	186.0
383.0	182.0
381.0	178.0
387.0	175.0
392.0	178.0
392.0	182.0
387.0	182.0
386.0	177.0
392.0	181.0
388.0	185.0
395.0	183.0
391.0	178.0
398.0	182.0
404.0	184.0
401.0	185.0
401.0	189.0
405.0	186.0
405.0	190.0
405.0	195.0
404.0	186.0
410.0	186.0
402.0	184.0
393.0	183.0
391.0	175.0
379.0	176.0
375.0	184.0
384.0	186.0
378.0	180.0
372.0	173.0
368.0	171.0
361.0	168.0
357.0	174.0
354.0	169.0
359.0	169.0
351.0	168.0
362.0	173.0
360.0	181.0
355.0	190.0
366.0	180.0
370.0	171.0
374.0	181.0
371.0	171.0
358.0	169.0
345.0	169.0
341.0	183.0
352.0	172.0
341.0	181.0
333.0	195.0
348.0	188.0
353.0	172.0
370.0	175.0
379.0	182.0
388.0	190.0
390.0	176.0
400.0	185.0
386.0	185.0
376.0	174.0
363.0	181.0
372.0	170.0
357.0	184.0
380.0	185.0
358.0	188.0
386.0	187.0
404.0	193.0
412.0	201.0
410.0	211.0
418.0	225.0
425.0	233.0
423.0	223.0
430.0	220.0
424.0	220.0
420.0	226.0
423.0	214.0
429.0	219.0
425.0	211.0
434.0	207.0
438.0	199.0
441.0	198.0
439.0	202.0
447.0	200.0
438.0	200.0
427.0	204.0
427.0	217.0
416.0	227.0
412.0	242.0
415.0	253.0
425.0	247.0
433.0	240.0
427.0	249.0
436.0	258.0
447.0	257.0
433.0	251.0
442.0	261.0
445.0	277.0
448.0	259.0
444.0	279.0
424.0	275.0
440.0	262.0
425.0	245.0
413.0	243.0
428.0	236.0
434.0	222.0
445.0	231.0
438.0	244.0
443.0	229.0
425.0	218.0
423.0	238.0
431.0	219.0
447.0	231.0
421.0	237.0
445.0	232.0
441.0	200.0
420.0	196.0
407.0	189.0
419.0	192.0
420.0	180.0
413.0	192.0
403.0	186.0
399.0	170.0
410.0	173.0
406.0	163.0
388.0	173.0
403.0	187.0
420.0	183.0
410.0	201.0
418.0	180.0
394.0	180.0
419.0	177.0
440.0	199.0
419.0	212.0
440.0	230.0
416.0	249.0
397.0	253.0
404.0	250.0
391.0	251.0
396.0	256.0
391.0	262.0
395.0	255.0
387.0	254.0
393.0	253.0
401.0	256.0
409.0	246.0
388.0	254.0
382.0	258.0
382.0	250.0
383.0	261.0
387.0	251.0
394.0	262.0
385.0	258.0
401.0	267.0
385.0	261.0
363.0	266.0
387.0	257.0
409.0	277.0
393.0	261.0
420.0	267.0
403.0	289.0
388.0	308.0
362.0	303.0
354.0	277.0
370.0	307.0
407.0	300.0
411.0	263.0
432.0	237.0
441.0	275.0
444.0	251.0
472.0	277.0
480.0	273.0
490.0	283.0
488.0	289.0
483.0	293.0
481.0	300.0
485.0	302.0
490.0	302.0
491.0	295.0
485.0	291.0
489.0	299.0
487.0	292.0
481.0	298.0
487.0	301.0
480.0	302.0
487.0	303.0
481.0	296.0
483.0	307.0
487.0	317.0
475.0	315.0
487.0	318.0
486.0	304.0
495.0	295.0
493.0	286.0
496.0	288.0
500.0	284.0
503.0	281.0
509.0	278.0
502.0	282.0
495.0	285.0
496.0	290.0
491.0	284.0
501.0	285.0
508.0	285.0
514.0	274.0
508.0	268.0
503.0	267.0
509.0	265.0
508.0	270.0
508.0	263.0
509.0	257.0
507.0	252.0
506.0	248.0
508.0	243.0
508.0	250.0
507.0	244.0
507.0	234.0
508.0	248.0
508.0	258.0
511.0	264.0
508.0	254.0
511.0	263.0
518.0	273.0
509.0	261.0
501.0	271.0
500.0	283.0
490.0	285.0
491.0	298.0
496.0	283.0
509.0	277.0
520.0	275.0
503.0	285.0
509.0	267.0
507.0	254.0
507.0	237.0
505.0	256.0
508.0	238.0
508.0	208.0
507.0	228.0
508.0	196.0
506.0	178.0
508.0	189.0
504.0	168.0
504.0	157.0
499.0	148.0
505.0	161.0
507.0	177.0
507.0	199.0
504.0	165.0
504.0	144.0
499.0	133.0
496.0	118.0
489.0	109.0
492.0	106.0
486.0	106.0
489.0	108.0
486.0	103.0
488.0	107.0
485.0	101.0
479.0	97.0
485.0	105.0
482.0	98.0
488.0	108.0
483.0	100.0
475.0	86.0
485.0	102.0
492.0	116.0
502.0	134.0
504.0	152.0
507.0	181.0
507.0	220.0
503.0	270.0
495.0	288.0
481.0	303.0
485.0	320.0
470.0	326.0
462.0	336.0
453.0	331.0
471.0	333.0
463.0	343.0
454.0	333.0
459.0	355.0
467.0	371.0
468.0	359.0
460.0	378.0
462.0	402.0
460.0	369.0
471.0	349.0
459.0	332.0
481.0	331.0
481.0	311.0
462.0	313.0
466.0	330.0
461.0	310.0
481.0	302.0
476.0	280.0
459.0	282.0
475.0	276.0
495.0	287.0
472.0	276.0
503.0	274.0
481.0	294.0
476.0	316.0
460.0	289.0
478.0	314.0
474.0	277.0
457.0	314.0
473.0	275.0
507.0	246.0
443.0	254.0
441.0	199.0
407.0	207.0
404.0	168.0
364.0	178.0
400.0	161.0
439.0	200.0
374.0	185.0
416.0	181.0
350.0	191.0
336.0	168.0
334.0	191.0
323.0	173.0
314.0	193.0
289.0	195.0
276.0	179.0
266.0	190.0
249.0	179.0
260.0	185.0
244.0	176.0
233.0	169.0
249.0	160.0
234.0	163.0
253.0	157.0
267.0	167.0
256.0	177.0
275.0	182.0
291.0	177.0
296.0	166.0
287.0	158.0
288.0	150.0
288.0	146.0
291.0	146.0
286.0	148.0
290.0	152.0
285.0	156.0
286.0	146.0
285.0	154.0
293.0	148.0
294.0	165.0
285.0	174.0
277.0	165.0
287.0	153.0
293.0	169.0
276.0	169.0
282.0	186.0
305.0	180.0
317.0	162.0
326.0	192.0
288.0	192.0
323.0	198.0
294.0	167.0
287.0	146.0
289.0	170.0
264.0	159.0
261.0	181.0
248.0	158.0
242.0	180.0
237.0	199.0
219.0	192.0
231.0	176.0
243.0	191.0
224.0	174.0
200.0	173.0
183.0	158.0
176.0	142.0
188.0	162.0
179.0	148.0
185.0	177.0
184.0	202.0
214.0	198.0
239.0	188.0
234.0	159.0
268.0	152.0
292.0	175.0
267.0	154.0
318.0	163.0
325.0	197.0
289.0	147.0
325.0	195.0
313.0	260.0
277.0	283.0
266.0	283.0
264.0	289.0
260.0	292.0
258.0	289.0
258.0	293.0
263.0	291.0
259.0	289.0
256.0	286.0
256.0	280.0
255.0	288.0
261.0	292.0
267.0	292.0
263.0	286.0
268.0	280.0
273.0	289.0
261.0	288.0
254.0	286.0
258.0	295.0
262.0	284.0
271.0	286.0
259.0	285.0
255.0	275.0
259.0	288.0
264.0	277.0
263.0	295.0
248.0	287.0
244.0	274.0
231.0	272.0
216.0	273.0
216.0	261.0
204.0	253.0
211.0	269.0
200.0	270.0
202.0	259.0
196.0	242.0
202.0	273.0
202.0	286.0
204.0	288.0
202.0	287.0
204.0	289.0
205.0	292.0
206.0	294.0
208.0	294.0
207.0	296.0
209.0	297.0
207.0	299.0
208.0	296.0
205.0	296.0
207.0	295.0
204.0	294.0
201.0	293.0
206.0	293.0
204.0	296.0
208.0	298.0
211.0	299.0
211.0	296.0
212.0	300.0
208.0	299.0
208.0	303.0
211.0	302.0
214.0	305.0
216.0	304.0
215.0	306.0
214.0	308.0
217.0	306.0
218.0	308.0
217.0	305.0
217.0	308.0
214.0	307.0
217.0	310.0
217.0	304.0
216.0	307.0
212.0	305.0
210.0	301.0
206.0	303.0
206.0	297.0
209.0	293.0
210.0	297.0
212.0	292.0
214.0	291.0
214.0	289.0
217.0	288.0
217.0	291.0
219.0	288.0
215.0	290.0
218.0	289.0
214.0	292.0
217.0	289.0
222.0	287.0
226.0	295.0
232.0	296.0
223.0	298.0
223.0	302.0
224.0	298.0
218.0	298.0
222.0	296.0
217.0	299.0
218.0	304.0
214.0	303.0
209.0	306.0
205.0	298.0
210.0	293.0
214.0	290.0
205.0	290.0
201.0	287.0
204.0	292.0
201.0	286.0
206.0	295.0
203.0	288.0
213.0	290.0
204.0	287.0
204.0	275.0
201.0	260.0
221.0	275.0
220.0	289.0
223.0	299.0
220.0	305.0
215.0	304.0
220.0	301.0
219.0	310.0
223.0	316.0
226.0	316.0
223.0	314.0
228.0	315.0
223.0	315.0
229.0	319.0
223.0	318.0
232.0	317.0
226.0	314.0
219.0	308.0
225.0	314.0
214.0	309.0
221.0	300.0
213.0	292.0
211.0	303.0
222.0	300.0
211.0	294.0
219.0	287.0
205.0	283.0
207.0	300.0
222.0	315.0
236.0	320.0
240.0	306.0
252.0	309.0
270.0	316.0
271.0	320.0
270.0	317.0
275.0	318.0
271.0	314.0
277.0	312.0
273.0	318.0
271.0	323.0
269.0	326.0
273.0	321.0
268.0	323.0
276.0	326.0
276.0	317.0
280.0	323.0
268.0	326.0
276.0	315.0
269.0	323.0
277.0	310.0
270.0	323.0
277.0	302.0
270.0	319.0
240.0	319.0
235.0	303.0
229.0	316.0
219.0	302.0
224.0	287.0
214.0	275.0
228.0	291.0
235.0	305.0
230.0	320.0
211.0	338.0
235.0	313.0
209.0	303.0
209.0	276.0
218.0	300.0
234.0	319.0
240.0	285.0
233.0	300.0
222.0	274.0
243.0	262.0
236.0	285.0
238.0	260.0
204.0	270.0
244.0	283.0
265.0	294.0
271.0	313.0
268.0	281.0
248.0	296.0
278.0	286.0
271.0	325.0
280.0	377.0
277.0	386.0
276.0	383.0
282.0	387.0
284.0	389.0
281.0	389.0
278.0	386.0
282.0	389.0
286.0	388.0
283.0	385.0
278.0	388.0
284.0	388.0
288.0	392.0
283.0	394.0
288.0	390.0
281.0	390.0
274.0	386.0
284.0	396.0
279.0	385.0
290.0	393.0
304.0	387.0
307.0	383.0
307.0	386.0
311.0	384.0
313.0	386.0
312.0	383.0
314.0	382.0
314.0	380.0
311.0	380.0
312.0	384.0
309.0	383.0
305.0	384.0
311.0	381.0
314.0	384.0
313.0	382.0
317.0	382.0
319.0	383.0
321.0	381.0
320.0	383.0
319.0	386.0
322.0	383.0
317.0	385.0
314.0	383.0
315.0	386.0
316.0	381.0
313.0	383.0
308.0	381.0
315.0	384.0
320.0	382.0
315.0	382.0
322.0	380.0
316.0	385.0
323.0	377.0
306.0	385.0
318.0	383.0
304.0	386.0
289.0	393.0
305.0	386.0
287.0	391.0
317.0	380.0
283.0	387.0
322.0	381.0
327.0	437.0
319.0	448.0
330.0	451.0
323.0	465.0
319.0	482.0
325.0	472.0
314.0	453.0
309.0	437.0
325.0	442.0
341.0	444.0
354.0	433.0
346.0	442.0
362.0	437.0
335.0	436.0
318.0	449.0
299.0	438.0
321.0	445.0
346.0	441.0
318.0	440.0
303.0	470.0
291.0	475.0
296.0	483.0
303.0	490.0
303.0	480.0
310.0	489.0
307.0	498.0
314.0	506.0
321.0	510.0
326.0	509.0
332.0	510.0
341.0	509.0
335.0	511.0
324.0	509.0
315.0	506.0
306.0	513.0
296.0	508.0
285.0	510.0
294.0	509.0
301.0	500.0
297.0	515.0
290.0	522.0
295.0	525.0
288.0	526.0
291.0	524.0
289.0	530.0
286.0	531.0
286.0	528.0
285.0	532.0
283.0	529.0
284.0	534.0
284.0	539.0
286.0	536.0
288.0	531.0
293.0	528.0
287.0	532.0
286.0	538.0
282.0	542.0
283.0	546.0
282.0	548.0
280.0	547.0
282.0	545.0
284.0	543.0
281.0	547.0
283.0	544.0
280.0	548.0
278.0	551.0
277.0	556.0
279.0	553.0
277.0	557.0
278.0	562.0
276.0	566.0
273.0	570.0
275.0	567.0
275.0	562.0
274.0	568.0
272.0	574.0
272.0	571.0
273.0	575.0
270.0	574.0
271.0	578.0
271.0	581.0
272.0	578.0
275.0	577.0
279.0	576.0
282.0	576.0
280.0	579.0
278.0	580.0
279.0	577.0
277.0	580.0
275.0	583.0
279.0	581.0
278.0	585.0
280.0	581.0
277.0	577.0
279.0	573.0
283.0	573.0
279.0	575.0
281.0	570.0
279.0	574.0
274.0	570.0
277.0	563.0
284.0	565.0
287.0	565.0
289.0	566.0
289.0	563.0
288.0	566.0
285.0	565.0
287.0	567.0
290.0	565.0
285.0	566.0
283.0	568.0
287.0	566.0
283.0	569.0
287.0	564.0
284.0	568.0
288.0	561.0
290.0	555.0
294.0	555.0
291.0	556.0
292.0	552.0
293.0	556.0
296.0	552.0
298.0	550.0
296.0	548.0
299.0	548.0
297.0	550.0
298.0	547.0
302.0	548.0
305.0	544.0
309.0	541.0
307.0	539.0
307.0	542.0
308.0	538.0
306.0	537.0
310.0	538.0
307.0	540.0
309.0	536.0
308.0	539.0
308.0	534.0
310.0	531.0
308.0	533.0
312.0	534.0
309.0	533.0
308.0	537.0
313.0	534.0
312.0	530.0
316.0	527.0
311.0	531.0
307.0	528.0
313.0	531.0
304.0	533.0
297.0	526.0
287.0	528.0
287.0	519.0
288.0	528.0
284.0	537.0
289.0	544.0
297.0	547.0
297.0	552.0
301.0	548.0
304.0	542.0
311.0	536.0
311.0	524.0
312.0	532.0
318.0	522.0
325.0	521.0
330.0	523.0
325.0	523.0
332.0	522.0
340.0	522.0
332.0	523.0
322.0	523.0
313.0	521.0
303.0	519.0
317.0	521.0
317.0	509.0
317.0	520.0
320.0	508.0
321.0	521.0
323.0	508.0
338.0	510.0
345.0	516.0
351.0	520.0
347.0	510.0
350.0	517.0
353.0	508.0
365.0	501.0
379.0	504.0
373.0	492.0
369.0	510.0
348.0	511.0
349.0	525.0
341.0	511.0
340.0	523.0
353.0	519.0
332.0	509.0
327.0	523.0
344.0	521.0
326.0	510.0
343.0	509.0
314.0	504.0
313.0	486.0
322.0	477.0
300.0	469.0
294.0	480.0
290.0	469.0
302.0	481.0
299.0	468.0
321.0	467.0
303.0	491.0
311.0	503.0
289.0	511.0
277.0	510.0
272.0	500.0
265.0	494.0
269.0	489.0
264.0	495.0
271.0	493.0
260.0	489.0
257.0	485.0
254.0	483.0
249.0	484.0
253.0	485.0
247.0	485.0
245.0	481.0
245.0	485.0
241.0	482.0
244.0	482.0
239.0	482.0
239.0	479.0
237.0	481.0
240.0	480.0
237.0	478.0
234.0	476.0
235.0	480.0
232.0	478.0
229.0	479.0
231.0	476.0
226.0	476.0
222.0	476.0
220.0	474.0
219.0	471.0
222.0	471.0
225.0	471.0
224.0	474.0
222.0	477.0
220.0	476.0
222.0	479.0
224.0	479.0
222.0	481.0
220.0	481.0
222.0	480.0
223.0	482.0
221.0	481.0
219.0	483.0
217.0	483.0
219.0	485.0
220.0	484.0
218.0	485.0
219.0	487.0
219.0	484.0
216.0	483.0
215.0	486.0
215.0	488.0
214.0	486.0
216.0	487.0
214.0	485.0
213.0	482.0
216.0	482.0
212.0	481.0
208.0	482.0
206.0	479.0
205.0	477.0
205.0	475.0
207.0	477.0
209.0	475.0
205.0	476.0
205.0	479.0
204.0	481.0
202.0	479.0
200.0	480.0
197.0	479.0
195.0	481.0
192.0	479.0
191.0	475.0
192.0	477.0
195.0	476.0
197.0	478.0
196.0	481.0
192.0	478.0
194.0	474.0
195.0	478.0
196.0	482.0
202.0	478.0
204.0	480.0
203.0	477.0
206.0	476.0
210.0	476.0
213.0	481.0
212.0	486.0
210.0	489.0
210.0	492.0
209.0	494.0
208.0	492.0
208.0	489.0
205.0	491.0
210.0	493.0
209.0	491.0
209.0	495.0
211.0	497.0
213.0	498.0
212.0	500.0
210.0	498.0
213.0	499.0
214.0	497.0
216.0	499.0
214.0	500.0
216.0	502.0
218.0	504.0
219.0	506.0
219.0	504.0
217.0	505.0
218.0	507.0
220.0	506.0
221.0	504.0
219.0	505.0
221.0	503.0
220.0	501.0
218.0	500.0
219.0	497.0
220.0	500.0
222.0	502.0
223.0	499.0
220.0	499.0
221.0	502.0
221.0	506.0
217.0	507.0
218.0	510.0
218.0	506.0
215.0	504.0
219.0	507.0
220.0	512.0
217.0	509.0
216.0	503.0
212.0	501.0
210.0	497.0
211.0	493.0
215.0	493.0
213.0	494.0
215.0	491.0
215.0	494.0
216.0	491.0
218.0	493.0
217.0	490.0
217.0	486.0
214.0	487.0
218.0	486.0
221.0	483.0
218.0	484.0
215.0	481.0
215.0	475.0
220.0	475.0
216.0	475.0
220.0	472.0
217.0	473.0
213.0	475.0
217.0	480.0
223.0	479.0
223.0	476.0
225.0	472.0
221.0	469.0
223.0	472.0
218.0	471.0
223.0	470.0
216.0	473.0
221.0	479.0
225.0	481.0
224.0	483.0
225.0	485.0
226.0	487.0
228.0	486.0
226.0	488.0
226.0	485.0
225.0	483.0
223.0	484.0
223.0	487.0
225.0	484.0
228.0	484.0
229.0	482.0
229.0	484.0
230.0	481.0
227.0	482.0
229.0	483.0
231.0	480.0
228.0	483.0
224.0	485.0
226.0	482.0
225.0	478.0
220.0	478.0
222.0	485.0
221.0	480.0
228.0	481.0
222.0	482.0
227.0	484.0
226.0	489.0
225.0	486.0
227.0	481.0
227.0	473.0
224.0	481.0
233.0	478.0
242.0	480.0
241.0	486.0
237.0	480.0
246.0	483.0
238.0	480.0
230.0	487.0
227.0	493.0
228.0	491.0
226.0	495.0
223.0	496.0
227.0	496.0
226.0	500.0
229.0	500.0
227.0	501.0
230.0	500.0
230.0	503.0
232.0	505.0
232.0	502.0
235.0	501.0
238.0	505.0
237.0	507.0
236.0	505.0
238.0	507.0
237.0	505.0
240.0	506.0
236.0	508.0
239.0	507.0
242.0	511.0
239.0	509.0
243.0	512.0
247.0	511.0
245.0	512.0
249.0	510.0
247.0	513.0
250.0	510.0
246.0	510.0
240.0	509.0
244.0	513.0
252.0	513.0
253.0	510.0
255.0	507.0
258.0	509.0
259.0	505.0
257.0	509.0
257.0	513.0
255.0	510.0
251.0	509.0
254.0	514.0
252.0	517.0
249.0	516.0
254.0	515.0
257.0	517.0
257.0	520.0
258.0	522.0
258.0	520.0
260.0	518.0
258.0	521.0
259.0	524.0
256.0	526.0
255.0	524.0
254.0	526.0
255.0	523.0
252.0	523.0
249.0	524.0
250.0	519.0
255.0	519.0
255.0	515.0
259.0	517.0
259.0	522.0
255.0	525.0
256.0	528.0
257.0	525.0
253.0	526.0
256.0	529.0
259.0	529.0
254.0	529.0
257.0	527.0
254.0	531.0
253.0	525.0
254.0	520.0
259.0	521.0
259.0	516.0
259.0	523.0
264.0	528.0
260.0	519.0
253.0	523.0
256.0	517.0
257.0	522.0
255.0	530.0
263.0	533.0
255.0	529.0
252.0	520.0
260.0	517.0
260.0	507.0
263.0	503.0
264.0	508.0
267.0	501.0
257.0	499.0
257.0	508.0
262.0	503.0
254.0	508.0
262.0	506.0
274.0	509.0
261.0	503.0
249.0	509.0
252.0	518.0
255.0	508.0
249.0	522.0
245.0	511.0
235.0	511.0
234.0	504.0
238.0	506.0
230.0	505.0
234.0	507.0
231.0	501.0
234.0	506.0
228.0	500.0
224.0	497.0
220.0	496.0
216.0	497.0
213.0	497.0
216.0	495.0
217.0	492.0
221.0	492.0
225.0	490.0
222.0	495.0
224.0	499.0
223.0	503.0
229.0	503.0
221.0	501.0
216.0	500.0
212.0	499.0
209.0	496.0
215.0	497.0
218.0	494.0
218.0	489.0
224.0	487.0
217.0	488.0
210.0	488.0
214.0	484.0
216.0	490.0
218.0	496.0
215.0	501.0
220.0	504.0
218.0	497.0
217.0	491.0
225.0	492.0
225.0	500.0
226.0	493.0
229.0	502.0
219.0	501.0
218.0	509.0
219.0	517.0
222.0	519.0
222.0	521.0
224.0	519.0
221.0	520.0
222.0	517.0
221.0	513.0
223.0	520.0
221.0	517.0
225.0	520.0
221.0	518.0
220.0	513.0
220.0	522.0
225.0	521.0
227.0	525.0
229.0	524.0
228.0	526.0
230.0	528.0
228.0	530.0
228.0	527.0
231.0	527.0
230.0	523.0
230.0	520.0
233.0	520.0
230.0	521.0
231.0	524.0
232.0	520.0
230.0	524.0
229.0	528.0
226.0	530.0
225.0	527.0
224.0	528.0
226.0	526.0
225.0	528.0
224.0	525.0
226.0	523.0
226.0	527.0
230.0	526.0
233.0	522.0
231.0	529.0
225.0	526.0
224.0	521.0
230.0	522.0
223.0	524.0
216.0	521.0
227.0	529.0
227.0	536.0
230.0	537.0
230.0	540.0
231.0	538.0
228.0	537.0
228.0	533.0
228.0	540.0
231.0	541.0
230.0	543.0
229.0	541.0
231.0	544.0
232.0	546.0
230.0	547.0
232.0	548.0
230.0	549.0
228.0	548.0
228.0	545.0
227.0	548.0
229.0	552.0
231.0	550.0
234.0	549.0
230.0	550.0
229.0	553.0
233.0	553.0
232.0	550.0
231.0	546.0
231.0	543.0
229.0	546.0
232.0	543.0
234.0	548.0
235.0	553.0
236.0	557.0
234.0	560.0
235.0	563.0
233.0	561.0
235.0	559.0
232.0	561.0
230.0	563.0
233.0	564.0
236.0	564.0
233.0	563.0
232.0	567.0
230.0	569.0
233.0	568.0
235.0	570.0
233.0	570.0
235.0	567.0
238.0	565.0
241.0	563.0
241.0	566.0
237.0	566.0
234.0	569.0
230.0	568.0
229.0	565.0
228.0	568.0
232.0	565.0
229.0	568.0
235.0	569.0
232.0	566.0
227.0	567.0
230.0	560.0
231.0	556.0
230.0	558.0
233.0	556.0
231.0	554.0
234.0	556.0
232.0	559.0
231.0	555.0
235.0	556.0
229.0	557.0
234.0	562.0
230.0	567.0
236.0	563.0
242.0	565.0
242.0	562.0
243.0	565.0
244.0	562.0
247.0	561.0
244.0	563.0
240.0	566.0
237.0	572.0
234.0	571.0
236.0	577.0
236.0	580.0
237.0	583.0
238.0	586.0
236.0	584.0
235.0	587.0
234.0	590.0
231.0	588.0
235.0	589.0
235.0	585.0
233.0	589.0
229.0	588.0
226.0	584.0
226.0	590.0
229.0	587.0
236.0	588.0
240.0	589.0
241.0	586.0
242.0	589.0
245.0	588.0
248.0	588.0
250.0	590.0
252.0	588.0
250.0	587.0
252.0	590.0
255.0	590.0
256.0	588.0
257.0	590.0
254.0	590.0
251.0	589.0
256.0	589.0
253.0	588.0
257.0	587.0
261.0	588.0
263.0	590.0
259.0	590.0
263.0	589.0
267.0	588.0
266.0	590.0
268.0	586.0
270.0	584.0
271.0	587.0
269.0	584.0
267.0	582.0
270.0	585.0
273.0	588.0
268.0	589.0
274.0	589.0
267.0	587.0
273.0	589.0
268.0	584.0
269.0	578.0
272.0	575.0
271.0	570.0
269.0	580.0
271.0	575.0
278.0	579.0
275.0	585.0
281.0	583.0
287.0	577.0
277.0	581.0
270.0	577.0
267.0	586.0
260.0	588.0
267.0	590.0
276.0	589.0
280.0	577.0
270.0	575.0
281.0	573.0
270.0	578.0
282.0	580.0
285.0	567.0
278.0	561.0
280.0	552.0
283.0	547.0
283.0	539.0
281.0	549.0
278.0	557.0
282.0	547.0
277.0	559.0
289.0	559.0
294.0	553.0
299.0	549.0
292.0	556.0
297.0	548.0
309.0	542.0
295.0	550.0
289.0	562.0
282.0	571.0
271.0	582.0
259.0	574.0
256.0	573.0
257.0	571.0
258.0	569.0
255.0	568.0
260.0	568.0
259.0	572.0
256.0	575.0
257.0	573.0
255.0	576.0
257.0	575.0
255.0	578.0
252.0	579.0
252.0	576.0
253.0	580.0
255.0	577.0
250.0	579.0
253.0	577.0
248.0	580.0
251.0	581.0
252.0	584.0
252.0	589.0
246.0	589.0
250.0	588.0
247.0	583.0
246.0	580.0
249.0	583.0
253.0	581.0
246.0	582.0
250.0	582.0
244.0	585.0
245.0	582.0
241.0	585.0
239.0	588.0
241.0	584.0
244.0	581.0
238.0	579.0
238.0	576.0
238.0	580.0
238.0	585.0
242.0	583.0
236.0	581.0
237.0	575.0
236.0	570.0
236.0	578.0
240.0	584.0
240.0	590.0
246.0	590.0
244.0	582.0
238.0	577.0
248.0	581.0
245.0	590.0
251.0	582.0
244.0	588.0
237.0	581.0
232.0	589.0
223.0	589.0
226.0	588.0
221.0	589.0
219.0	588.0
222.0	588.0
218.0	588.0
215.0	587.0
213.0	588.0
211.0	589.0
213.0	589.0
210.0	589.0
208.0	590.0
208.0	587.0
210.0	586.0
208.0	588.0
208.0	585.0
210.0	582.0
212.0	581.0
213.0	584.0
213.0	582.0
214.0	585.0
215.0	583.0
212.0	585.0
213.0	587.0
212.0	589.0
211.0	586.0
209.0	589.0
213.0	586.0
210.0	588.0
215.0	588.0
211.0	587.0
207.0	584.0
209.0	580.0
207.0	578.0
210.0	578.0
209.0	581.0
211.0	578.0
207.0	576.0
210.0	576.0
211.0	580.0
209.0	576.0
207.0	580.0
204.0	575.0
207.0	573.0
206.0	570.0
205.0	568.0
204.0	566.0
203.0	564.0
205.0	565.0
206.0	568.0
209.0	568.0
203.0	568.0
202.0	565.0
202.0	568.0
205.0	571.0
204.0	568.0
204.0	572.0
201.0	575.0
199.0	580.0
196.0	576.0
192.0	577.0
190.0	576.0
189.0	579.0
186.0	581.0
188.0	583.0
189.0	586.0
187.0	587.0
184.0	588.0
181.0	587.0
185.0	587.0
189.0	588.0
189.0	585.0
191.0	588.0
193.0	590.0
196.0	589.0
193.0	589.0
190.0	588.0
190.0	585.0
194.0	585.0
193.0	582.0
194.0	580.0
193.0	583.0
196.0	582.0
192.0	584.0
192.0	589.0
188.0	586.0
185.0	590.0
179.0	589.0
179.0	586.0
176.0	585.0
178.0	582.0
180.0	585.0
179.0	581.0
175.0	583.0
173.0	580.0
174.0	578.0
172.0	576.0
170.0	577.0
172.0	575.0
174.0	576.0
172.0	573.0
173.0	575.0
172.0	572.0
171.0	574.0
169.0	575.0
167.0	573.0
169.0	574.0
168.0	572.0
170.0	571.0
170.0	573.0
172.0	571.0
171.0	575.0
168.0	574.0
169.0	571.0
167.0	570.0
169.0	570.0
166.0	570.0
165.0	568.0
167.0	569.0
165.0	567.0
165.0	570.0
163.0	568.0
160.0	567.0
164.0	565.0
162.0	564.0
160.0	563.0
160.0	560.0
162.0	561.0
164.0	559.0
162.0	557.0
160.0	559.0
158.0	561.0
161.0	561.0
162.0	558.0
159.0	559.0
156.0	557.0
153.0	556.0
152.0	554.0
149.0	552.0
147.0	550.0
149.0	550.0
148.0	547.0
145.0	547.0
145.0	550.0
145.0	546.0
142.0	545.0
144.0	544.0
147.0	542.0
150.0	545.0
153.0	548.0
150.0	546.0
153.0	550.0
151.0	553.0
154.0	550.0
153.0	546.0
156.0	551.0
159.0	553.0
160.0	550.0
158.0	555.0
158.0	559.0
155.0	556.0
151.0	555.0
151.0	559.0
149.0	554.0
146.0	558.0
153.0	558.0
158.0	562.0
163.0	562.0
164.0	564.0
166.0	563.0
168.0	565.0
165.0	566.0
161.0	566.0
166.0	567.0
170.0	567.0
170.0	572.0
166.0	571.0
168.0	569.0
171.0	572.0
176.0	573.0
172.0	579.0
174.0	577.0
177.0	581.0
182.0	581.0
185.0	582.0
188.0	580.0
190.0	577.0
194.0	577.0
192.0	574.0
191.0	570.0
190.0	567.0
189.0	569.0
187.0	571.0
184.0	571.0
184.0	568.0
184.0	564.0
187.0	562.0
188.0	560.0
187.0	558.0
189.0	556.0
188.0	558.0
190.0	557.0
192.0	556.0
192.0	558.0
194.0	559.0
193.0	557.0
195.0	555.0
197.0	553.0
198.0	551.0
196.0	552.0
196.0	549.0
193.0	550.0
194.0	553.0
197.0	554.0
197.0	551.0
194.0	550.0
192.0	547.0
190.0	548.0
193.0	548.0
191.0	546.0
194.0	545.0
193.0	543.0
191.0	545.0
191.0	542.0
191.0	544.0
191.0	541.0
193.0	540.0
190.0	540.0
188.0	539.0
187.0	537.0
188.0	540.0
189.0	537.0
192.0	538.0
190.0	535.0
187.0	532.0
184.0	531.0
187.0	530.0
185.0	534.0
187.0	538.0
191.0	540.0
193.0	542.0
193.0	546.0
197.0	546.0
192.0	546.0
192.0	550.0
190.0	553.0
188.0	555.0
190.0	552.0
191.0	555.0
194.0	555.0
198.0	555.0
197.0	552.0
193.0	551.0
195.0	546.0
199.0	550.0
196.0	546.0
199.0	551.0
197.0	555.0
196.0	559.0
193.0	560.0
196.0	561.0
194.0	558.0
194.0	562.0
195.0	566.0
193.0	564.0
191.0	567.0
193.0	569.0
192.0	567.0
189.0	567.0
192.0	569.0
190.0	566.0
194.0	567.0
193.0	570.0
188.0	568.0
187.0	564.0
188.0	567.0
186.0	563.0
187.0	560.0
188.0	563.0
189.0	559.0
190.0	556.0
187.0	557.0
185.0	561.0
186.0	568.0
183.0	571.0
187.0	569.0
186.0	564.0
193.0	566.0
196.0	571.0
196.0	565.0
201.0	564.0
201.0	560.0
200.0	562.0
203.0	560.0
203.0	557.0
205.0	557.0
204.0	560.0
202.0	557.0
203.0	559.0
202.0	556.0
202.0	553.0
200.0	550.0
199.0	556.0
200.0	559.0
197.0	557.0
193.0	556.0
191.0	552.0
190.0	558.0
194.0	560.0
198.0	556.0
202.0	554.0
201.0	558.0
202.0	555.0
200.0	560.0
204.0	563.0
207.0	568.0
205.0	562.0
203.0	556.0
200.0	551.0
191.0	547.0
190.0	554.0
188.0	561.0
188.0	554.0
198.0	558.0
203.0	563.0
206.0	569.0
202.0	563.0
194.0	564.0
192.0	557.0
185.0	563.0
184.0	573.0
185.0	569.0
194.0	569.0
187.0	572.0
191.0	578.0
195.0	581.0
192.0	586.0
192.0	581.0
193.0	576.0
187.0	573.0
189.0	580.0
183.0	581.0
187.0	580.0
184.0	574.0
192.0	576.0
193.0	584.0
198.0	587.0
201.0	589.0
206.0	589.0
207.0	582.0
213.0	585.0
207.0	587.0
215.0	586.0
221.0	585.0
222.0	590.0
229.0	590.0
218.0	590.0
212.0	583.0
206.0	577.0
213.0	575.0
208.0	583.0
199.0	588.0
204.0	590.0
195.0	588.0
197.0	583.0
196.0	575.0
202.0	566.0
204.0	573.0
196.0	579.0
197.0	590.0
207.0	590.0
209.0	577.0
217.0	588.0
225.0	573.0
237.0	574.0
235.0	586.0
222.0	589.0
216.0	571.0
217.0	585.0
198.0	589.0
184.0	590.0
191.0	589.0
183.0	583.0
182.0	589.0
176.0	590.0
180.0	587.0
186.0	589.0
177.0	590.0
173.0	585.0
177.0	588.0
171.0	590.0
177.0	587.0
174.0	581.0
172.0	577.0
168.0	582.0
173.0	578.0
180.0	581.0
185.0	575.0
195.0	568.0
188.0	559.0
196.0	570.0
207.0	575.0
220.0	588.0
207.0	570.0
224.0	562.0
230.0	552.0
236.0	555.0
231.0	548.0
229.0	542.0
229.0	537.0
226.0	531.0
223.0	523.0
232.0	519.0
238.0	510.0
252.0	515.0
255.0	532.0
261.0	541.0
264.0	542.0
267.0	542.0
268.0	540.0
265.0	543.0
268.0	543.0
271.0	545.0
266.0	547.0
264.0	548.0
266.0	548.0
264.0	549.0
266.0	550.0
264.0	552.0
265.0	554.0
267.0	552.0
263.0	552.0
261.0	550.0
261.0	547.0
260.0	545.0
262.0	547.0
259.0	547.0
260.0	543.0
260.0	547.0
263.0	550.0
263.0	553.0
264.0	550.0
267.0	549.0
263.0	551.0
265.0	548.0
264.0	544.0
263.0	547.0
260.0	551.0
257.0	553.0
255.0	555.0
253.0	556.0
251.0	557.0
252.0	559.0
254.0	557.0
254.0	554.0
252.0	557.0
254.0	559.0
256.0	555.0
260.0	553.0
256.0	554.0
251.0	556.0
249.0	559.0
244.0	561.0
250.0	559.0
245.0	564.0
252.0	558.0
256.0	564.0
261.0	564.0
262.0	560.0
262.0	556.0
262.0	552.0
262.0	557.0
266.0	555.0
260.0	552.0
264.0	547.0
267.0	543.0
270.0	541.0
267.0	548.0
268.0	542.0
261.0	542.0
264.0	545.0
259.0	542.0
255.0	534.0
262.0	545.0
258.0	552.0
266.0	553.0
263.0	561.0
259.0	565.0
258.0	570.0
254.0	575.0
260.0	564.0
257.0	572.0
261.0	562.0
264.0	555.0
268.0	546.0
280.0	546.0
287.0	533.0
300.0	524.0
286.0	529.0
280.0	513.0
281.0	530.0
266.0	542.0
256.0	552.0
259.0	543.0
254.0	556.0
246.0	561.0
258.0	567.0
250.0	558.0
261.0	559.0
258.0	573.0
255.0	588.0
256.0	577.0
262.0	590.0
248.0	589.0
260.0	590.0
240.0	588.0
235.0	571.0
231.0	557.0
236.0	547.0
232.0	556.0
240.0	564.0
230.0	553.0
231.0	540.0
229.0	534.0
232.0	544.0
231.0	562.0
249.0	558.0
259.0	541.0
260.0	562.0
242.0	563.0
231.0	545.0
224.0	526.0
222.0	515.0
222.0	500.0
228.0	492.0
215.0	496.0
224.0	496.0
217.0	506.0
233.0	504.0
249.0	512.0
233.0	523.0
228.0	538.0
231.0	519.0
228.0	499.0
221.0	516.0
211.0	495.0
210.0	487.0
206.0	482.0
203.0	486.0
200.0	479.0
198.0	475.0
203.0	475.0
198.0	474.0
197.0	480.0
195.0	474.0
190.0	477.0
187.0	478.0
190.0	474.0
196.0	474.0
189.0	476.0
197.0	481.0
190.0	476.0
203.0	479.0
208.0	476.0
205.0	481.0
208.0	475.0
200.0	476.0
189.0	475.0
206.0	481.0
206.0	490.0
212.0	498.0
226.0	491.0
239.0	481.0
254.0	485.0
257.0	480.0
255.0	488.0
262.0	486.0
267.0	496.0
277.0	505.0
298.0	505.0
290.0	487.0
315.0	484.0
287.0	471.0
297.0	444.0
267.0	435.0
243.0	429.0
277.0	440.0
300.0	468.0
284.0	437.0
292.0	482.0
282.0	512.0
255.0	513.0
262.0	492.0
250.0	483.0
262.0	489.0
243.0	482.0
259.0	488.0
239.0	506.0
224.0	527.0
253.0	532.0
227.0	541.0
206.0	559.0
199.0	545.0
190.0	543.0
192.0	539.0
188.0	535.0
190.0	541.0
189.0	550.0
201.0	551.0
200.0	538.0
187.0	531.0
182.0	530.0
180.0	527.0
182.0	528.0
185.0	528.0
184.0	533.0
189.0	539.0
183.0	530.0
180.0	525.0
178.0	524.0
180.0	526.0
183.0	527.0
179.0	525.0
179.0	522.0
182.0	521.0
179.0	523.0
180.0	519.0
177.0	518.0
178.0	516.0
175.0	519.0
179.0	517.0
180.0	522.0
179.0	518.0
177.0	523.0
181.0	524.0
176.0	520.0
181.0	525.0
175.0	521.0
182.0	527.0
177.0	519.0
176.0	533.0
181.0	519.0
190.0	539.0
180.0	524.0
194.0	543.0
199.0	560.0
185.0	580.0
173.0	584.0
180.0	583.0
172.0	590.0
171.0	578.0
165.0	573.0
168.0	567.0
166.0	562.0
163.0	560.0
163.0	556.0
165.0	561.0
163.0	557.0
158.0	560.0
162.0	556.0
157.0	560.0
153.0	555.0
158.0	552.0
152.0	555.0
155.0	549.0
147.0	548.0
143.0	547.0
145.0	544.0
143.0	540.0
146.0	539.0
142.0	537.0
139.0	537.0
135.0	538.0
132.0	537.0
134.0	536.0
137.0	537.0
133.0	535.0
131.0	538.0
129.0	540.0
129.0	538.0
127.0	536.0
128.0	538.0
130.0	540.0
127.0	541.0
125.0	543.0
125.0	546.0
122.0	544.0
127.0	544.0
129.0	541.0
126.0	543.0
126.0	539.0
129.0	542.0
127.0	545.0
132.0	544.0
133.0	542.0
134.0	545.0
136.0	544.0
133.0	544.0
135.0	542.0
133.0	538.0
129.0	536.0
128.0	533.0
132.0	535.0
129.0	539.0
133.0	536.0
127.0	534.0
130.0	538.0
136.0	537.0
135.0	544.0
131.0	545.0
128.0	541.0
134.0	543.0
134.0	549.0
135.0	546.0
139.0	547.0
141.0	544.0
144.0	541.0
148.0	544.0
144.0	538.0
150.0	536.0
153.0	547.0
148.0	553.0
156.0	552.0
150.0	544.0
157.0	550.0
146.0	549.0
139.0	549.0
135.0	548.0
138.0	544.0
144.0	546.0
142.0	539.0
141.0	546.0
146.0	551.0
143.0	560.0
135.0	554.0
135.0	549.0
140.0	546.0
137.0	554.0
139.0	559.0
136.0	551.0
136.0	559.0
129.0	555.0
134.0	547.0
132.0	556.0
128.0	545.0
126.0	537.0
123.0	543.0
125.0	535.0
134.0	532.0
143.0	538.0
147.0	551.0
135.0	552.0
131.0	543.0
122.0	547.0
135.0	550.0
122.0	543.0
129.0	558.0
129.0	535.0
121.0	544.0
140.0	544.0
126.0	533.0
131.0	558.0
144.0	537.0
122.0	536.0
158.0	554.0
163.0	564.0
169.0	566.0
164.0	562.0
160.0	556.0
170.0	566.0
164.0	571.0
161.0	564.0
166.0	572.0
165.0	563.0
174.0	569.0
171.0	580.0
169.0	590.0
154.0	590.0
151.0	588.0
148.0	589.0
153.0	589.0
148.0	590.0
143.0	589.0
137.0	590.0
128.0	588.0
140.0	587.0
150.0	590.0
148.0	584.0
142.0	590.0
153.0	590.0
167.0	590.0
151.0	590.0
173.0	590.0
167.0	572.0
155.0	559.0
140.0	536.0
177.0	529.0
163.0	561.0
185.0	572.0
189.0	590.0
203.0	570.0
221.0	588.0
195.0	589.0
201.0	557.0
229.0	548.0
256.0	566.0
269.0	583.0
276.0	559.0
289.0	561.0
278.0	554.0
294.0	554.0
283.0	565.0
274.0	587.0
296.0	590.0
298.0	587.0
295.0	587.0
299.0	590.0
300.0	587.0
297.0	588.0
301.0	587.0
300.0	590.0
303.0	587.0
304.0	590.0
307.0	590.0
308.0	588.0
306.0	588.0
308.0	589.0
310.0	588.0
308.0	587.0
305.0	588.0
302.0	590.0
305.0	587.0
309.0	589.0
312.0	588.0
314.0	589.0
317.0	589.0
313.0	586.0
313.0	590.0
308.0	590.0
312.0	587.0
306.0	589.0
312.0	589.0
319.0	588.0
304.0	587.0
297.0	586.0
310.0	586.0
299.0	588.0
314.0	587.0
295.0	588.0
296.0	565.0
274.0	571.0
256.0	590.0
259.0	554.0
236.0	573.0
229.0	536.0
265.0	557.0
257.0	588.0
302.0	587.0
304.0	546.0
282.0	541.0
260.0	533.0
285.0	512.0
312.0	527.0
334.0	523.0
310.0	541.0
289.0	525.0
264.0	543.0
264.0	503.0
234.0	479.0
219.0	486.0
216.0	474.0
224.0	467.0
211.0	482.0
203.0	489.0
204.0	475.0
221.0	474.0
204.0	477.0
219.0	470.0
210.0	491.0
187.0	477.0
222.0	470.0
247.0	484.0
208.0	493.0
176.0	519.0
187.0	474.0
186.0	536.0
169.0	576.0
152.0	590.0
173.0	582.0
147.0	590.0
125.0	585.0
155.0	590.0
127.0	590.0
165.0	572.0
138.0	590.0
185.0	581.0
229.0	566.0
193.0	541.0
142.0	555.0
129.0	590.0
199.0	589.0
184.0	530.0
210.0	480.0
237.0	525.0
291.0	519.0
328.0	522.0
316.0	486.0
338.0	522.0
376.0	504.0
386.0	480.0
375.0	506.0
399.0	478.0
430.0	465.0
456.0	480.0
476.0	452.0
461.0	418.0
475.0	454.0
436.0	433.0
418.0	472.0
449.0	491.0
471.0	445.0
422.0	466.0
379.0	481.0
365.0	436.0
368.0	497.0
358.0	437.0
319.0	381.0
332.0	449.0
347.0	509.0
300.0	545.0
306.0	590.0
310.0	533.0
310.0	590.0
305.0	518.0
254.0	487.0
305.0	491.0
292.0	557.0
257.0	488.0
264.0	435.0
288.0	472.0
237.0	421.0
224.0	390.0
219.0	377.0
216.0	361.0
221.0	386.0
217.0	358.0
230.0	390.0
242.0	429.0
234.0	477.0
224.0	392.0
214.0	347.0
205.0	293.0
251.0	270.0
277.0	311.0
317.0	263.0
374.0	248.0
381.0	295.0
350.0	272.0
353.0	312.0
316.0	263.0
385.0	255.0
337.0	254.0
261.0	278.0
199.0	254.0
;end of file
