0.580399999999997	-0.569299999999998
3.05669999999998	-10.60844
5.66410000000002	-23.4217
8.39609999999999	-16.87791
6.69450000000001	-5.18105
4.65809999999999	3.9819
6.25360000000001	10.57626
5.78879999999998	10.45834
-1.12020000000001	15.58005
-2.9545	16.77756
6.6628	22.54144
7.46170000000001	27.61526
8.02170000000001	32.4637
8.62150000000003	37.21786
8.27800000000002	42.14215
8.12040000000002	46.9238
7.77940000000001	51.73444
6.91879999999998	56.0908
6.39909999999998	60.0499
7.86430000000001	63.7394
6.5881	65.77512
10.0104	68.4777
7.05279999999999	72.84216
6.43180000000001	77.5544
5.64859999999999	82.29333
5.15750000000003	86.70294
4.79899999999998	90.98203
3.70319999999998	95.3491
3.10469999999998	99.9105
2.31459999999998	104.58005
1.6884	109.63815
1.38600000000002	114.72946
0.595799999999997	120.2374
0.152499999999975	125.8154
0.083500000000015	131.55975
0.110500000000002	137.21454
0.936599999999999	142.88895
1.887	148.36285
3.75259999999997	153.66925
6.16219999999998	159.2833
8.57499999999999	165.14694
8.43790000000001	171.0646
8.27769999999998	176.9471
8.79820000000001	182.99362
9.29109999999997	194.1357
11.5682	199.60532
13.0172	188.55994
10.4532	180.02744
15.2637	173.89786
14.1553	167.85065
13.2032	162.05356
12.8685	155.8054
13.3317	147.07565
14.4674	135.22946
27.8894	120.74655
26.1806	114.04474
24.7699	127.65424
27.1611	142.6326
28.2364	150.8798
28.4445	158.8752
28.0245	166.42834
27.28	173.26324
26.4896	179.7192
25.3136	186.3505
24.215	192.50134
23.0876	198.67914
22.2201	195.17734
29.6388	203.9471
30.6368	202.26636
43.3397	194.32944
41.2338	185.9382
40.0768	177.71405
39.4664	169.38046
38.899	161.32492
39.2989	153.40424
39.5475	145.68796
39.8978	138.57565
39.521	131.08386
38.7628	123.63394
38.1669	116.16232
37.8416	109.0496
38.0375	102.40536
38.6322	95.78476
39.5493	89.56354
41.0857	83.46024
43.4886	85.72495
26.9708	90.7369
29.8541	96.2526
31.5594	107.73404
23.0138	101.71896
20.9371	92.80905
17.6322	87.3635
15.9019	81.43002
14.2183	75.94516
13.1769	70.80124
11.3041	72.39044
25.2709	78.72845
28.1691	72.8704
36.8125	64.72955
27.9945	59.19626
22.8526	49.3646
21.4556	41.12805
19.8894	31.73486
21.5712	22.68112
26.2299	13.90775
30.4596	29.35806
41.819	22.8846
56.3405	29.17844
54.7618	35.17307
52.4877	41.171
50.5303	47.00684
48.3712	53.42975
46.7775	59.24155
45.235	64.9836
47.1686	77.34122
46.256	71.37866
47.447	62.66104
82.225	67.77414
84.3451	62.85406
86.9922	58.00195
82.4012	54.08414
78.5826	49.42035
75.5317	44.1799
73.4239	38.80035
71.6981	33.26166
70.4365	28.17236
68.5176	23.35175
65.6832	19.24536
61.8251	16.3071
57.9822	10.65646
59.6412	11.99112
54.6732	8.62366
51.0231	0.90034
44.7899	-2.78944000000001
41.3577	-11.2687
35.9054	-20.39595
31.257	-29.87328
27.1213	-25.13058
29.2074	-15.6907
33.3229	-7.06133
38.7894	4.7184
33.0419	4.83359999999999
47.8657	4.68906000000001
60.5272	-1.12334999999999
61.1693	-7.16334999999998
62.0763	-13.15317
62.3596	-19.29337
62.6649	-25.50975
62.7139	-31.7161
62.8664	-37.68085
62.8544	-42.77756
63.6459	-38.23618
68.2095	-32.65482
71.5956	-28.3791
75.9649	-23.21245
79.8209	-17.76485
83.0598	-12.53355
86.5652	-6.90780000000001
89.822	4.23490000000001
74.0346	13.86136
72.1553	23.21075
73.5216	31.62045
79.7675	39.84375
85.025	33.5809
95.9163	28.33615
96.4577	31.23645
108.8817	35.87155
112.5662	25.42886
106.6442	19.32074
104.5731	13.07904
103.0363	6.78515999999999
101.8026	10.89136
96.1298	4.3596
95.1849	-2.24284
93.6948	-0.770250000000004
103.2949	-8.40604999999999
102.4912	-9.73343999999997
95.7802	-15.44125
97.9572	-21.04172
96.505	-27.70808
95.5551	-35.18425
93.8695	-41.39236
91.5811	-47.18425
88.9584	-52.9047
86.4403	-57.83635
83.2485	-62.29915
79.9332	-67.45612
77.2546	-72.88467
75.0668	-78.16302
72.4223	-79.4238
65.991	-83.60905
69.5646	-88.73935
69.4756	-94.30833
69.0039	-99.98318
67.9295	-105.64055
66.5823	-111.24152
64.5167	-105.55956
59.1653	-100.27438
59.0833	-95.01389
59.1693	-89.857
59.4538	-84.71906
59.5766	-79.58878
59.4715	-74.38565
63.8056	-64.00407
61.0821	-55.76839
54.683	-51.65965
58.3736	-48.04266
62.3239	-53.74455
62.7794	-58.94173
61.8678	-69.19405
60.7002	-74.42294
59.348	-80.19835
50.3073	-84.6688
48.934	-82.40562
34.8416	-77.41508
33.1189	-76.59128
28.9232	-72.09036
29.7101	-73.03152
25.4857	-69.035
24.8707	-65.73058
27.6226	-60.01395
27.5836	-54.51591
29.2706	-49.30846
31.0516	-44.5792
33.6884	-39.5491
36.4293	-39.90717
24.5154	-34.90388
25.6665	-29.53085
9.69979999999998	-36.03204
10.3881	-42.73569
9.31869999999998	-46.81705
11.3173	-42.9816
14.8937	-46.51138
18.2138	-43.02745
20.3915	-45.6334
23.9091	-49.9746
20.7395	-50.79745
25.5184	-55.88779
24.7836	-54.7037
19.3568	-56.7988
9.04759999999999	-51.54086
8.90690000000001	-45.57272
2.63420000000002	-39.8565
-9.86720000000003	-34.0485
-13.6361	-28.59325
-18.1444	-23.2924
-22.8259	-17.9766
-27.4582	-13.19199
-32.478	-8.74099999999999
-37.457	-5.33086
-42.6464	2.29585
-44.8295	3.55074999999999
-49.0381	-2.22755000000001
-46.744	-8.11099999999999
-48.022	-12.52538
-48.2797	-6.22532999999999
-53.4405	-2.93275
-58.4432	-9.30345
-61.2328	-1.79324
-63.661	2.67062000000001
-68.2666	5.49185
-74.0178	8.4639
-79.7945	14.36594
-83.2912	19.86404
-87.0575	24.8669
-91.4422	31.57834
-92.8127	36.88654
-93.7794	41.74973
-83.5957	38.11502
-77.4989	41.45795
-79.6278	49.65906
-77.3492	46.33276
-74.373	43.5574
-70.7074	40.95193
-73.9259	38.99274
-69.8732	36.00345
-73.7394	34.4382
-70.1025	35.58954
-66.656	31.95795
-64.9979	29.51196
-61.6881	26.3417
-58.87	22.67783
-56.4549	18.7435
-54.2676	14.42426
-51.0924	9.09533999999999
-50.7652	7.00479999999999
-46.1236	7.95016000000001
-42.2386	12.26804
-44.7347	16.84186
-43.5902	21.68454
-43.0018	26.7529
-41.9341	31.87112
-40.8999	36.76416
-39.909	41.8439
-39.0665	46.46475
-37.7098	51.86334
-39.8151	57.1592
-34.4794	62.8929
-32.3458	71.04333
-25.8043	66.00742
-27.3053	60.24225
-25.8959	54.45306
-25.551	51.66635
-34.9758	48.46426
-27.3599	42.81335
-26.1288	38.58182
-22.7478	33.933
-20.0613	29.3776
-16.6324	25.50412
-11.1473	20.46454
-9.13220000000001	21.40854
-2.11279999999999	26.9576
-1.61000000000001	32.53226
-1.32749999999999	37.96902
-0.881799999999998	43.20184
-0.941800000000001	48.5377
-1.4828	53.39825
-3.37580000000003	58.94406
-3.96820000000002	53.4255
-11.3572	58.70816
-10.7988	62.5754
-7.30430000000001	66.78815
-6.46730000000002	70.4388
-8.90100000000001	74.772
-8.47550000000001	74.7401
-11.9667	75.7699
-21.7339	78.5541
-13.8128	78.90564
-9.6825	83.0874
-10.8093	86.5419
-13.0945	87.54065
-17.1585	86.891
-21.0894	90.9608
-14.5505	94.6026
-13.0801	97.4477
-15.898	101.18384
-13.6387	102.6296
-16.8543	106.6127
-13.4547	111.23413
-13.4687	116.27615
-12.7624	121.078
-11.4156	126.1204
-10.8026	131.4148
-10.04	136.8682
-9.68759999999997	142.5039
-9.88639999999998	147.85974
-11.3885	153.76907
-11.9383	159.176
-10.6959	164.40894
-9.16890000000001	167.7123
-13.2176	170.08203
-9.3725	174.6985
-9.87540000000001	179.5233
-9.28500000000003	184.4643
-8.61610000000002	189.4242
-8.0582	194.3815
-7.03699999999998	199.32
-5.637	204.3132
-4.28980000000001	208.6562
-1.32400000000001	215.75854
-6.92189999999999	217.3118
-13.0441	219.9714
-19.7591	222.1799
-24.7957	226.4331
-21.9632	229.1079
-14.7734	234.4983
-12.5451	239.3766
-11.4753	243.1426
-13.7419	245.40613
-9.99299999999999	242.2448
-7.8526	238.62512
-5.93779999999998	234.9573
-8.2704	234.3378
-3.4042	235.03223
1.10809999999998	238.5322
3.12889999999999	239.4674
-1.47770000000003	242.9171
-3.25909999999999	246.4025
-5.2518	246.61575
-0.452400000000011	242.8444
1.5025	245.6422
4.697	241.3346
5.78250000000003	239.6479
9.48259999999999	244.18402
9.00839999999999	245.8998
13.1804	242.3003
13.2534	240.8384
16.7663	244.97113
18.0819	242.4778
21.6481	245.47775
23.9853	242.1735
27.0628	245.2632
29.7807	243.1122
33.2622	244.3351
37.7827	244.3803
46.3826	241.08954
55.4954	242.4236
51.2719	242.3748
41.8593	240.22433
36.6717	239.18304
31.6607	227.73355
31.7957	224.97098
24.4634	218.91412
22.554	219.33206
18.0253	223.81793
18.2126	228.23093
16.9863	232.31778
15.0754	236.42532
16.6562	237.11746
12.6889	232.78394
10.5715	235.93967
6.60809999999998	231.01413
6.7722	226.78323
5.80459999999999	222.63348
3.07490000000001	218.00784
1.99849999999998	212.87894
1.4074	204.76782
14.7402	209.70773
16.0493	214.69452
17.4544	212.19354
21.4791	214.81937
31.5454	215.36893
37.163	210.278
44.0306	214.70404
48.4258	219.36224
52.0976	223.11224
57.1379	226.12234
62.7421	228.45483
68.4143	233.95694
69.2155	230.89648
74.7254	232.81595
81.0134	232.63956
87.6348	235.59183
94.3162	234.81198
99.1755	237.02432
89.8218	237.43774
84.9586	238.91528
80.1159	238.7744
75.2878	240.03024
70.7355	240.23483
65.952	240.44583
61.041	244.3352
58.7602	244.67584
63.6955	245.08426
68.6292	245.06827
73.6811	244.38382
78.4784	244.2824
83.281	243.60443
88.1131	244.3557
93.2674	243.92667
98.8841	241.93372
103.7502	237.08173
103.6682	232.75577
105.1412	232.2636
110.6785	230.92963
116.2019	229.32828
121.68	227.87872
127.2486	226.1596
132.7333	224.33548
138.183	222.47232
143.6528	220.67477
149.1352	218.74103
154.5924	216.67697
160.0176	214.54242
165.6511	211.9182
171.9575	209.27945
167.4624	209.97678
160.223	206.44583
154.8793	200.51138
152.2483	194.13812
151.0895	190.3124
154.859	194.92966
158.51	190.79733
164.167	179.71332
164.4795	186.88297
150.8948	181.81192
148.9659	176.75363
148.2682	174.79492
143.465	169.26202
140.0696	169.834
147.4634	163.03885
146.0134	156.7285
144.4536	164.24197
136.0813	159.5801
131.2742	154.3196
126.9368	148.65738
122.6771	143.04495
118.6865	136.7932
115.9171	133.0446
121.0095	140.19702
125.3881	146.81702
130.8152	150.85492
142.6206	145.30356
141.0713	139.85526
139.0615	134.2235
137.2556	128.4121
135.0619	122.52457
132.5539	116.65292
129.693	110.42902
126.9568	103.79025
124.3048	97.29745
120.8787	91.13983
106.4934	106.72208
110.7878	115.36606
114.3059	124.62802
112.7434	130.14633
114.5725	121.80023
106.4972	116.60843
102.0406	111.21832
98.2856	105.4547
95.8808	100.01956
93.4499	94.53732
91.6162	89.01263
90.3789	83.63263
88.9535	78.3583
87.458	73.18887
86.0527	68.49026
89.3323	70.99356
97.3152	56.88593
98.4248	44.72162
92.1312	49.5469
97.5803	60.54913
103.3983	62.4926
109.6083	53.23062
115.8229	41.89127
114.3143	47.7044
114.5022	58.6328
118.1236	63.9016
120.5378	69.62326
123.7197	79.52505
106.266	84.75516
112.2436	90.95755
117.1617	74.87173
128.1434	80.52945
132.1211	86.64737
136.0425	93.06012
139.5625	100.01172
142.5731	107.3311
144.9988	114.56253
147.3083	121.8293
149.4331	129.1339
151.7469	136.36795
154.2421	143.84863
156.6277	151.29318
159.7217	159.13156
163.0577	166.37546
167.9524	173.9211
170.791	175.39505
177.6289	175.55228
185.1987	176.13376
192.2475	174.3373
199.2598	172.58392
205.5566	181.3258
201.1063	192.21292
198.281	194.59488
193.1914	197.29886
187.3009	199.23587
181.8213	200.89297
176.5754	205.6946
173.771	209.79663
177.6653	206.20847
181.7449	204.19772
187.157	201.56906
192.5692	198.7831
197.8384	195.97852
203.1328	191.04642
204.5373	189.64322
209.3769	184.42233
210.5012	188.16653
215.0478	186.2633
221.7809	182.73163
217.0459	176.4728
218.81	176.83768
213.1824	170.5176
211.897	171.10162
218.0428	167.31912
222.2954	165.1654
228.2568	169.054
231.3379	173.80655
225.2898	180.22635
222.4368	181.1328
227.7126	177.12967
231.8074	174.3124
237.1018	170.0085
241.4309	166.54166
246.3843	162.00998
250.4296	160.05008
256.3049	154.6339
258.7594	152.13602
264.4813	147.44412
268.9436	143.23166
273.8376	138.10916
278.4491	133.99533
284.0461	128.48163
288.3226	123.60233
293.6583	118.09067
298.7754	112.52017
303.7844	106.43793
308.4934	100.54556
313.7766	94.63028
319.0102	87.85287
323.3198	81.6224
328.2054	75.18982
332.9606	68.3688
336.9625	62.01456
341.6483	55.4811
345.8122	48.53445
349.2477	41.87213
352.9463	35.45023
356.8368	28.39896
359.0085	22.4775
363.0649	15.7279
364.8417	10.06683
368.8578	3.04275999999999
369.2207	-0.640719999999988
374.3852	-7.18392999999998
373.335	-13.12195
376.9795	-19.90015
377.3137	-25.39856
381.2357	-31.97728
381.0881	-38.24902
383.5889	-45.17813
384.6553	-52.04158
386.5177	-59.09018
387.1577	-65.92114
388.7158	-73.16602
389.7583	-80.87802
390.7076	-88.3768
391.3281	-95.81555
392.0975	-102.54251
392.5649	-108.80594
393.1579	-115.33238
392.7778	-122.17062
393.2834	-129.20556
393.4679	-136.32824
393.3989	-143.4751
392.7347	-150.6123
392.7857	-157.54568
391.961	-164.54275
391.861	-171.30905
391.211	-178.17514
390.1508	-184.97738
389.0859	-192.23318
388.2229	-199.53744
386.7339	-206.75061
385.268	-213.50802
383.2304	-220.15671
382.6096	-225.76168
380.0761	-231.81274
380.1101	-236.54861
376.5009	-242.51558
376.8496	-247.66043
373.398	-253.88705
371.7791	-259.8793
369.0821	-266.44204
367.2368	-272.62323
364.2814	-279.01058
361.6972	-285.15411
358.5005	-291.27566
355.3169	-297.31451
352.1101	-303.78142
349.4444	-309.56529
345.7919	-315.28825
341.8428	-321.34179
338.3734	-326.83011
334.1026	-332.64535
330.5271	-338.11459
326.6475	-343.46017
323.1325	-348.08775
318.8461	-353.29187
315.6011	-357.74518
311.4251	-362.46905
307.6835	-367.20831
303.9223	-371.04138
299.4577	-375.83627
296.0264	-368.08841
292.7987	-364.27012
298.4825	-360.64891
292.8614	-357.05844
286.8026	-351.85196
285.386	-354.32429
291.0519	-356.17085
296.316	-350.84323
295.7821	-347.74228
290.8003	-344.5849
286.0652	-342.00406
280.356	-348.51602
280.5103	-344.92746
275.2615	-338.49734
275.3686	-333.92645
269.8821	-332.25028
263.4126	-330.31869
254.8181	-334.37309
257.0613	-340.80859
256.204	-343.82121
252.7188	-339.25839
243.8503	-333.78454
243.4403	-332.8322
249.9418	-327.57446
249.0872	-325.03332
243.8022	-322.6029
238.3655	-319.75688
233.1625	-316.93881
228.0572	-313.77566
223.1877	-311.55996
217.855	-307.65405
213.5811	-305.32046
208.1411	-302.28375
202.3243	-299.69861
196.4798	-296.91428
191.3958	-294.8751
186.3247	-292.85288
181.5009	-291.55368
176.585	-290.41147
171.6805	-290.06199
166.8931	-289.68966
162.1415	-300.95669
154.4397	-299.61896
149.8492	-296.54991
150.9645	-287.54275
157.805	-286.03412
153.3803	-284.20805
149.3546	-283.59656
144.4477	-280.7529
145.8123	-280.12301
140.9217	-272.40385
137.1634	-272.04348
131.324	-275.64273
133.384	-277.66928
137.3036	-290.49829
137.1834	-295.73971
146.2556	-293.32762
141.6431	-288.06424
132.469	-285.2744
127.7415	-282.82585
122.5752	-277.08508
127.9624	-271.42082
126.481	-269.51617
121.4903	-267.26778
116.4966	-274.04924
117.9849	-276.25918
122.5917	-278.89911
118.228	-276.77701
113.2318	-278.6853
107.9757	-280.23053
102.7837	-281.24559
97.5177	-281.6195
92.1819	-282.5823
87.4917	-281.84947
82.0418	-281.90727
76.4919	-277.78011
86.9239	-273.31209
88.2674	-272.27193
84.4538	-267.213
82.1086	-268.13182
87.1993	-260.27693
94.4375	-262.60727
99.5862	-265.41747
104.9148	-266.26937
111.6099	-263.56703
108.3633	-261.19337
103.4254	-258.34685
98.2215	-256.56797
92.9189	-254.04265
89.4956	-253.04164
85.4467	-257.96642
87.3014	-262.90465
86.8084	-263.16257
78.9268	-258.84145
76.5843	-255.01687
73.4312	-251.39672
69.8811	-258.95433
58.2314	-261.32094
53.3999	-266.3619
53.9821	-264.81997
49.6133	-265.07897
42.3727	-268.20925
46.5242	-270.12337
51.6675	-273.45815
55.3456	-277.31157
51.0999	-278.90395
55.9676	-283.50969
52.2134	-285.86962
47.9056	-281.07161
46.3449	-276.64159
45.8931	-278.26015
41.4004	-277.17514
36.8517	-285.5681
34.3195	-292.73183
39.47	-295.01879
34.6248	-297.72666
38.2829	-304.77994
42.5865	-305.59642
46.8238	-310.39397
45.2841	-315.42473
48.1591	-313.35375
52.8158	-319.17516
54.5229	-324.61521
54.0801	-329.53411
54.6263	-327.57108
47.6099	-322.31703
48.8151	-317.59378
43.407	-319.19298
38.5642	-322.75207
42.8601	-328.46581
41.1319	-324.57433
36.3478	-330.49601
33.7762	-336.65703
34.9699	-333.71037
38.7754	-334.62257
43.608	-332.87253
49.4429	-338.1072
49.0523	-340.35533
54.4015	-334.64975
54.757	-332.78237
60.4596	-337.68068
58.7254	-342.30287
60.4385	-347.0521
62.9056	-336.04741
63.6376	-332.00455
66.9543	-327.03334
65.7016	-328.38517
61.3994	-323.73978
60.335	-319.00829
65.16	-316.45632
60.3885	-312.41442
58.3096	-309.16582
55.0452	-306.23842
51.1606	-304.2339
56.0408	-300.11045
54.5909	-301.39357
49.1874	-296.83614
49.295	-298.05782
43.729	-293.38585
45.6596	-289.53007
43.7753	-289.40712
50.8457	-291.0853
56.9107	-281.02196
60.6787	-282.00345
65.9021	-282.10503
71.1004	-293.02281
63.5293	-294.80794
70.0633	-296.96624
75.5244	-300.98406
81.3575	-302.17833
88.9724	-301.87621
97.0005	-290.65593
97.0125	-286.68361
91.9997	-294.00492
102.6907	-298.8741
103.7149	-298.46529
109.747	-302.41414
115.7989	-304.92571
122.5081	-307.63414
129.186	-309.75258
135.7555	-311.25087
142.2187	-312.27903
149.2115	-315.55521
154.9251	-313.26577
161.1141	-320.59397
159.8538	-324.54012
165.2586	-326.45247
171.6465	-329.35367
177.8235	-332.09073
184.1539	-335.09977
190.5042	-337.47502
197.3197	-339.57881
204.6026	-325.50463
205.7	-320.63913
198.95	-329.74515
211.108	-341.27463
213.3033	-337.20641
221.212	-343.84178
220.6145	-346.27647
227.7371	-349.15895
234.7737	-351.78151
241.8898	-356.93317
247.0066	-347.62792
254.6781	-345.08145
258.0398	-342.54577
261.3526	-347.05184
263.9228	-350.9028
270.3414	-354.81835
266.7051	-362.37825
251.7285	-366.13085
258.3217	-362.46746
262.68	-357.00188
271.3367	-354.10538
280.4863	-359.26845
276.8116	-364.31978
269.4158	-369.55987
265.74	-374.04753
272.1534	-376.56731
279.5704	-370.55687
280.3057	-366.17443
276.0713	-363.27906
282.0136	-366.78264
286.3981	-372.3841
288.7054	-377.61025
287.4229	-380.6147
292.361	-385.09581
286.6304	-389.87749
281.9365	-394.82753
277.0219	-399.12189
271.4935	-403.96233
266.3389	-408.9938
261.0149	-413.28406
255.1	-418.64195
250.2011	-421.227
243.5645	-427.51984
239.9642	-429.90805
233.2825	-434.7353
227.6691	-438.47736
220.9916	-442.80173
214.5669	-446.67026
207.8237	-450.89354
201.2619	-454.40935
194.1485	-458.75644
187.5162	-461.84041
180.0315	-465.11086
172.6761	-468.17686
165.2715	-471.41623
157.8962	-474.043
150.2214	-476.81747
142.6427	-479.09152
134.9108	-481.66765
127.3233	-484.06094
119.5539	-487.7062
112.6365	-487.08093
105.0049	-490.88124
98.4053	-491.0865
90.5745	-492.9561
83.169	-493.58197
75.7857	-494.72777
68.9533	-495.6729
61.9922	-495.38957
55.4841	-495.91339
48.9097	-496.8159
42.4701	-497.13486
36.1668	-497.23051
29.97	-498.13359
23.6968	-497.75108
16.9675	-497.97406
10.6189	-497.69247
3.8843	-497.80658
-2.5727	-497.46342
-9.4316	-497.25214
-15.9021	-496.6395
-22.801	-496.34682
-29.7232	-495.14114
-36.0578	-495.25308
-42.8023	-492.73442
-48.6683	-492.45032
-55.2834	-490.85486
-61.7169	-489.67752
-67.8309	-488.62796
-73.8344	-487.10489
-79.6805	-486.2136
-85.611	-484.08206
-91.1638	-482.76218
-96.8664	-480.99312
-102.3227	-480.19931
-107.9111	-477.1023
-112.437	-476.70541
-117.913	-474.16924
-122.7334	-472.88728
-128.0473	-469.92511
-132.6925	-469.51984
-138.1702	-465.40326
-141.802	-465.69952
-147.2849	-461.7909
-151.385	-460.30428
-156.911	-456.86888
-161.5941	-455.03421
-166.9702	-451.50876
-171.3942	-449.96262
-176.7775	-445.5866
-180.3629	-444.80972
-186.1763	-440.39897
-189.8459	-438.95879
-195.3363	-434.48712
-198.7502	-431.9723
-203.9777	-428.21725
-208.5607	-425.15361
-213.5195	-420.8259
-217.7888	-418.51746
-223.1497	-413.89075
-226.8969	-411.17517
-232.1623	-406.54947
-235.9067	-403.2927
-240.7758	-399.03053
-244.445	-395.46112
-248.9907	-391.64005
-252.8545	-388.04643
-257.135	-383.36964
-260.223	-380.90025
-265.5119	-376.68944
-267.8917	-378.70684
-274.2002	-372.39479
-270.4481	-370.74771
-264.9054	-367.79045
-259.962	-372.56999
-259.1733	-377.51984
-260.4201	-381.30731
-252.666	-374.86806
-253.2662	-374.1463
-247.1065	-380.74538
-245.7956	-375.36055
-240.2955	-371.08434
-234.4578	-367.2715
-228.4836	-364.27227
-236.1611	-365.21317
-241.6992	-367.23763
-246.4583	-369.94983
-249.9742	-367.37731
-254.5148	-361.96404
-252.75	-362.66512
-257.2517	-361.71019
-262.1977	-358.13753
-265.033	-356.55014
-260.0815	-353.04218
-256.2583	-353.02258
-251.6726	-357.43006
-254.629	-358.1298
-249.7785	-355.13777
-246.7436	-350.17075
-244.7519	-344.3108
-237.9245	-347.6247
-240.8487	-354.52441
-242.4671	-360.27107
-225.0687	-353.83869
-222.3503	-352.81324
-214.9738	-349.9448
-207.864	-346.29807
-200.6687	-343.44659
-193.4887	-338.57508
-188.2426	-342.10333
-181.8608	-340.65135
-174.6949	-338.8106
-167.4697	-336.04899
-160.302	-332.78858
-153.8945	-330.0742
-147.3354	-326.86285
-140.8812	-322.56483
-134.6876	-316.9101
-129.7379	-314.00506
-118.7856	-315.42999
-124.2315	-313.49546
-134.9069	-307.10749
-132.651	-303.18743
-128.359	-298.7572
-124.333	-294.91969
-119.6174	-312.2913
-112.7205	-310.55803
-106.623	-308.63061
-100.4187	-306.01106
-94.5881	-303.2335
-88.6884	-299.66303
-83.6029	-295.43369
-78.797	-287.7514
-70.6414	-290.97242
-74.6478	-300.24149
-77.9448	-300.79858
-72.4339	-301.12443
-66.9543	-301.75144
-61.5566	-298.69128
-57.4134	-300.58483
-53.5522	-298.19904
-49.7824	-298.25964
-45.2705	-295.23662
-42.4147	-297.22845
-39.1713	-305.82803
-39.3531	-311.08267
-39.139	-315.55499
-40.5435	-321.429
-42.5581	-319.04021
-37.2572	-323.08108
-32.7384	-318.17975
-31.4541	-318.10925
-26.7165	-322.783
-27.6985	-327.0821
-29.7368	-330.63018
-27.7172	-332.69227
-32.6569	-328.12975
-35.45	-323.65058
-38.1048	-327.24024
-40.9322	-331.27331
-43.3684	-332.39642
-38.2052	-337.19665
-36.1378	-337.13125
-41.103	-341.19586
-44.3248	-347.04816
-43.5847	-349.36786
-38.0504	-342.43097
-38.194	-339.62631
-32.177	-345.26652
-33.2905	-345.52017
-28.279	-351.29022
-27.5266	-353.09834
-22.4626	-347.5448
-23.1846	-342.61888
-23.5224	-339.52842
-26.9141	-335.28276
-27.848	-332.91289
-22.8957	-329.64798
-19.3908	-327.20605
-24.0813	-322.25426
-22.5817	-323.71857
-18.6567	-322.99766
-13.4841	-318.62839
-16.4052	-317.55685
-20.9699	-313.63377
-23.151	-313.78306
-17.6838	-310.23973
-20.566	-306.25053
-22.1027	-303.35974
-19.0584	-299.27752
-17.9439	-300.76401
-22.9257	-299.74878
-27.4311	-304.4245
-26.6406	-309.30939
-25.7172	-307.65195
-30.3505	-312.84227
-30.4185	-314.53494
-35.044	-309.49766
-34.6143	-304.19726
-35.2014	-302.49725
-31.1249	-297.80499
-33.4828	-293.90829
-36.3074	-292.07135
-32.0923	-290.28906
-27.2394	-294.86833
-28.6115	-296.38681
-24.3546	-295.50859
-20.3356	-294.48996
-15.6244	-291.68365
-18.1743	-290.11027
-14.4387	-292.98724
-11.0718	-297.80191
-9.84739999999999	-300.9379
-12.1882	-303.65002
-14.7647	-307.17328
-16.8906	-310.41717
-14.2875	-314.51938
-13.031	-318.83664
-12.29	-311.96702
-4.86410000000001	-310.53288
-9.43799999999999	-306.46796
-11.5682	-302.93657
-8.42899999999997	-306.52429
-5.74880000000002	-306.75564
-1.7328	-302.32989
-2.23579999999998	-294.68826
-7.2373	-290.77415
-7.14030000000002	-288.42132
-10.6524	-285.93759
-7.07490000000001	-283.97796
-10.528	-285.86636
-14.8261	-287.50962
-18.7619	-290.83891
-21.9185	-286.77829
-23.8413	-285.08176
-28.1637	-281.67938
-23.5603	-277.75815
-25.206	-278.06889
-20.1837	-282.8986
-18.5062	-278.15112
-15.3676	-277.72607
-10.6392	-266.13214
-9.8974	-266.94635
-5.35980000000001	-268.24377
-1.16550000000001	-268.57672
3.14600000000002	-272.54497
0.999799999999993	-276.67505
0.119799999999998	-277.47832
-5.04109999999997	-280.90465
-7.35789999999997	-280.22763
-1.13990000000001	-283.92503
-3.2636	-289.36392
-3.37470000000002	-293.07036
2.86309999999997	-294.2755
8.13740000000001	-296.80945
13.7613	-298.74852
9.94159999999999	-302.73851
7.74200000000002	-297.98179
5.19049999999999	-298.16403
0.671899999999994	-302.23907
2.88799999999998	-306.5601
2.21080000000001	-311.35741
-0.0871000000000208	-315.76584
-1.04640000000001	-317.33989
-5.05099999999999	-323.15347
-6.54590000000002	-325.53976
-2.92649999999998	-324.93541
4.7022	-329.72265
5.18959999999998	-334.97062
6.2903	-341.056
5.0052	-345.6066
6.49099999999999	-345.08154
1.19630000000001	-345.38811
-3.94819999999999	-343.1846
-8.1053	-338.78595
-5.64600000000002	-339.54462
-0.514599999999973	-333.1422
-1.22879999999998	-327.60324
-10.4592	-326.9845
-15.1086	-331.17294
-14.1687	-334.41717
-17.6422	-337.74637
-21.458	-339.11868
-16.3591	-343.26132
-19.229	-344.02714
-14.4788	-347.98356
-17.4591	-352.93545
-17.1156	-357.51614
-14.6582	-361.82655
-12.0249	-363.58053
-17.366	-358.23537
-20.6449	-362.72841
-24.2259	-357.28758
-26.0207	-355.33516
-30.924	-350.96165
-33.1225	-355.76387
-38.1416	-361.66752
-35.2276	-362.62248
-29.1496	-369.01605
-26.8267	-367.56525
-21.6992	-372.68652
-21.8257	-370.12252
-16.572	-367.09175
-11.6284	-373.44147
-10.9781	-376.28259
-16.4531	-380.26521
-10.4826	-382.62238
-3.94470000000001	-376.02423
-4.4778	-377.66708
2.154	-384.13785
2.87310000000002	-382.13132
10.0296	-375.71803
8.5249	-377.09812
14.2008	-383.44476
16.8053	-379.61218
20.7044	-384.00052
24.485	-381.72357
31.3058	-378.22473
36.6922	-374.49563
42.4115	-368.94469
46.574	-362.65701
49.677	-359.88727
56.0296	-358.26047
61.033	-353.06946
58.14	-346.92357
56.9975	-347.42212
51.8255	-354.62846
51.5675	-352.74344
46.0633	-349.73355
40.1487	-344.48761
38.8562	-346.62823
43.9378	-341.38809
44.3057	-339.00316
39.3437	-341.9993
34.7832	-344.04662
28.8743	-350.37851
23.6934	-353.43306
29.9036	-349.37659
34.7563	-354.06689
37.1546	-359.166
38.764	-357.7848
45.551	-362.82043
42.0829	-367.8719
39.397	-369.50072
34.126	-362.9048
34.6669	-358.87507
30.2422	-364.28459
28.2867	-369.90935
26.7647	-374.2185
30.0999	-376.75824
25.0192	-373.27728
18.7754	-367.57254
20.9395	-368.24203
15.6671	-372.24406
12.3664	-367.79535
10.1159	-365.90282
5.06779999999998	-369.27469
-0.594200000000001	-370.42761
-6.2998	-365.7682
-4.29090000000002	-361.65088
-6.98509999999999	-357.28108
-8.87900000000002	-353.49779
-12.0503	-348.89349
-12.2978	-352.1328
-7.30180000000001	-352.206
-1.76839999999999	-351.89911
3.94069999999999	-352.88793
10.3465	-354.02443
16.646	-346.89594
12.9666	-341.32207
15.668	-343.75631
19.6189	-344.72168
24.1795	-339.57331
24.9502	-336.89794
19.924	-329.94036
15.1994	-325.15593
19.6053	-325.89519
14.157	-324.84127
9.5213	-318.24018
9.31389999999999	-316.71564
3.96409999999997	-312.63793
4.40519999999998	-313.51848
10.1387	-317.54183
14.2024	-317.08558
18.6682	-312.19106
15.5989	-308.64938
23.5393	-310.30868
28.2202	-310.62514
33.308	-314.96424
30.032	-325.50133
26.1673	-323.43175
31.1009	-319.58892
33.2475	-315.21692
35.0587	-313.15345
38.9844	-308.74395
38.2316	-305.93056
34.7757	-302.74242
38.3587	-301.36431
33.5232	-305.82941
30.1435	-304.68067
25.473	-300.62085
22.462	-304.77297
20.1724	-302.64086
13.0526	-300.91321
17.2749	-296.19722
18.3056	-295.43071
24.9226	-301.00043
28.3306	-292.15777
28.3676	-288.35201
30.5424	-287.26119
26.5476	-283.55883
28.5559	-277.18728
31.7237	-277.32601
26.676	-264.02123
25.8587	-265.84468
21.1256	-277.42487
21.8268	-282.91811
15.8242	-287.33242
16.2422	-287.31412
10.508	-289.04448
4.78640000000001	-284.67959
6.32459999999998	-279.70142
7.92910000000001	-277.72512
4.36110000000002	-275.12137
8.63440000000003	-272.97272
12.3982	-277.45306
12.7531	-278.54522
17.1098	-274.41357
16.9955	-269.57756
17.4014	-265.90172
15.1431	-263.99782
10.3698	-265.90948
6.64089999999999	-256.54599
10.1574	-251.28372
10.1154	-237.2908
17.2067	-232.28329
21.3068	-229.06396
24.8031	-225.06662
24.6801	-225.56792
28.488	-224.53885
32.6756	-223.57056
36.8622	-226.0907
41.407	-223.74447
44.8783	-217.33676
48.6589	-219.21802
53.0751	-223.2106
56.8691	-227.08852
60.5895	-230.6333
63.3423	-238.59967
67.2865	-247.12845
66.7045	-234.08442
65.9603	-229.06272
67.9554	-225.88455
65.1604	-223.91626
70.147	-221.39372
65.2125	-222.86352
61.1205	-219.25247
57.4921	-208.75604
53.886	-195.2265
58.6281	-195.84939
46.8302	-191.76977
48.4141	-181.48306
49.9896	-174.59015
47.2441	-163.94855
38.3219	-174.50015
39.9167	-184.98764
40.5214	-189.5278
39.4515	-188.72607
35.4175	-194.91809
37.5673	-205.2518
43.1797	-207.2247
48.0204	-211.32608
42.0059	-216.84399
43.8541	-217.52637
39.3204	-219.26992
34.7321	-220.30289
29.8956	-220.66138
25.3485	-223.78924
21.2019	-228.21022
19.3756	-233.00296
17.1373	-236.29397
11.1815	-230.65792
8.38099999999997	-227.30278
4.98020000000002	-224.83776
0.667100000000005	-222.92321
-3.8981	-208.64994
8.31509999999997	-215.44934
13.6711	-221.40038
12.2052	-214.23751
25.3531	-205.74004
32.4116	-208.99354
19.0375	-202.77922
13.3087	-195.23827
11.906	-179.72606
2.0249	-176.12218
-8.4058	-180.19377
-14.2084	-167.12487
-14.9303	-162.54097
-11.9534	-152.07369
-14.9528	-143.79991
-15.4496	-137.13472
-15.144	-130.53499
-12.8661	-124.40709
-11.8497	-114.06477
-18.2033	-105.55173
-11.3167	-94.90424
-12.9879	-109.18428
-15.6732	-118.95885
-20.0736	-123.88219
-20.9875	-129.03314
-22.5337	-133.26766
-25.7553	-133.14074
-32.3737	-128.50524
-41.9111	-124.6783
-45.1085	-132.97896
-39.4718	-136.88546
-36.4562	-138.9218
-40.9008	-143.166
-38.4552	-148.3582
-38.5172	-153.31578
-37.3218	-158.26184
-36.0414	-163.359
-34.9938	-168.18554
-33.4895	-173.86004
-35.5736	-183.64717
-38.9132	-193.60591
-42.4754	-198.98334
-43.3445	-203.9222
-45.4409	-209.6931
-45.7934	-206.21456
-40.5708	-197.00109
-36.5753	-188.66078
-40.5599	-178.82238
-36.8523	-172.95494
-31.2082	-179.19674
-20.0264	-194.4724
-18.3931	-219.67656
-13.4429	-221.38469
-8.67590000000001	-219.80129
-18.1969	-219.93904
-22.7248	-221.36391
-26.8039	-226.53539
-21.4051	-230.38991
-19.3918	-229.58594
-24.6106	-225.38121
-32.4437	-221.71874
-31.1727	-223.50204
-35.7252	-229.92128
-31.6063	-232.88329
-34.8265	-236.68284
-37.7092	-232.88024
-39.9031	-231.9504
-44.6589	-228.71141
-42.2991	-227.5877
-37.5754	-224.8405
-41.1633	-221.04601
-43.3801	-219.44954
-36.3957	-215.76616
-34.8058	-206.72008
-34.1262	-213.77062
-38.8916	-214.89098
-46.4792	-219.91692
-47.9143	-224.00707
-49.8776	-225.20351
-45.6526	-228.88658
-48.1304	-227.29094
-52.8537	-231.86156
-54.5316	-233.71501
-48.8274	-236.11141
-45.8437	-236.65511
-42.0666	-240.89717
-41.332	-240.20594
-45.6241	-244.23009
-45.227	-243.78121
-49.3019	-248.51079
-48.2754	-253.15508
-50.6029	-261.06066
-37.4952	-254.5158
-30.8216	-264.66144
-30.5028	-266.49138
-23.1904	-272.42194
-21.831	-271.71126
-29.6044	-277.16608
-36.8307	-279.20616
-30.3334	-283.87201
-28.8642	-284.09621
-33.8246	-290.67461
-33.1982	-286.50124
-37.9956	-286.43484
-43.4062	-286.93954
-49.274	-286.19688
-55.0891	-284.86528
-60.5509	-287.4266
-66.4707	-287.65347
-72.4354	-284.07107
-77.004	-283.67448
-70.2244	-282.28833
-65.3298	-278.7727
-69.7757	-276.24125
-65.2695	-271.30984
-62.7126	-266.64982
-59.5473	-262.06532
-56.4106	-257.59949
-53.3767	-257.2128
-62.7141	-252.69784
-63.7285	-254.2185
-58.9778	-250.7092
-55.8376	-247.20776
-52.8042	-242.3006
-53.3644	-238.80154
-49.6477	-237.6188
-54.1431	-240.02765
-57.9016	-244.66292
-57.2278	-242.94572
-61.251	-248.09792
-61.6649	-244.54397
-65.1401	-247.04806
-68.2158	-245.71799
-72.6542	-244.51187
-79.522	-245.27286
-85.3745	-246.27099
-90.7721	-252.22275
-91.3432	-250.60382
-86.3468	-249.22024
-81.3722	-248.48959
-76.3591	-250.78602
-70.469	-255.94458
-69.8127	-261.19986
-70.7368	-260.14102
-65.4509	-263.97455
-67.5104	-267.23465
-70.6147	-272.57835
-70.3259	-269.88862
-74.8452	-270.48199
-80.2032	-271.91479
-85.265	-274.08322
-76.8663	-277.01854
-81.28	-282.02975
-82.2771	-283.37704
-89.1174	-286.42004
-93.5599	-279.13943
-86.8536	-274.6037
-89.9203	-276.64978
-94.071	-277.74064
-99.1205	-277.67904
-105.4961	-278.01754
-111.4349	-277.45574
-117.4426	-260.25254
-124.1373	-257.7976
-118.948	-257.0183
-113.2223	-256.23004
-107.9308	-255.22087
-102.6499	-254.12767
-97.0632	-249.54514
-95.5784	-249.2592
-100.9947	-249.47894
-106.0947	-249.96047
-111.4309	-250.38039
-117.1448	-250.73589
-123.4115	-263.15532
-129.2107	-265.80956
-134.6313	-266.76628
-144.2594	-259.68714
-143.8227	-251.76146
-136.9763	-251.35394
-130.3467	-252.49324
-142.944	-248.92046
-148.6474	-248.73061
-155.5686	-249.911
-162.7532	-248.89858
-169.6026	-248.7322
-176.8042	-249.6007
-183.7878	-250.5092
-190.1968	-251.62651
-196.4908	-252.95986
-202.6911	-254.92717
-208.5566	-255.83062
-214.5279	-261.1404
-216.2607	-267.03997
-217.2618	-272.29479
-217.6286	-267.55477
-223.8216	-273.39751
-233.1651	-278.59278
-233.0315	-268.23224
-232.8579	-262.43608
-227.5134	-262.87731
-220.7261	-256.46129
-219.9336	-258.85677
-223.9885	-255.39124
-227.6146	-258.0165
-233.3472	-255.88439
-239.4341	-254.68557
-245.7314	-255.78408
-252.0793	-257.28142
-257.6026	-259.38292
-264.5572	-264.68572
-265.2147	-268.86314
-262.2392	-265.98076
-258.3227	-269.50951
-257.1665	-267.30248
-252.9165	-263.48874
-243.6114	-263.17781
-233.4499	-263.22951
-238.5884	-265.02017
-248.457	-274.28041
-250.8874	-272.86675
-254.7629	-272.68392
-259.9128	-276.13968
-257.3135	-285.03426
-261.4891	-284.4533
-267.4081	-287.42826
-270.8037	-282.48464
-274.6816	-277.84183
-266.9979	-277.76713
-261.8612	-273.58016
-264.6632	-269.48673
-266.7636	-270.14344
-271.3397	-273.05137
-274.4568	-274.10163
-269.4607	-278.0453
-272.3078	-275.66779
-278.0688	-275.05869
-283.2395	-270.36854
-278.8286	-265.06361
-278.6736	-266.93433
-274.7139	-266.01252
-270.1069	-260.03461
-271.5459	-259.77406
-278.4787	-259.13654
-284.9177	-265.60822
-283.3179	-268.04256
-287.9199	-267.88462
-293.9812	-273.37684
-292.6228	-274.53048
-287.7075	-279.6119
-294.3378	-281.30851
-287.8265	-283.36106
-281.895	-291.88839
-282.8297	-288.93832
-277.7468	-293.34322
-273.5299	-292.09617
-265.7698	-290.37461
-257.9374	-285.07682
-255.1643	-287.36543
-250.5526	-286.49256
-244.0586	-282.79996
-238.9153	-282.88126
-233.1045	-281.36216
-227.6028	-281.06809
-222.3193	-278.75811
-217.3562	-279.56181
-212.2753	-279.25048
-206.9457	-279.34748
-201.7476	-279.75074
-196.9424	-279.88893
-192.1123	-279.62347
-187.2107	-279.59087
-182.0029	-279.47369
-176.6828	-279.33259
-171.6369	-279.87956
-166.4812	-280.0051
-161.1456	-279.41993
-155.6999	-278.333
-150.1743	-275.53161
-144.9236	-271.9356
-141.6958	-273.29609
-136.6157	-274.38049
-130.3832	-275.90887
-123.7602	-288.21067
-117.8209	-286.28779
-112.1815	-284.58326
-106.7607	-281.69189
-102.1031	-288.80513
-98.8063	-290.25697
-104.1042	-292.36616
-109.2746	-294.96661
-114.6859	-290.42113
-123.2607	-292.68635
-128.4068	-294.8933
-133.546	-296.46996
-139.0395	-297.11924
-144.3238	-298.77561
-149.8679	-301.17834
-154.8774	-303.74493
-159.9724	-304.84663
-165.499	-307.09376
-170.9598	-309.62884
-176.2229	-326.18006
-172.7766	-331.98228
-182.9951	-328.75532
-178.5366	-312.3064
-181.4347	-315.23296
-186.5113	-318.66721
-191.4338	-322.11787
-196.556	-325.51493
-201.4525	-328.66346
-205.2366	-332.51513
-209.4926	-326.69474
-209.8497	-328.969
-215.5239	-335.77442
-214.4441	-340.53338
-207.2376	-343.49224
-215.5781	-345.48534
-221.1868	-332.10644
-220.5476	-335.17683
-225.34	-338.17927
-230.3569	-338.08507
-235.7001	-348.8714
-233.1682	-341.11945
-239.8589	-344.04621
-243.772	-349.12404
-245.4258	-346.41956
-249.1579	-350.8445
-252.9563	-351.14283
-258.4223	-354.33234
-263.404	-357.30877
-268.1958	-362.35979
-270.5129	-366.35669
-267.5497	-369.31308
-272.1335	-373.3462
-274.888	-368.85869
-278.7608	-364.06151
-281.9221	-360.20423
-286.1672	-355.13622
-288.9964	-351.16948
-293.2142	-346.37398
-296.8664	-341.29462
-299.9718	-336.53072
-303.7132	-331.65154
-307.232	-326.27483
-310.0987	-321.72423
-314.0365	-316.12322
-316.2115	-312.57201
-320.7672	-306.90963
-321.7803	-302.32557
-325.5245	-296.53858
-327.3898	-291.23446
-330.2472	-285.87157
-332.8794	-280.5454
-335.3486	-275.05231
-337.6982	-269.96278
-340.8002	-264.10344
-341.4779	-259.41278
-345.061	-253.43126
-345.6887	-248.35302
-348.8606	-242.30175
-349.3032	-236.98218
-352.3544	-230.70656
-353.0422	-224.51595
-354.9953	-218.23754
-356.7887	-211.5866
-357.6975	-205.25283
-360.1069	-198.41802
-360.1909	-192.06898
-362.3352	-185.15044
-362.5396	-178.30998
-363.7747	-171.60222
-364.4085	-164.62145
-364.6991	-157.85341
-365.7703	-150.94323
-366.3173	-143.99035
-366.5015	-136.87392
-366.253	-129.8644
-365.709	-122.933
-366.0242	-116.19395
-366.5529	-109.90707
-365.1525	-103.714
-366.5215	-97.60168
-364.6649	-90.99126
-364.9626	-84.8134
-363.4354	-78.2849
-363.1516	-72.32994
-362.0446	-66.0164
-361.3184	-60.08876
-359.7335	-54.05022
-359.4203	-48.44278
-357.1653	-42.58408
-357.2849	-37.5077
-354.5012	-31.8236
-354.7091	-26.92508
-351.6193	-20.94212
-351.6813	-17.12563
-347.6503	-11.81187
-349.2195	-8.22001999999998
-344.9861	-2.64714000000001
-345.3003	1.67672999999999
-341.6132	7.10065
-341.8791	11.12292
-338.2693	16.5476
-336.6577	21.71667
-334.1292	26.50635
-331.1294	31.9901
-329.3913	36.55002
-325.7484	42.18393
-324.4846	46.16284
-320.5664	51.99207
-319.0105	56.0333
-314.9899	61.73505
-313.3373	65.86163
-308.42	72.11755
-308.5393	74.41162
-302.839	80.2709
-300.0243	85.08932
-295.9999	90.37872
-292.2228	95.28998
-287.9341	100.29163
-284.2122	104.7986
-279.5979	109.83133
-275.6668	114.60583
-271.6098	118.58502
-266.8941	123.98297
-264.2121	126.45312
-258.8242	131.74945
-255.9746	134.86096
-251.0305	139.10843
-247.0578	142.83228
-242.659	147.17017
-238.826	151.3402
-234.0801	145.93222
-232.8882	142.7715
-228.7566	144.56177
-222.7888	147.76544
-217.6155	147.78104
-211.909	153.96844
-213.2332	154.24136
-218.5972	150.49164
-222.1387	150.47906
-227.6717	155.49234
-229.8037	156.41754
-224.9485	159.47815
-221.611	163.99344
-219.6006	160.37167
-216.079	166.11774
-214.3596	161.72064
-210.6048	166.3831
-207.7074	170.62366
-210.9386	173.08044
-205.7251	168.30338
-202.312	158.41324
-202.1384	149.49265
-206.1499	151.3881
-200.481	153.19556
-194.2194	152.39734
-188.125	161.51526
-185.4745	152.7974
-181.8119	151.6168
-175.5536	147.44885
-171.3172	142.54056
-167.93	137.44934
-164.5895	132.11304
-161.871	126.7474
-159.6304	128.41757
-142.8892	123.30695
-131.2991	116.17038
-125.7686	111.21005
-114.9944	118.1851
-118.3147	124.79095
-122.7318	131.3284
-127.7406	137.05185
-133.1532	143.1076
-137.8481	136.40628
-145.9756	144.8276
-147.6895	148.92636
-142.5202	153.25278
-147.9116	159.26016
-149.8709	164.52396
-153.0337	156.33435
-163.0629	154.06085
-169.0436	161.70276
-164.6551	169.57596
-164.7331	170.8834
-158.3844	169.08896
-151.7961	174.4962
-152.6357	180.08414
-154.0112	185.19888
-156.7084	186.79898
-162.1288	185.55206
-168.3865	182.69565
-173.9294	180.10944
-178.6224	177.47647
-175.5317	175.45193
-179.8945	178.06186
-183.5841	174.36795
-185.0509	174.07065
-189.5024	171.77737
-193.8337	169.4039
-197.4834	176.17786
-200.9744	179.43637
-196.3622	182.48056
-191.6227	185.90396
-187.1964	188.29715
-182.0904	191.28894
-177.3561	193.7994
-172.3008	196.63998
-167.4508	198.97324
-162.3327	201.71957
-157.3948	204.01938
-152.2786	206.43494
-147.2339	208.6785
-142.1372	210.90555
-137.0558	213.05276
-131.9708	215.08704
-126.8454	217.10855
-121.7207	218.90594
-116.5471	220.30875
-111.3125	222.30927
-106.354	223.44714
-101.1805	225.4705
-96.3726	226.4244
-91.341	228.03555
-86.7207	228.38998
-81.9521	230.64578
-77.5806	230.47055
-72.7129	232.63248
-68.3125	232.00986
-63.6304	234.29898
-59.7356	233.68735
-55.0593	235.73636
-50.9435	235.10614
-46.3009	236.7562
-41.6734	237.64212
-37.0893	239.32147
-32.5336	235.4796
-31.5177	234.8279
-27.044	239.13202
-27.6088	239.7178
-23.0168	235.77036
-21.3868	231.11172
-22.9942	231.30676
-30.0537	227.1386
-31.9101	222.40582
-32.217	212.8533
-29.392	207.74722
-28.4457	202.6029
-28.7072	197.6955
-29.1729	193.7594
-32.3791	189.28918
-34.6386	185.564
-37.9003	180.60046
-39.1119	175.8731
-41.1985	171.64365
-36.9147	166.3941
-39.1012	170.67435
-43.2013	165.0812
-44.6125	161.02573
-40.5973	159.41202
-45.9374	153.97232
-47.5777	155.2728
-42.0603	149.64615
-42.5292	143.1574
-42.4622	136.9787
-43.4664	143.7315
-47.838	149.1939
-47.6802	147.54355
-51.9493	141.5375
-53.1468	135.81482
-54.2618	131.5531
-44.3781	125.86313
-48.1448	129.9274
-55.2527	123.35577
-55.383	116.90466
-55.0659	118.9443
-49.2269	124.32822
-42.0637	116.91965
-41.6029	110.43155
-40.4945	104.3098
-38.7662	97.4776
-39.2147	90.95752
-40.4014	86.13553
-44.3448	81.68512
-42.2752	87.4789
-28.1445	82.1166
-29.083	78.65118
-31.2669	75.02164
-33.154	71.0097
-33.207	76.86435
-40.8198	72.2336
-42.0616	67.4197
-42.7869	58.61627
-46.0465	53.29672
-45.2994	64.04822
-46.6419	70.341
-47.3218	76.41904
-47.5198	81.9667
-47.7692	87.7398
-49.5587	93.3288
-51.7346	99.0289
-52.7733	105.59857
-48.8436	112.5454
-49.8011	110.62552
-54.6702	104.7531
-54.159	91.43094
-109.0305	104.48376
-115.1915	97.72873
-111.8782	83.17026
-112.3569	85.2791
-106.3953	79.11346
-104.5611	78.33832
-109.6873	73.49872
-107.3077	73.1469
-102.7176	68.5633
-105.0393	67.85278
-100.5736	63.6123
-102.8167	62.93362
-98.3726	58.9565
-100.3782	58.5987
-95.6633	54.88992
-97.8055	54.44083
-92.7557	51.2055
-89.2513	48.0921
-85.832	45.32916
-91.6646	40.6817
-95.9743	46.41876
-96.7562	49.6094
-100.1986	45.33255
-107.004	34.8334
-106.1011	30.25842
-104.2847	40.0694
-105.8189	45.8144
-115.7499	53.44672
-120.6822	59.1415
-124.1634	65.621
-127.4432	72.42062
-130.9293	79.6762
-133.9721	85.73248
-136.8299	91.2554
-140.5545	96.8399
-143.7955	102.61212
-146.6749	100.42252
-150.3276	107.06317
-150.8798	116.1664
-159.9178	121.40292
-162.0616	110.8089
-158.2282	105.1129
-156.942	99.59262
-155.5129	94.18182
-153.2882	89.1368
-150.746	84.4484
-148.1365	79.79166
-145.9615	75.11502
-143.8106	69.91153
-141.5427	63.62015
-138.9313	58.2966
-134.5062	52.93393
-130.6409	47.99802
-126.7209	43.2196
-122.9676	38.63336
-119.4746	34.1032
-115.9688	30.58304
-111.9234	25.4638
-109.5205	20.35355
-106.4995	23.181
-102.7174	17.55402
-102.3397	12.8642
-100.1691	9.35830000000001
-96.4554	3.98701
-94.1892	-1.14069000000001
-91.9962	-7.17525000000001
-92.518	-12.82289
-91.0963	-18.02046
-89.2882	-23.35349
-87.6582	-28.80724
-86.035	-34.43129
-84.4409	-40.00255
-82.7368	-45.75142
-81.1335	-51.49452
-79.6616	-56.82909
-77.44	-62.15175
-75.7462	-67.20164
-73.8486	-71.7513
-70.9703	-76.30739
-68.1679	-80.55064
-65.3155	-84.57814
-62.6219	-88.39491
-59.9617	-92.01805
-57.1708	-99.7441
-55.5747	-104.25398
-54.4158	-108.19334
-51.8133	-116.01997
-52.4329	-119.69862
-48.9166	-111.65706
-49.5004	-104.5826
-49.3923	-95.71837
-54.5469	-91.34338
-52.8824	-87.16383
-53.5745	-83.20009
-52.3407	-78.90904
-52.6163	-74.7419
-51.6362	-70.42319
-52.3631	-65.93764
-52.5534	-61.34169
-52.421	-56.41817
-52.0093	-51.62149
-53.3052	-46.79402
-53.5035	-41.92955
-53.6062	-36.98647
-53.6162	-32.01454
-53.5792	-26.90709
-53.0367	-21.77623
-52.3511	-18.09486
-45.7383	-24.80403
-43.6236	-30.60127
-38.3194	-36.53795
-32.9565	-42.50389
-27.7135	-48.77171
-22.9709	-55.6753
-19.0488	-49.5107
-10.8196	-54.56099
-6.5478	-59.3834
-4.52960000000002	-63.9271
-1.77120000000002	-69.42223
-0.083500000000015	-72.47398
4.78300000000002	-65.84834
4.33069999999998	-63.131
14.1057	-64.00154
18.2002	-67.98671
19.8152	-68.09456
14.7565	-73.30702
15.5266	-79.55104
7.58879999999999	-83.80812
13.9903	-83.87701
21.2279	-86.59601
25.4523	-90.85323
22.2322	-92.86356
16.9857	-90.36948
11.6487	-86.32477
7.72239999999999	-83.8016
3.33839999999998	-86.43887
-1.54320000000001	-76.3131
0.927999999999997	-74.66753
-3.08789999999999	-75.1424
-8.0301	-79.26202
-10.6992	-85.5891
-13.371	-87.88399
-8.25	-91.1822
-11.9101	-95.69475
-6.8227	-91.0982
-4.85590000000002	-90.4735
2.4837	-98.20798
9.9436	-98.12518
16.5104	-100.0711
22.601	-93.48029
30.3965	-96.63141
33.8853	-97.60307
29.4466	-107.27695
32.3943	-111.41028
36.1209	-120.80794
29.073	-137.26878
31.8684	-132.05048
11.2501	-133.16944
6.13200000000001	-138.98218
7.91590000000002	-149.05368
3.18630000000002	-150.55695
8.34210000000002	-161.96128
8.10160000000002	-166.00828
4.49979999999999	-169.08582
8.80700000000002	-165.41268
12.5652	-158.86778
35.1821	-149.65882
27.7334	-145.87818
35.2717	-141.48292
49.803	-137.29456
46.3181	-129.46728
44.7742	-125.12073
42.0528	-120.58517
40.2209	-116.09723
38.0868	-114.63
54.4357	-119.21103
55.7437	-123.84656
54.6277	-128.90845
56.1034	-128.84075
50.8667	-132.77651
49.1575	-133.96203
54.01	-139.14833
56.4591	-144.47123
57.8513	-149.89575
58.9934	-153.28163
54.6533	-159.00378
53.4336	-165.14893
53.4986	-171.08145
51.4296	-176.90405
54.7089	-183.07867
56.9196	-189.4548
56.177	-194.22961
59.7436	-200.71389
60.595	-205.9804
63.4284	-211.52566
62.4443	-215.71873
66.628	-221.87433
66.2658	-225.10339
69.7602	-230.52453
69.7342	-235.21623
70.1674	-234.89831
74.6738	-240.06195
76.0624	-239.70053
71.3576	-244.64587
73.3903	-247.41326
68.974	-250.13836
73.2913	-244.03915
78.9616	-248.40756
77.4175	-252.87188
77.4655	-252.7492
82.1073	-248.57673
81.8368	-244.80181
83.5473	-247.59887
87.1662	-246.13876
92.6564	-246.83847
97.6465	-244.53295
102.1191	-247.63336
106.4283	-250.99847
111.6547	-243.36657
110.4617	-246.04458
116.007	-247.71951
121.4816	-252.42877
116.9777	-254.12591
122.7997	-247.65701
128.5246	-247.69891
135.6078	-247.38413
142.4955	-247.63287
149.3592	-248.64583
155.717	-252.91485
160.1247	-247.06845
162.0414	-245.14627
168.5588	-243.38781
174.7515	-242.56237
181.175	-242.43151
187.8494	-242.70025
194.4784	-243.98133
201.0785	-245.32977
207.8235	-248.42556
219.2767	-249.2489
225.2006	-247.08636
213.611	-261.86169
199.7312	-262.38717
191.6972	-261.20037
181.1911	-261.54547
175.4301	-265.75866
160.7216	-259.35473
160.4789	-256.89569
149.0523	-255.14501
141.3461	-255.02401
133.3075	-276.96966
138.2524	-276.5158
143.8615	-275.63433
149.3578	-274.29391
155.0435	-272.06741
160.2104	-274.57098
165.6058	-276.01769
171.3182	-276.33814
176.9036	-276.95007
182.5724	-277.24441
188.0865	-277.28161
193.3847	-276.68756
198.4576	-276.45011
203.3772	-276.08366
208.3852	-275.60601
213.1989	-274.96725
217.9474	-274.70791
222.9296	-274.53579
227.9309	-274.43659
232.7337	-274.27877
237.7944	-274.55801
242.7978	-274.77752
248.1798	-275.39999
253.7904	-278.21529
258.3736	-270.73733
253.2704	-265.81389
252.6045	-267.74984
257.1225	-263.22067
257.0665	-262.55261
261.4226	-262.85027
271.4089	-261.98037
266.5194	-258.42306
256.88	-255.15269
253.2587	-260.55129
253.0654	-261.99102
249.1434	-257.72912
247.6972	-261.21246
244.1792	-260.33093
238.7327	-250.18817
231.2394	-250.29766
237.1945	-250.94921
243.1675	-250.82324
248.6804	-250.25295
253.9588	-250.73095
258.8892	-249.79609
264.4845	-251.59152
270.374	-253.57644
275.5514	-258.88522
277.9939	-264.73979
275.6387	-264.71759
279.9081	-270.16254
281.7209	-270.35419
275.9219	-270.62757
269.8018	-281.09681
263.2371	-283.27864
268.6482	-284.24754
274.6134	-280.34944
278.3069	-284.49573
282.2009	-280.26603
286.1179	-285.564
289.489	-285.80896
296.0372	-284.75159
302.6904	-281.89986
308.0558	-277.55826
304.0003	-276.57265
309.3784	-275.02457
315.0308	-269.86667
312.2825	-265.00458
308.8017	-270.24274
306.2246	-270.43842
299.7309	-276.7759
297.8237	-278.35616
293.0186	-275.91561
289.0759	-270.71364
288.4664	-272.19838
294.0592	-262.82984
302.6962	-255.57174
305.0222	-252.75154
297.58	-258.23896
299.1399	-262.54494
295.9014	-259.87484
291.2833	-263.74814
286.7818	-258.81894
285.4231	-253.14771
